-0.0336775765229226850538957194203248945996
-0.0738069099740916029217530081041331868619
-0.1323628110111699507367433170657022856176
-0.1773568053622152362880370901621063239872
-0.2091608057525596864323347290337551385164
-0.2311166864756693806182141770477755926549
-0.2457206204105222835387678514962317422032
-0.2547707613918417379750280815642327070236
-0.2592492732169277558362807667435845360160
-0.2604408482308512851055581904802238568664
-0.2587337663665666420698130423261318355799
-0.2547823281565558817263195123814512044191
-0.2491764657212690303733637620098306797445
-0.2422970328720310817516292445361614227295
-0.2344960280973579780372517689102096483111
-0.2260596970074603695444181994389509782195
-0.2172068130612997138850772671503364108503
-0.2080873142537578157629241104586981236935
-0.1987763241028313032643382030073553323746
-0.1892654331050614147091692984758992679417
-0.1794699530764254646886257660298724658787
-0.1692770493050005375934574658458586782217
-0.1586154253374884859351112709191511385143
-0.1474813595646217168066982594609726220369
-0.1359129812410036497460907867207424715161
-0.1239614400944404476456739416789787355810
-0.1116775629868296398905513910904119256884
-0.0991069737225007546532751234735769685358
-0.0862925317029429594928302549305954016745
-0.0732882237701241306959687449307239148766
-0.0601878650814185942041767418686504242942
-0.0471728175344489214504406504602229688317
-0.0345865251442853405272614963905652984977
-0.0230620312896186105411366895623359596357
-0.0137361543508245417116730990869655215647
-0.0078924321651966129059774246456981927622
-0.0052220260502670035052119601459708064795
-0.0045257140380165709198090340237286000047
-0.0050642319111246702698081456617273943266
-0.0063716500700110078117543999098870699527
-0.0080876668430188754926879468598599487450
-0.0100002241474399303222675428060028934851
-0.0121772814688579211067631646869813266676
-0.0150964147773835818261423113995078892913
-0.0193165910795021107670965676561536383815
-0.0246531128683083015917798519467396545224
-0.0305025304464712175567253638064357801341
-0.0364685392139338579453600175384053727612
-0.0423465847345743315321975330789427971467
-0.0480122326198327772917018307907710550353
-0.0533704004295514275457712471961713163182
-0.0583328999168698444921510315452906070277
-0.0628068431575625890639358317457663360983
-0.0666865102570640688739445067767519503832
-0.0698475498868518646089498247420124243945
-0.0721434824374523886447718723502475768328
-0.0734044386228989015341639401412976440042
-0.0734419570096063734077063145377906039357
-0.0720608509715632006287222566243144683540
-0.0690841947519991728121624419145518913865
-0.0643961532480052112337176595247001387179
-0.0580109424540027618366622164103318937123
-0.0501800506786931610481161669667926616967
-0.0415696152053379938684507521884370362386
-0.0335776624804956999592597810533334268257
-0.0293244532415027764349346739436441566795
-0.0342096788709788310334225513997807865962
-0.0455841980054913706310593113357754191384
-0.0608553283900695671237990325153077719733
-0.0799653460121289294537660907735698856413
-0.1034682092698161193222716747186495922506
-0.1304402663415988872230855122325010597706
-0.1586492457803264644056184806686360388994
-0.1860289293128227217088976885861484333873
-0.2112979972855822119459645591632579453290
-0.2338320367073624950204902006589691154659
-0.2534074296806319015473718536668457090855
-0.2699760667139685654802860881318338215351
-0.2836931331763863917139190107263857498765
-0.2943499142492015385741410682385321706533
-0.3014863925430918967229843019595136865973
-0.3055301842296176406676977421739138662815
-0.3060849171777805244332171241694595664740
-0.3029982916793864666793467677052831277251
-0.2959212654605590797629588450945448130369
-0.2843479948755661124160099006985547021031
-0.2679469357147687968989657747442834079266
-0.2468235394165531337851149373818770982325
-0.2213770353639245846988359289753134362400
-0.1904820514987520252425667877105297520757
-0.1487110443962625649927389304139069281518
-0.0892990526431466369317035969288554042578
-0.0223751954234828777379195940966383204795
-0.0198495482805958467498186337252263911068
-0.0689930478388889878438305913732619956136
-0.1187621876336812792862573928687197621912
-0.1592810531035331600424598263998632319272
-0.1910091755864276041876337330904789268970
-0.2161266240240204417055736030306434258819
-0.2364765824615707445754964055595337413251
-0.2533480776493485242539804858097340911627
-0.2676122536855513600606570889794966205955
-0.2798630668183230141288220238493522629142
-0.2905151908848374597837960209290031343699
-0.2998664737559731396920881252299295738339
-0.3081371807650321037463925222255056723952
-0.3154950062700588864217365880904253572226
-0.3220714581821655930760073260898934677243
-0.3279743330827692981976895225670887157321
-0.3333364622658036569013972894026665017009
-0.3380820364794888677195672244124580174685
-0.3424876910329401891175393757293932139874
-0.3464007404228178210736643904965603724122
-0.3500368101614144134003936414956115186214
-0.3533753261586350946643619863607455044985
-0.3564611756175941614799285162007436156273
-0.3593569466031740211597877987514948472381
-0.3620212499805371964001210471906233578920
-0.3644694800339650653242529187991749495268
-0.3665893268698724449805581571126822382212
-0.3682374520883124890957560637616552412510
-0.3693435766043015044957087411603424698114
-0.3699963087994428412308423048671102151275
-0.3703350933617109430606717523914994671941
-0.3704122041101947093721946657751686871052
-0.3701790296460080731399955311644589528441
-0.3695791962165634325643281954398844391108
-0.3686556263188478510528511833399534225464
-0.3675464565684737894279976444522617384791
-0.3663592893879892842257106622128048911691
-0.3650706370511669907052976213890360668302
-0.3638872294977684718197963320562848821282
-0.3627935427486237984773254083847859874368
-0.3618139712263104823541937093978049233556
-0.3607576989031307523880798271420644596219
-0.3597299033862188522014946556737413629889
-0.3588407517253514589228302611445542424917
-0.3580783719444907142737122285325312986970
-0.3574003165509362367480150624032830819488
-0.3568554776006254702913622622872935608029
-0.3563895296400049761409434267989126965404
-0.3558855772760551317013266725552966818213
-0.3553117103204099236357649260753532871604
-0.3548232340225595526916890776192303746939
-0.3544867280835156675422581429302226752043
-0.3541863668591425096110469894483685493469
-0.3539344971546519724725499145279172807932
-0.3536782636341717078742874491581460461020
-0.3533403105855766335174905634630704298615
-0.3529746535851722155641141398518811911345
-0.3526025419842984121032714028842747211456
-0.3522861036119657729415166613762266933918
-0.3520037511992974987862226043944247066975
-0.3516919083358593933752445082063786685467
-0.3514049155226899312509658557246439158916
-0.3511768103675011465369948382431175559759
-0.3510073913878491436157958105468424037099
-0.3508885979114455544447537249652668833733
-0.3508429853179411694874545446509728208184
-0.3508933132085541028999386981013230979443
-0.3510141343220921084089525265881093218923
-0.3511697893387955016208934466703794896603
-0.3513349276903794393689395292312838137150
-0.3515133186792734898418189004587475210428
-0.3517479540519326541847533462714636698365
-0.3520767720175396742199325217370642349124
-0.3524791619483803595258564200776163488626
-0.3529298046120905585354421418742276728153
-0.3534598947180358496922281119623221457005
-0.3540935500000568780798460011283168569207
-0.3547581925594988083716430082859005779028
-0.3554088575175502473513233780977316200733
-0.3560933294729434761549669019586872309446
-0.3568565397219837231901351515261922031641
-0.3577135359030109151845522319490555673838
-0.3586738395834082604451964471081737428904
-0.3597533764402439104834741101512918248773
-0.3609421260756475180464519780798582360148
-0.3622103421325081895609798721125116571784
-0.3635446479724480650652651547716232016683
-0.3649519215425975349198495223390636965632
-0.3664512310587857979449211143219145014882
-0.3680697353804052163184223900316283106804
-0.3698148696771151877626948589750099927187
-0.3716726561537796458267735033587086945772
-0.3736298768675210824063981362996855750680
-0.3756852245462063422110077226534485816956
-0.3778464080565153704327485684189014136791
-0.3801134927216469616695349031942896544933
-0.3824641124662662150512915104627609252930
-0.3848745099213781717395477244281210005283
-0.3873401502118130612650759303505765274167
-0.3898627345684091971556028966006124392152
-0.3924398893413399425078580406989203765988
-0.3950705464982616765823308924154844135046
-0.3977610317877820489407270088122459128499
-0.4005119683616257253433445839618798345327
-0.4033153813820609667750716198497684672475
-0.4061658601969788673358152664150111377239
-0.4090632230203857244710263785236747935414
-0.4120047294842881790977173750434303656220
-0.4149794986663073448340810500667430460453
-0.4179848474066542030058712953177746385336
-0.4210249508102330562309134620591066777706
-0.4240940377382975690068178664660081267357
-0.4271801315581710278834748351073358207941
-0.4302757700778245264494614730210741981864
-0.4333812304220121536246779214707203209400
-0.4364902335513375919440193229092983528972
-0.4396005156594985363582850368402432650328
-0.4426845642773249989154749073350103572011
-0.4457309210025217627304527923115529119968
-0.4487183812870981780562829044356476515532
-0.4516038334098377848846439519547857344151
-0.4543847991527990570759243382781278342009
-0.4570794003504910496538116149167763069272
-0.4596958552449268431416840030578896403313
-0.4622209452576123700495713819691445678473
-0.4646351866816362252698979773413157090545
-0.4669186208586855735269693923328304663301
-0.4690487999871130742057800944166956469417
-0.4710059431808774621508462132624117657542
-0.4727728051480220572422297209413954988122
-0.4743257387191179286212161514413310214877
-0.4756333221399497435122327715362189337611
-0.4766696275884047540039034629444358870387
-0.4774397382884067453368004407820990309119
-0.4779829051009759632862028411182109266520
-0.4783190631868408093652078605373390018940
-0.4784314801414030204895766473782714456320
-0.4782873697752309527508884912094799801707
-0.4778638591514961508899261843907879665494
-0.4771712861180005815775473365647485479712
-0.4762426527780788121368971133051672950387
-0.4751020723895033048833624889084603637457
-0.4736983076836718264956971324863843619823
-0.4719503279737105039259859040612354874611
-0.4699153170719075900407801782421302050352
-0.4677246636654140976574467458704020828009
-0.4654370190164876519567371815355727449059
-0.4630373491496388993482469231821596622467
-0.4604725745817277449134508060524240136147
-0.4577508778368850062001627065910724923015
-0.4549885810515192363645553541573463007808
-0.4522256810690292172516535629256395623088
-0.4493545221611320306109860212018247693777
-0.4462923013885268241907056108175311237574
-0.4431241863808380587741453382477629929781
-0.4399390186769259192267611524584935978055
-0.4366872137123496422361768054543063044548
-0.4333980914679313456439047058665892109275
-0.4301231402086284627550583081756485626101
-0.4269995396579159274708104021556209772825
-0.4240231021908549280396982794627547264099
-0.4210379366762445063621100871387170627713
-0.4178585627562703130877252988284453749657
-0.4144176738450988106698957835760666057467
-0.4108266543558973804550760178244672715664
-0.4072054516638228260916321232798509299755
-0.4036284560390507869520604344870662316680
-0.3999971104541327204806577810813905671239
-0.3962311750479347027820153925858903676271
-0.3923185279800574520869815842161187902093
-0.3883259586935485230263509492942830547690
-0.3841377233001127544653741097135934978724
-0.3797373861299317976403244756511412560940
-0.3752975285103000158137831476778956130147
-0.3706550159777753927770049813261721283197
-0.3657760319359513179193754695006646215916
-0.3606909872608325962062281178077682852745
-0.3554222570731824237810769773204810917377
-0.3498744950943420417566187552438350394368
-0.3440653074841392711213927668723044916987
-0.3379992879059561250443266544607467949390
-0.3316563151025334610366712695395108312368
-0.3250291288894382457641540895565412938595
-0.3181155391212766581077175942482426762581
-0.3109182345902973820805925697641214355826
-0.3034457864460038400977737182984128594398
-0.2957139532995431974171651745564304292202
-0.2877472129851789128807126871834043413401
-0.2795805004144831240608937150682322680950
-0.2712611048034760385938568560959538444877
-0.2628506208471610983146149465028429403901
-0.2544267512439832845672071925946511328220
-0.2460846035127412789744738574881921522319
-0.2379368805244434226242589147659600712359
-0.2301119945452488046999661719382856972516
-0.2227486556592005451093996271083597093821
-0.2159851497231041750346491880918620154262
-0.2099421175223374902429895882960408926010
-0.2047004711715439961849938299565110355616
-0.2002814103865968586859480637940578162670
-0.1966396520157659699723495805301354266703
-0.1936772719227807526554130390650243498385
-0.1912725643545377940402119065765873529017
-0.1893059120436825781830236792302457615733
-0.1876693445214478450644435270078247413039
-0.1862662206724130242729842166227172128856
-0.1850133527086554874330204256693832576275
-0.1838463683229910050620503625395940616727
-0.1827212704601939297077706214622594416142
-0.1816067207530153160277563983981963247061
-0.1804681780228041543256978229692322202027
-0.1792499960208270015638021277482039295137
-0.1778586596313256606993746800071676261723
-0.1761344001289143756938671003808849491179
-0.1737718641536522001800335601728875190020
-0.1701031735756843299434137861680937930942
-0.1634493563531480009309859724453417584300
-0.1487750041482755192223663698314339853823
-0.1075777669211415432659606494780746288598
-0.0026414504256737549731104408579085429665
-0.0911124157212709895325986053649103268981
-0.1397315560775240494972848637189599685371
-0.1565189262173929396482208176166750490665
-0.1637179689426472850577454209997085854411
-0.1673564779113171363533751900831703096628
-0.1694265483549050876899144668641383759677
-0.1707196252081174536741059455380309373140
-0.1715967929891304422085340775083750486374
-0.1722409257955434813691653062051045708358
-0.1727524410249237640790909154020482674241
-0.1731901566134878556191267762187635526061
-0.1735903916719636341792210032508592121303
-0.1739765171497286710966534428735030815005
-0.1743639776214042091950773283315356820822
-0.1747630697103248198498448573445784859359
-0.1751805783276369765655289256756077520549
-0.1756208052985883116825505112501559779048
-0.1760862491307422228459245161502622067928
-0.1765780657702010481013843445907696150243
-0.1770963788366348157232721405307529494166
-0.1776404804097117262617899768883944489062
-0.1782089478291243311858238485001493245363
-0.1787996934050843089725191248362534679472
-0.1794099582374008572394075144984526559711
-0.1800362559778396209786421877652173861861
-0.1806742691245654397480535635622800327837
-0.1813186959330296554870898262379341758788
-0.1819630427343421896768660417365026660264
-0.1825993522594561435656856929199420846999
-0.1832178532489242006597862655326025560498
-0.1838065112892417474199646676424890756607
-0.1843504528719188684249274956528097391129
-0.1848312236083720083712478299275971949100
-0.1852258291471369777703159797965781763196
-0.1855054872456562975457927677780389785767
-0.1856339925253209233169116032513557001948
-0.1855655612813199850652523537064553238451
-0.1852419696761420098152228774779359810054
-0.1845887321047016971231613524651038460433
-0.1835099690751975376468152489906060509384
-0.1818814858397466704964529071730794385076
-0.1795414061024324103854610257258173078299
-0.1762774861259994441109455465266364626586
-0.1718100044236811896336547533792327158153
-0.1657690700873746814103526503458851948380
-0.1576659131975571837003258224285673350096
-0.1468607360929736482813012798942509107292
-0.1325392320562955861262821599666494876146
-0.1137376893936311722521637079807987902313
-0.0895365142852374840121143506621592678130
-0.0597652518343751437690514194400748237967
-0.0271384155423612036250879953058756655082
-0.0026970597042502795354090849855310807470
-0.0078566787907624769521364171964705747087
-0.0367811743657547110530892098267941037193
-0.0689664574808294961183463556153583340347
-0.0973109368312643635556824506238626781851
-0.1206567676690641910397516767261549830437
-0.1394412454484446062252800402347929775715
-0.1543704526217362926754361751591204665601
-0.1660599480308360131886047383886761963367
-0.1749645066049530517382493144395994022489
-0.1813889482626770965900675491866422817111
-0.1855168711913297852067472604176145978272
-0.1874393997314418580657502388930879533291
-0.1871815232606006684790145300212316215038
-0.1847275271769106552710582036525011062622
-0.1800461393738508886208649073523702099919
-0.1731148852470094090527652497257804498076
-0.1639428882593574332560137918335385620594
-0.1525926574028523552417624387089745141566
-0.1392067312443186766213187866014777682722
-0.1240583786196454568750979774449660908431
-0.1076976306964977647684378325720899738371
-0.0913610292805830809248490709251200314611
-0.0772222087569720411215357103174028452486
-0.0663555563275766979725034389048232696950
-0.0556944330229508441365560145186464069411
-0.0435686641130972052149417095279204659164
-0.0338948413218535041235845994833653094247
-0.0300531013201118836486447349898298853077
-0.0302179244414526176898405651627399493009
-0.0311923936553105372870842160182291991077
-0.0342406862929879179935355182351486291736
-0.0402257496208744610988183865174505626783
-0.0468538872184270094312097398869809694588
-0.0523480513332239480450702728830947307870
-0.0558026196393919191041099736594333080575
-0.0566052309174338921793356860234780469909
-0.0542727908432495825818975276888522785157
-0.0484545388923744019260553272943070624024
-0.0391201719704828212997860248378856340423
-0.0269524375212146782843092296388931572437
-0.0140145204074157963408664429039163223933
-0.0044463354079644834201956449248882563552
-0.0028602833270256009662313445574000070337
-0.0091960990351732385672534064724459312856
-0.0198697993628267448318336363399794208817
-0.0318553949195765698232385432220326038077
-0.0434770541893017836709844914366840384901
-0.0539889957325491096074010499705764232203
-0.0631555252056051619202747815506882034242
-0.0709868006333373297023214831824589055032
-0.0775955267426597095070661680438206531107
-0.0831260993775300577324216533270373474807
-0.0877224908395737162924987728729320224375
-0.0915154453915691945553589903283864259720
-0.0946187449545685121954363694385392591357
-0.0971294395645615205037159967105253599584
-0.0991296001442024399263885925392969511449
-0.1006884732618916478141812831381685100496
-0.1018645612622953444681428436524583958089
-0.1027074536331245152576130408306198660284
-0.1032593676077351169118045959294249769300
-0.1035564163897979422790385228836385067552
-0.1036296414647563390865059318457497283816
-0.1035058481187000195555825143856054637581
-0.1032082816988574985872517686402716208249
-0.1027571749125830297133532553743862081319
-0.1021701915138403110594467193550372030586
-0.1014627868384536529822170791703683789819
-0.1006484999147710529543431334786873776466
-0.0997391905215185281541323547571664676070
-0.0987452276029785191990839621212217025459
-0.0976756362117295745539635731802263762802
-0.0965382037388060193494609961817332077771
-0.0953395448536923789673025453339505475014
-0.0940851186922680438051713736058445647359
-0.0927791861850051774451841879454150330275
-0.0914246843861329788749614522203046362847
-0.0900229765193987646609841135614260565490
-0.0885734031809147365210677094182756263763
-0.0870724967034387786757321237018913961947
-0.0855125940497284409147482620028313249350
-0.0838793190243162511965380190304131247103
-0.0821468053549190835305182645242894068360
-0.0802680964296116350453758059302344918251
-0.0781543830990479304610119015706004574895
-0.0756257909998993838041059234456042759120
-0.0722805133940577493323331736974068917334
-0.0670931001759872969181230928370496258140
-0.0569605520010488669546688811351486947387
-0.0313360266598834216744684511013474548236
-0.0028850059573963782698358127021265318035
-0.0419855805621204697386517068480316083878
-0.0570809852802148312567176446918892906979
-0.0616760026092698435129513256924838060513
-0.0629140462949554224447723527191556058824
-0.0628672102089805340252581800086773000658
-0.0622473438280232577168860075289558153600
-0.0613423077277991946054669369914336130023
-0.0602843870871930601063048982268810505047
-0.0591407523301628254563944153687771176919
-0.0579483419437476846014511977500660577789
-0.0567288516739014800349671929780015489087
-0.0554957666472475422136945155671128304675
-0.0542579151329190545460789962817216292024
-0.0530214106452448347139849715858872514218
-0.0517908381816874971437236752080934820697
-0.0505700508452648495039127851669036317617
-0.0493626539029331373731324106302054133266
-0.0481721674486951800808753887395141646266
-0.0470019384757270480834634440725494641811
-0.0458549607079569015999354064661019947380
-0.0447337545622855797811112665840482804924
-0.0436403851081270111045284920692211017013
-0.0425766199347305668299057401782192755491
-0.0415441853650305448208968073231517337263
-0.0405450662570778566640150586408708477393
-0.0395817987849918992426800912198814330623
-0.0386577188355194736879560934994515264407
-0.0377771465261547423342136653445777483284
-0.0369455041463832567494307568267686292529
-0.0361693735239903071954081781314016552642
-0.0354564962289168408848816227418865310028
-0.0348157114962928393442354035869357176125
-0.0342568233896162407936536453689768677577
-0.0337903973062312137920493171350244665518
-0.0334275019927580616108109268225234700367
-0.0331794248238364286596180363630992360413
-0.0330573858398136785630150313863850897178
-0.0330722605966741120542273790761100826785
-0.0332343036939398012163948692432313691825
-0.0335528568547413391653932990266184788197
-0.0340360338564486483714510711706680012867
-0.0346903946123943013324364414984302129596
-0.0355206401854779724169830501523392740637
