-0.0000099637946434238954684535147232615770
-0.0004681437556083034318837876597285685421
-0.0010742765747048244051597976067569106817
-0.0014663723886545443862716719962691058754
-0.0017012901865618768916521563738797340193
-0.0018489240879344958929514364243118507147
-0.0019490821497789500779673765862298751017
-0.0020207105386647393301113861951989747467
-0.0020756475903523541499950955113718009670
-0.0021198965296952321409051922529442890664
-0.0021577593051683662504769412038285736344
-0.0021909564601619922578901178411570072058
-0.0022213015459695297469655539401856003678
-0.0022498158658654609891314191116862275521
-0.0022769424074693387673173905483281487250
-0.0023027743139262513670517673602944341837
-0.0023283891651465437287737980653901104233
-0.0023529411986623551163166911948110282538
-0.0023765358213022123694269094329456493142
-0.0023984072126522993848030118613223748980
-0.0024185749635299625716344795733903083601
-0.0024354621712027947795509152939530395088
-0.0024474399390715505936411133802721451502
-0.0024535321691037861174811141040663642343
-0.0024502448455999935317262128364745876752
-0.0024345945012912762785151077338241520920
-0.0024024384996916281487244759773602709174
-0.0023492093622099739259889705778050483787
-0.0022675387026019431374601609263663704041
-0.0021485957007053068171242848904967104318
-0.0019874940640372497011045815895613486646
-0.0017770908434690112654569249528435648244
-0.0015129490568332149783709050794300310372
-0.0012071244916240187958211826924070919631
-0.0008703585949165115655951074913332377037
-0.0005378145387028010742519468223576950550
-0.0002632755816891285487700569145630424828
-0.0000885549777129357516651519954820059866
-0.0000507210015195758175793848410162212303
-0.0001680789213311695317384225623058568999
-0.0004130041340007006909866571486844577521
-0.0007645036995722232116279304392492122133
-0.0011716453708667006524540843415138624550
-0.0016107763769361892539078162656096537830
-0.0020562833164002335996356496394810164929
-0.0024823255899160145444837244355085204006
-0.0028840886419773735342697573713621750358
-0.0032477394442354400212746856624335123342
-0.0035621779831544841780910370943047382752
-0.0038221799751780483229979257231434530695
-0.0040213282954779929964650442286711040651
-0.0041475640480898622389216434669378941180
-0.0041965670492282499542957552307598234620
-0.0041606699483725086488594691047637752490
-0.0040288525764665883074910901484599889955
-0.0038021370227514107026367540242972609121
-0.0034750457349476595453330318719054048415
-0.0030542892783926968783281274966157070594
-0.0025491151260368981670834109820589219453
-0.0019886476021440933382999904921462075436
-0.0014128262680082714474599780984931385319
-0.0008687930066082972168847731175844728568
-0.0004318180626529621824946647556942025403
-0.0001709735898012376795369882120922966351
-0.0001549453404705070135374822548612883111
-0.0004354753839246994326535322716864584436
-0.0010292523131565567071077360594699712237
-0.0019139388296211224619464141838420800923
-0.0030386749416099223010390151245019296766
-0.0043248123723912930763124684574449929642
-0.0057067986313576969312211240037413517712
-0.0071238525341747530039704372484266059473
-0.0085253746826984225931633787354257947300
-0.0098762841606380782910612481373391347006
-0.0111514341917057623748688044429400179069
-0.0123346805111146512468067726331355515867
-0.0134090957111573268190074514905063551851
-0.0143632946442680924092893945953619549982
-0.0151879643055338169749246546302856586408
-0.0158686589498637752038145976030136807822
-0.0163918833478216424692774921823001932353
-0.0167344393613574893286966016603400930762
-0.0168728161441343976756357392332574818283
-0.0167651928782150856644950209783928585239
-0.0163690198165847150546525767822458874434
-0.0156227148908392749621087958189491473604
-0.0144550778101988179613623941577316145413
-0.0127965794588474016807433386588854773436
-0.0105755698921952377700161918028243235312
-0.0078034712468686316319543827546567626996
-0.0046607324408264004522717272038789815269
-0.0017096029089015219240565990332925139228
-0.0000878773766970586362812581371350972859
-0.0011560019658247932226868837091160457931
-0.0048870434247968727939359645517924946034
-0.0099403810477726884525795369995648798067
-0.0151497920015452296887970007333024113905
-0.0199066860326115938062407906272710533813
-0.0240149439968898939512520485095592448488
-0.0274829545253255161374461579271155642346
-0.0303931735580926683237823482386374962516
-0.0328481340800408846969382636871159775183
-0.0349402909961044894071591215833905152977
-0.0367448937342814765938392440602910937741
-0.0383228982356540875953143654442101251334
-0.0397218454546362509383072847413131967187
-0.0409771361250802421127836794312315760180
-0.0421176324891281428364209205028600990772
-0.0431642351597888232483946069351077312604
-0.0441341331704761599685760131706047104672
-0.0450399336694079222009889917899272404611
-0.0458918906255713007769081457354332087561
-0.0466982307730598386608100724970427108929
-0.0474654040707442048674380430384189821780
-0.0481984183608337862780857108191412407905
-0.0489015419599587719545752406702376902103
-0.0495778504826473731537106459654751233757
-0.0502303405217329468346321164062828756869
-0.0508610941592430240709710176361113553867
-0.0514718904675338928544903183137648738921
-0.0520643123801037069342534380211873212829
-0.0526394249678626760524657868245412828401
-0.0531981921461723433752766254656307864934
-0.0537414849194078336758195746369892731309
-0.0542699031355333982862276798186940141022
-0.0547838830618735186939183279264398152009
-0.0552838574463089330035536761442926945165
-0.0557700312896011671237594953254301799461
-0.0562426280004215614627405273040494648740
-0.0567017633246900826238245940658089239150
-0.0571473969631425479653863419571280246601
-0.0575795147059234915798420217925013275817
-0.0579980346890651352054213418796280166134
-0.0584026007506517341738572213216684758663
-0.0587931516232976653091313323784561362118
-0.0591693072533611280627852124780474696308
-0.0595308094793185541004909566709102364257
-0.0598770078372560521362544250223436392844
-0.0602073983369782114727364330519776558504
-0.0605214183646905559688100595394644187763
-0.0608184168460716365056661913968127919361
-0.0610971452623626024025504932524199830368
-0.0613571293162990041847315580980648519471
-0.0615967564689658755860968142314959550276
-0.0618148307811768674135954881876386934891
-0.0620095590283668771092173699344130000100
-0.0621789127590185938809774768287752522156
-0.0623203981810009979835918159096763702109
-0.0624311640350286994882722524380369577557
-0.0625069254027567633436035521299345418811
-0.0625425186787004483424112777356640435755
-0.0625317842371838628068303478357847779989
-0.0624664597725659367921657860733830602840
-0.0623341229979437472241698969810386188328
-0.0621194016350533131931577202067273901775
-0.0617988689901546386917807751615328015760
-0.0613402363113849380393816090872860513628
-0.0606893671453557839723380595842172624543
-0.0597699854535726979309906425896770088002
-0.0584499183744940017937175014139938866720
-0.0565067235631449976684947955618554260582
-0.0535372083152668015726405315035663079470
-0.0487739505188194838458670687941776122898
-0.0407449553087193133693588720234401989728
-0.0268979971970691421334631598938358365558
-0.0067528403412809275344064197099669399904
-0.0040844460166214943686036065173539100215
-0.0253212555971560060452674179032328538597
-0.0407910453675050799215995311897131614387
-0.0493606060985254044282122265485668322071
-0.0540722256664643921575397200740553671494
-0.0567488680837626990882682775918510742486
-0.0583032491503213262662441707107063848525
-0.0591973808971815174118091817945241928101
-0.0596777516646180283821365719632012769580
-0.0598845756199206241676691320208192337304
-0.0598990925530674886423376790389738744125
-0.0597722937635072337769770456361584365368
-0.0595336698243803114083405603196297306567
-0.0592058739364848887754000372751761460677
-0.0588021310519065629196511224563437281176
-0.0583318024198053175499723010943853296340
-0.0578032656091193239311643026212550466880
-0.0572191549616728675764498746048047905788
-0.0565843181352066806888423400323517853394
-0.0559001127704773712046026901134609943256
-0.0551693104246177429272890435640874784440
-0.0543934082316566216985798121186235221103
-0.0535731268205975816321107174644566839561
-0.0527102997805915379769814421706541907042
-0.0518046367213305519738852922273508738726
-0.0508585388098716575933089245609153294936
-0.0498713598725380596876632921521377284080
-0.0488446662037616413654106395370035897940
-0.0477792306932016408449470645791734568775
-0.0466766909103875984876630411690712207928
-0.0455382783372158400636564579144760500640
-0.0443655823089470491282781949848867952824
-0.0431614864355444119436988614779693307355
-0.0419277320214137827480982423367095179856
-0.0406667492399696711702361540119454730302
-0.0393826378723720060825996824860339984298
-0.0380793643377175458630823356998007511720
-0.0367604733758455232139894519605149980634
-0.0354335975058563124040489356048055924475
-0.0341055492609137617110448559287760872394
-0.0327851169963657915196186820594448363408
-0.0314800199066027977523596348419232526794
-0.0302030816953715759709542254540792782791
-0.0289693862574618606064991155335519579239
-0.0277922889025458766387721709634206490591
-0.0266956798635513796458251789545101928525
-0.0257059113220137469557613485449110157788
-0.0248543740459657575003760143772524315864
-0.0241680153219652991969379485226454562508
-0.0236978119931478894977239235686283791438
-0.0235002616281992093849595448773470707238
-0.0236383663198107864256147792048068367876
-0.0241748561178464251020248099166565225460
-0.0251991518358788552101046320785826537758
-0.0267914752071027363611310789792696596123
-0.0290053681386709498457587841357963043265
-0.0318164874648075718388540167325118090957
-0.0350746133205311477754051452393468935043
-0.0383381943939159683387707389101706212386
-0.0408821858241710522907652602953021414578
-0.0416298668477465480530774755152378929779
-0.0397616176452136801944270416697690961882
-0.0353011543608045263997752272189245559275
-0.0292658221206883589760039399152447003871
-0.0227657312259314549562905227730880142190
-0.0168115970162416202005051246715083834715
-0.0118551355410594916328648196213180199265
-0.0079953737760836939008068924295002943836
-0.0051898647259165887543619355426471884130
-0.0033156802375553739124780516789314788184
-0.0022595112337895485558891817134963275748
-0.0019197506542863451706182331690797582269
-0.0022254919193469137154994808014407681185
-0.0031705583681436899819161556735025442322
-0.0045105456575012725303763794215683446964
-0.0064251517037669288873180661880724073853
-0.0088476309987312370258782934229202510323
-0.0117488123174857312519536733930181071628
-0.0151424004238556401263915418553551717196
-0.0190004196034704100903844903314166003838
-0.0232885960649283421664001991757686482742
-0.0278476517775926961373311740999270114116
-0.0324238263437521406773456078553863335401
-0.0365064304068602463182457995571894571185
-0.0393269881380947372573331222156411968172
-0.0401845439864306833155360720866156043485
-0.0390155912846470304122803440805000718683
-0.0365303091756902370557114068105875048786
-0.0339936490254159270896217037716269260272
-0.0321291995142668901364046973867516499013
-0.0310853706798006577949333717469926341437
-0.0307080834105576440384854919329882250167
-0.0308853073343953975216091833999598748051
-0.0314935157200373419539296548919082852080
-0.0324490770991206350926105983489833306521
-0.0336734498648589217206783530400571180508
-0.0351048217297924153301735827881202567369
-0.0366898514039272413689296570282749598846
-0.0383936316335095964569212867445457959548
-0.0401726221900185892499379747277998831123
-0.0419961643572820952918789316754555329680
-0.0438485051427355207454006347234098939225
-0.0457114840413526957174639164804830215871
-0.0475639351379003871844730610973783768713
-0.0494033378939861267387101406711735762656
-0.0512153019432071143768325782730244100094
-0.0529921386675172301217173753684619441628
-0.0547293177593196691899102290790324332193
-0.0564207433904462471452312399833317613229
-0.0580661052019684487124351335296523757279
-0.0596594051510407827332294061761785997078
-0.0611991263243992986153863000708952313289
-0.0626846789675503529570832483841513749212
-0.0641152753727516899751037726673530414701
-0.0654870360886937036282162694078579079360
-0.0668017387586870431404051373647234868258
-0.0680570593982464250304431629956525284797
-0.0692549069876921968846872346148302312940
-0.0703918118551950522387983255612198263407
-0.0714690917355496613261323091137455776334
-0.0724852006189471292918469202959386166185
-0.0734414604766384510048382594504801090807
-0.0743355265631545636395571818866301327944
-0.0751667171299939124162747816626506391913
-0.0759330965749906994233242585323750972748
-0.0766326351896188112666763458946661558002
-0.0772640168247408776203144498140318319201
-0.0778207074692740113919242617157578933984
-0.0783026130798801095478367528812668751925
-0.0786972913744334312546868659410392865539
-0.0790022630732374747664081837683625053614
-0.0791997238248949436689727576776931528002
-0.0792799479843488558161723744888149667531
-0.0792152046249442465253309819672722369432
-0.0789811823136295498848369334154995158315
-0.0785301550364756323352466438336705323309
-0.0778039714200440407632086703415552619845
-0.0767120829636750989344307072315132245421
-0.0751208359163492850330001715519756544381
-0.0728228065007824609811137861470342613757
-0.0695076671212657981602234258389216847718
-0.0646843706292781622790855067250959109515
-0.0575964692256777169299120089362986618653
-0.0471745148723361901188511069449305068702
-0.0323021175029476192985811167091014795005
-0.0137100882077844637291219598296265758108
-0.0004541024074807276100784747541183605790
-0.0080534400946384483710449586624235962518
-0.0245123645295098682717060967206634813920
-0.0388428568207854346683305379883677233011
-0.0494097806000026520956147635388333583251
-0.0569327892927640882847484249396075028926
-0.0622983327165586922569140426730882609263
-0.0661782971560400806732005207777547184378
-0.0690244860024215450833295903976249974221
-0.0711354957383395769543454889571876265109
-0.0727143567182681610505667890720360446721
-0.0738961191024881669520141258544754236937
-0.0747737335354437121504034280405903700739
-0.0754163846285423600246389241874567233026
-0.0758716680361178202884886445644951891154
-0.0761734920897882139545487234499887563288
-0.0763493182241059969994623202182992827147
-0.0764189028106830869901955338718835264444
-0.0763971855138064620538429494445153977722
-0.0762949609725424721107245318307832349092
-0.0761228117309036417248435668625461403280
-0.0758849296324507205380172081277123652399
-0.0755885273349724273739269619909464381635
-0.0752354185798060765000272454017249401659
-0.0748303484220778775126703408204775769264
-0.0743735474867074919380627306964015588164
-0.0738656735794731983402172659225470852107
-0.0733062436175890841383306906209327280521
-0.0726950196162554074241768375941319391131
-0.0720294711212009775014308843310573138297
-0.0713069040616242655339362954691750928760
-0.0705229241210915819282334382478438783437
-0.0696726960294309222154751637390290852636
-0.0687501996301814188861101229122141376138
-0.0677453471373154619827872124915302265435
-0.0666486698526413123833123108852305449545
-0.0654482326580329981657868643196707125753
-0.0641262206134079887354104698715673293918
-0.0626642837422177606532258664628898259252
-0.0610367682090875163236631806285004131496
-0.0592150582232062114296233801269409013912
-0.0571607067819853015278042107638611923903
-0.0548278403263919508758839072015689453110
-0.0521616045489626048436981875511264661327
-0.0490955245216192215362838169312453828752
-0.0455503479906911035168803891792776994407
-0.0414400146085962886588482945171563187614
-0.0366771535405949339336828529667400289327
-0.0311938808825092117604782515627448447049
-0.0249848359929629310061116598262742627412
-0.0181871407247426487840957776143113733269
-0.0112268380441081089271548876240558456630
-0.0049949801857129515203492786667993641458
-0.0009634623571369283195203747638402091980
-0.0005588510801313773023249464877437731047
-0.0032668208553249299466725297236280312063
-0.0073578546794515961582128227291832445189
-0.0116465561846808875190451004755232133903
-0.0155512460998857363070335679822164820507
-0.0188465588922769149149427647671473096125
-0.0214810526503679544152447533633676357567
-0.0234848045315441400493483570244279690087
-0.0249119952022282993564505915173867833801
-0.0258278228267043823140891589673628914170
-0.0262841644330679552465923620729881804436
-0.0263321044419210989473434381125116487965
-0.0260103734045086035231442167514614993706
-0.0253508726477031792745364668917318340391
-0.0243781718329474025863667918656574329361
-0.0231124945906494363989658324953779811040
-0.0215732683048175284679093266504423809238
-0.0197793305260744629869851252124135498889
-0.0177528374188780369014040161346201784909
-0.0155263008518667054713713326918878010474
-0.0131455162484337573919335184768897306640
-0.0106760469150132663446184366762281570118
-0.0082125214800051454105966897145663097035
-0.0058807624455279941533270005038502858952
-0.0038416829220642200251600861804490705254
-0.0022749897998674060810297969936755180242
-0.0013385944660116466144172964192193830968
-0.0010908635568584389933383116400023027381
-0.0014409093507698079311696304216638964135
-0.0022003026247332103763898469850346373278
-0.0031668522922001750286025156810865155421
-0.0041638339520488473408099672212756559020
-0.0050505036391743640677987059461884200573
-0.0057161347276310590231895858437383139972
-0.0060781578161968208978693795074832451064
-0.0060780889519381807797882011357160081388
-0.0056821037498416999966810436717423726805
-0.0048923426299437109548984281559569353703
-0.0037667991808468738630655270327451944468
-0.0024617063766306703648245601812050153967
-0.0012769320040075847824678767494788189651
-0.0006678965921664014888242677514540446282
-0.0010754179260257345617651791869207045238
-0.0025787922808295071080975091604159388226
-0.0048849800487488284628234680440073134378
-0.0076166851613309223545389414766759728082
-0.0104746997916973800385465054318956390489
-0.0132724016043566962752553450854975380935
-0.0159129553028257812730128506473192828707
-0.0183564659647040551160301902200444601476
-0.0205960075190585352455929779580401373096
-0.0226406067055270679433398584023962030187
-0.0245064549947542065222449991779285483062
-0.0262117659206136492666683324159748735838
-0.0277746368671631764513119122739226440899
-0.0292118259833542733006073177648431737907
-0.0305375917101553123744750450896390248090
-0.0317651290102498387590834738603007281199
-0.0329056979926175691142375967501720879227
-0.0339686799022655555591043707863718736917
-0.0349620341637269863022119409379229182377
-0.0358920833556633719907402735316281905398
-0.0367651170254433279360739561525406315923
-0.0375851412318377389731871573985699797049
-0.0383560459084853200284470631231670267880
-0.0390805602360609627421439427052973769605
-0.0397606013027791485581197150622756453231
-0.0403972027636851638288106869367766194046
-0.0409904889901802418905596425702242413536
-0.0415402173760913151490115069464081898332
-0.0420445535278051868433024651494633872062
-0.0425006270984633546805575576854607788846
-0.0429047735672292984698827922329655848444
-0.0432510814614114474929706943839846644551
-0.0435326561604087308721133808830927591771
-0.0437395363525298619400416555436095222831
-0.0438595553314589936544365400550304912031
-0.0438768548654277432130577096813794923946
-0.0437711216480662565486703385886357864365
-0.0435160803918921076927084357066632946953
-0.0430775275653397099473451703488535713404
-0.0424115408774767554955786863501998595893
-0.0414590769004026041266719460054446244612
-0.0401405326424616182290350252515054307878
-0.0383435680557180635918967936959234066308
-0.0359026332161212491378421418630750849843
-0.0325553468992577157981038737943890737370
-0.0278415017102827400119480216744705103338
-0.0208312286548365012406325291749453754164
-0.0094893098943248377352688294195104390383
-0.0009484936730113546678871960793344442209
-0.0156232468622735549967917023650443297811
-0.0264125844414147166461237503654047031887
-0.0337878316166110304052949686592910438776
-0.0393102355440122230856303531254525296390
-0.0436923817251704954545132864041079301387
-0.0473092438779514137814352636723924661055
-0.0503822790151857921592259970111626898870
-0.0530550981202474042364158890450198668987
-0.0554258373039253279812577090979175409302
-0.0575644533684071535439841227344004437327
-0.0595231815430257507615330325734248617664
-0.0613413963484700161532536810682358918712
-0.0630491260859325636234373746447090525180
-0.0646698796320438751283887768295244313776
-0.0662219872627267253095695309639268089086
-0.0677195512485328637852788347117893863469
-0.0691740660870700935225485750379448290914
-0.0705938004734877611046073297984548844397
-0.0719853661103892067396614606877847108990
-0.0733530524197228972482776043761987239122
-0.0746997442134406941516289180071908049285
-0.0760266167642016793548620512410707306117
-0.0773336062029164744702214306926180142909
-0.0786191086630326774198351813538465648890
-0.0798803972554685548512765080886310897768
-0.0811135254411558259679537741249077953398
-0.0823138271553276040792823664560273755342
-0.0834758533530198243433062543772393837571
-0.0845940325490153050003172552351315971464
-0.0856628520249039099310195410907908808440
-0.0866775043498247410589385708590270951390
-0.0876345279214947869839136274094926193357
-0.0885322049345741712844670701088034547865
-0.0893710691372237991947358182187599595636
-0.0901539395618681099753288776810222771019
-0.0908864299307496764646074893789773341268
-0.0915761478660589711697781467591994442046
-0.0922329681094033460020398251799633726478
-0.0928679774459721801838085752933693584055
-0.0934935142175153388599539994174847379327
-0.0941221703090965866600470235425746068358
-0.0947668026438116817278256576173589564860
-0.0954402923450649309788929031128645874560
