-0.0000070857261230927727458598491816488263
-0.0006774352292272101247125326572984249651
-0.0013933128010497519873311933480408697505
-0.0017581516535005504466016024167629439034
-0.0019254571338213821371510015012518124422
-0.0019954820774971317870472020672423241194
-0.0020149290525172079691085258446037187241
-0.0020056180235316490960417734612519780057
-0.0019788381180772850534421714030486327829
-0.0019405610387813576177967744840202612977
-0.0018944704477504193014525402105618923088
-0.0018428344791483564166917341609064351360
-0.0017871870845785021650331536591238545952
-0.0017287027244799269345976178158252878347
-0.0016683130688450354024709998412845379789
-0.0016068028494332930750793098084727716923
-0.0015448576011116233255848761984907469014
-0.0014832392101383506423373237481655451120
-0.0014225596392085204221905625487920588057
-0.0013634831463587759794314768768686008116
-0.0013066365060254525685273785384765687922
-0.0012526660777261021829237508384835564357
-0.0012021049119231197628565599444527833839
-0.0011554439789551573108949966695035982411
-0.0011129409523323175856129862992816015321
-0.0010746658275640863077632358724144978623
-0.0010402075740811155685205946497262630146
-0.0010086441635593968758899396931383307674
-0.0009782257855015430349915339647282053193
-0.0009462209328288562638215042355227524240
-0.0009083085694367021420067564996259079635
-0.0008590647760155278650148757968452173372
-0.0007920254601388810114515059979112265864
-0.0007009307911168449929661949937553799828
-0.0005819179101693517167093183672932354966
-0.0004385592265946791504585555721007494867
-0.0002856155311102592559042989694972902726
-0.0001516016827013699785637462769116723393
-0.0000708700403032969046589542583269860643
-0.0000734290341078969177601720730308443308
-0.0001743987117604528557304743863198837062
-0.0003737001617176516159689325657922154278
-0.0006590974359399770238915339248819691420
-0.0010149343505480312461336511731246901036
-0.0014230349511472485234814255861124365765
-0.0018678017177628692020718847999205536325
-0.0023342290949016496377776963555561451358
-0.0028083649900931995264941054557539246161
-0.0032776091968316368313596242956009518821
-0.0037287322005584312006876146483591583092
-0.0041479531999303606917828268763059895718
-0.0045207877113147111949875700531720212894
-0.0048312716784210119058684540505055338144
-0.0050623750287060722760634767780629772460
-0.0051945787600615189738562094134977087379
-0.0052079514429301636269098452203252236359
-0.0050819075092217898259594477394784917124
-0.0047984039544100506868851141462073428556
-0.0043451612033633853215963682714573224075
-0.0037221192746574338107434787303873235942
-0.0029511321609687769101926235748578619678
-0.0020863892812055316421104844692990809563
-0.0012237415863644862407816349403333333612
-0.0005043106265385576903251263480854049703
-0.0001006516824696057670540313977447510752
-0.0001786379410270200239832516508897697349
-0.0008355440751444142589987595926004360081
-0.0020556626515138899137513650572373080649
-0.0037202636956555723383999190190252193133
-0.0056693291985873738372814223396289889934
-0.0077530178956906259032932915431501896819
-0.0098572733991509117051910138229686708655
-0.0119055355321605032398180057384706742596
-0.0138533957043400369341101807663108047564
-0.0156779762192180635582694492313748924062
-0.0173698293721693888813639716772740939632
-0.0189274979478656797671209943700887379237
-0.0203521596880312030664050837458489695564
-0.0216450314139785722489239816468398203142
-0.0228057082520848192208617888354638125747
-0.0238293996252043303873957569294361746870
-0.0247051760319612484506635041725530754775
-0.0254143673602821515422611753365345066413
-0.0259251030418900622886990703364062937908
-0.0261873135200544199241434739633405115455
-0.0261224660534314506721287330037739593536
-0.0256072815039314789775648506520155933686
-0.0244484646041173980801630705173010937870
-0.0223459903326610823115494497415056684986
-0.0188633140810514424168253810876194620505
-0.0135089292734511673410580101517552975565
-0.0063747533302124280776834730488644709112
-0.0004313570271902444647899033114413214207
-0.0028816101572115425562270463188951907796
-0.0124755884114891232861133119058649754152
-0.0221307875544277075918753183714215992950
-0.0294717220315299337218828412687798845582
-0.0347028366249433894985543247457826510072
-0.0384706474287434888048586856257315957919
-0.0412891819665960890795020077348453924060
-0.0434948799775547664814290271806385135278
-0.0452980269165701998623774215957382693887
-0.0468300758459226640351147352703264914453
-0.0481745277086828502244308936042216373608
-0.0493856537216682822677427111557335592806
-0.0504995764876843694635155657124414574355
-0.0515408920847431686884654311597842024639
-0.0525267582987971673458282850788236828521
-0.0534693351536009234270530043886537896469
-0.0543774327786014852192941759767563780770
-0.0552575356412230225822135309954319382086
-0.0561144786909414869380263723996904445812
-0.0569519083926337335577194664892886066809
-0.0577726129323957587891058551576861646026
-0.0585787417183084996308295444578106980771
-0.0593719582491497449572293021446967031807
-0.0601535526945268655962806292336608748883
-0.0609245350204998259435740237677237018943
-0.0616856835401762490511679004612233256921
-0.0624376066127266537986173489116481505334
-0.0631807831442543627042951470684783998877
-0.0639155968350948872069849926447204779834
-0.0646423895647862817304130089723912533373
-0.0653614964281712534921453539027424994856
-0.0660732819346508959412744843575637787580
-0.0667781545073810461898844437200750689954
-0.0674765568142414451369148764570127241313
-0.0681689345900672039046952477292506955564
-0.0688556901140014998574656601704191416502
-0.0695371323773963934122832597495289519429
-0.0702134377047946706129621929903805721551
-0.0708846196455482080445165138371521607041
-0.0715505231509029615555306236274191178381
-0.0722108264501602342688713065399497281760
-0.0728650604103378979337080068034993018955
-0.0735126301838528173338005444747977890074
-0.0741528424429512000859432419019867666066
-0.0747849294653616103456528207971132360399
-0.0754080716940021683614148173546709585935
-0.0760214168973452480981833900841593276709
-0.0766240938288066109063123576561338268220
-0.0772152226170036426466936063661705702543
-0.0777939217725180653939531794094364158809
-0.0783593109396957948620254796878725755960
-0.0789105119759446749228004591714125126600
-0.0794466490661383945015572294323646929115
-0.0799668461954629455901155665742408018559
-0.0804702243888554547002200934002758003771
-0.0809559004566937356894840149834635667503
-0.0814229824333933260849249791135662235320
-0.0818705686346723054969132249425456393510
-0.0822977460213627914908940397253900300711
-0.0827035880249750998682856106825056485832
-0.0830871549763492756035532238456653431058
-0.0834474924847943139161188241814670618623
-0.0837836337568702987921298586115881334990
-0.0840945990751881394809075231933093164116
-0.0843793967368175884535830277854984160513
-0.0846370258221652016494829240400576964021
-0.0848664761216015861577943724114447832108
-0.0850667312265883379662767538320622406900
-0.0852367703375306040580738908829516731203
-0.0853755694899908795791887428094923961908
-0.0854821044868381701986592702269263099879
-0.0855553521800985761203151014342438429594
-0.0855942938262084507261562293933820910752
-0.0855979156638026900116855699707230087370
-0.0855652134691505805719202726322691887617
-0.0854951928543776218383243303833296522498
-0.0853868730835565664660791185269772540778
-0.0852392891690303966534258961473824456334
-0.0850514957327211940096844955405686050653
-0.0848225690350354749602601600599882658571
-0.0845516119875619892587437220754509326071
-0.0842377549419999621660437583159364294261
-0.0838801636696534791415302834138856269419
-0.0834780419360724723620847953498014248908
-0.0830306344769311394093946887551282998174
-0.0825372364537370201142962855556106660515
-0.0819971943934732078185234627198951784521
-0.0814099162252475555545672136759094428271
-0.0807748728498853263424450688034994527698
-0.0800916089801588515495467390792327933013
-0.0793597451728955405325649508085916750133
-0.0785789850846682902396622694141115061939
-0.0777491204716215245085209062381181865931
-0.0768700354702583077415312118318979628384
-0.0759417098226253944881491975138487759978
-0.0749642208547412758345984684638096950948
-0.0739377384348533506219780520041240379214
-0.0728625299158596473336757526340079493821
-0.0717389547060558324664825136096624191850
-0.0705674506306062793159483703675505239516
-0.0693485399149221387604669075699348468333
-0.0680828151518163837696562268320121802390
-0.0667709376310603591742065532343985978514
-0.0654136316115607879817517300580220762640
-0.0640116901585119496553843987385334912688
-0.0625659875542690646632593143294798210263
-0.0610774895396183833962133746808831347153
-0.0595472788918717937933777761827514041215
-0.0579765877273458948848450233981566270813
-0.0563668359898963564069696019487309968099
-0.0547196557380394410508017699612537398934
-0.0530369512273025991988539828980719903484
-0.0513209350831910354751030922670906875283
-0.0495741535095455335135916641320363851264
-0.0477995504496470796640394951282360125333
-0.0460005162183127827568718259954039240256
-0.0441809122052408270731049810819968115538
-0.0423451942647656009999224124840111471713
-0.0404984642797480351439354251397162443027
-0.0386466771973325712297153700092167127877
-0.0367967567665987496661195166325342142954
-0.0349570372646681448713934514671564102173
-0.0331376256612598146800152676405559759587
-0.0313511518815805800830531779865850694478
-0.0296138823524403661802129050784060382284
-0.0279474600817981068401341104845414520241
-0.0263817189568509649633121227907395223156
-0.0249595658810434807561851044965806067921
-0.0237449060664228252248708628258100361563
-0.0228372777285859238083354227910604095086
-0.0223977424560516426288447888737209723331
-0.0226966987413457048361475898445860366337
-0.0242029665374225468055247034726562560536
-0.0277262860997477995905757808259295416065
-0.0345160019931860934105927185555628966540
-0.0453809163482720365201394940868340199813
-0.0558455244840694378649637030775920720771
-0.0534916845214169212052723878514370881021
-0.0409588991356117024245087065992265706882
-0.0295953415030969918531056350730068515986
-0.0216089728510096036606658032042105332948
-0.0161351131121418994718297312829236034304
-0.0123028954940307862220283396936792996712
-0.0095640898413507872272143472969219146762
-0.0076048614229332241187808705262796138413
-0.0062605851523023225979613926028832793236
-0.0060826684649863691292659417797494825209
-0.0061545032423617499969803468218287889613
-0.0051500246421283110351274636684593133396
-0.0057896202389338844926380822641931445105
-0.0070520176086255300165750448115886683809
-0.0090862241397956459293405728772086149547
-0.0121304299316798737395917129333611228503
-0.0165421418384444560145674074647104134783
-0.0228323434150319998225953099790785927325
-0.0315970309006810418095412273942201863974
-0.0429918820517525626656585302498569944873
-0.0548530009498974790993486294610192999244
-0.0603383172023595551469732356508757220581
-0.0542286646226606827703164981357986107469
-0.0425136628204466904268343796502449549735
-0.0322746984155267355176555099660617997870
-0.0252322135665605171150893681897287024185
-0.0208499728844165309327163271291283308528
-0.0183471944256423311059300829128915211186
-0.0171345148084534153187785676664134371094
-0.0168161359685178972422914256412695976906
-0.0171311811059001867230122684304660651833
-0.0179053882857721953503205014612831291743
-0.0190205194856859528818038285180591628887
-0.0203926792810966359126290115000301739201
-0.0219611930309503572411600202940462622792
-0.0236810866795664626271999964046699460596
-0.0255177308332669647294999037967500044033
-0.0274438066175646602773419147069944301620
-0.0294371246503591435517144248024123953655
-0.0314795713468098217746593547872180351987
-0.0335558604304457830380670202430337667465
-0.0356529832585914946418981230635836254805
-0.0377597805612207987335793291094887536019
-0.0398663944821137442020564378708513686433
-0.0419644047648936244221395952536113327369
-0.0440462804244169184308965725449525052682
-0.0461055134186641318860822025271772872657
-0.0481362392038753583722865414529223926365
-0.0501334264757480052576710249923053197563
-0.0520925223065172929293176196097192587331
-0.0540096215869642348739176895833224989474
-0.0558813252576219957057368503683392191306
-0.0577045399297954134110177903949079336599
-0.0594767098327541529623196936427120817825
-0.0611954828406358411485577164512505987659
-0.0628589030418413297063295885891420766711
-0.0644651952091372520969869697182730305940
-0.0660127497509977456680019258783431723714
-0.0675001524280529618948776260367594659328
-0.0689260059643421740815938392188400030136
-0.0702889386198492366331080916097562294453
-0.0715875565334552488305774886612198315561
-0.0728201860276320445120035174113581888378
-0.0739849236938291965337555211590370163321
-0.0750793109056200891338050951162585988641
-0.0761002121062669539819367514610348735005
-0.0770434513168470197497228468819230329245
-0.0779032806102250563462519039603648707271
-0.0786716679016254000211816332921443972737
-0.0793371233842252859824739630312251392752
-0.0798832348620146376338979621323233004659
-0.0802857968884052308755627791470033116639
-0.0805082781838886707426183875213610008359
-0.0804940997848290623606359872610482852906
-0.0801533527880327056891474057920277118683
-0.0793375071654918995189831321113160811365
-0.0777915492594529606185105308213678654283
-0.0750600758921163430104073199800041038543
-0.0702963067145009612435302415178739465773
-0.0618999959528137855269136480274028144777
-0.0470455341658388703773852057565818540752
-0.0228542841358805488838346064994766493328
-0.0004577083036292250908111389762211729249
-0.0151072034453454545621653437592613045126
-0.0388707523658914852471291112578910542652
-0.0549966933309287975273349502458586357534
-0.0649179866783004683172819682113185990602
-0.0711329696093473407003671127313282340765
-0.0751850103355614640676662929763551801443
-0.0779313361231813578333671443942876067013
-0.0798516556445226094451683707120537292212
-0.0812243298908637695321388605407264549285
-0.0822175311677822429068385190475964918733
-0.0829372478031347587501542761856399010867
-0.0834523859793464273248986273756599985063
-0.0838094114962603387031236934490152634680
-0.0840405194877157785127153033499780576676
-0.0841685471120836581349067273549735546112
-0.0842100355123702182247313885454786941409
-0.0841771498229490350295733946950349491090
-0.0840791693385964794549281009494734462351
-0.0839228886813992297488695726315199863166
-0.0837136021339133229446360928704962134361
-0.0834552435496737354814200671171420253813
-0.0831507135723934670545887115622463170439
-0.0828021150889126228422654207861342001706
-0.0824107205486056260124172467840253375471
-0.0819773460746039683844088585829013027251
-0.0815019231230430796220076672398135997355
-0.0809840155247225496060181626489793416113
-0.0804223409491637564183719177890452556312
-0.0798150528616938387260759668606624472886
-0.0791594416714823528868905100353003945202
-0.0784518691372420307050816745686461217701
-0.0776876659858286439108709942047426011413
-0.0768607636690456924588588094593433197588
-0.0759635075263975362291901660682924557477
-0.0749861351703649259281547756472718901932
-0.0739163745044007086670845296794141177088
-0.0727386582434000061869738829045672900975
-0.0714332424195358584029236226342618465424
-0.0699748487594592100125012734679330606014
-0.0683313861053308768678249407457769848406
-0.0664614281145927410232587817517924122512
-0.0643118753560917438827360115283227059990
-0.0618145359863150542500953577018663054332
-0.0588820431648630279730660674886166816577
-0.0554041608062611837248745416673045838252
-0.0512448996989928323708696211724600289017
-0.0462449515249246864700971570982801495120
-0.0402367480710303093704993671053671278059
-0.0330887728335872224882940884072013432160
-0.0248100306357378168342631141740639577620
-0.0157648219286163800145761371140906703658
-0.0070511175558819472186655730183701962233
-0.0010441046626842153538516910771249968093
-0.0007343277084177657516861348341308257659
-0.0052016974062923711924488756608297990169
-0.0111993248969213463062111202361847972497
-0.0169798688181628139315382242102714371867
-0.0219080058896409662905213622252631466836
-0.0258404343394096243369251197918856632896
-0.0288293693465317274471360065035696607083
-0.0309879855317700715622297735762913362123
-0.0324353709524879962877719208336202427745
-0.0332757262023345573576094125201052520424
-0.0335932594002744874805976849074795609340
-0.0334527347028476876311664511831622803584
-0.0329021103155715949339921166938438545913
-0.0319757130694221167188651122614828636870
-0.0306971396767554971507507843853090889752
-0.0290825713514980856155833777165753417648
-0.0271436089319627288363179218322329688817
-0.0248911578392941729154230756648757960647
-0.0223397393553659458220739253420106251724
-0.0195133001652801688075022923385404283181
-0.0164533085415729980749421912378238630481
-0.0132287284234584232023301808567339321598
-0.0099485432676441609700646040437277406454
-0.0067756047335322637514831711769147659652
-0.0039390194781223275208303924443953292212
-0.0017323860225371002629496386404639451939
-0.0004521262367482758916942264804106343945
-0.0002282149554126733403177501591230225131
-0.0009010627364724133276166484485258934001
-0.0021404748111419945669209319305537064793
-0.0036259867364002375429710145482431471464
-0.0051108491780208816640529434494055749383
-0.0064153783623365854410502961968632007483
-0.0074080361022081132882366460989942424931
-0.0079900095002058309223702536883138236590
-0.0080853442444972986602458320248842937872
-0.0076400788716763324767700105155654455302
-0.0066328604991168103530152500013628014131
-0.0051054528124368815655831355115878977813
-0.0032214981441410772688982433464843779802
-0.0013593388810108852048086358621503677568
-0.0001824354813246942372435832613319917073
-0.0003742613209426903656332208392143456877
-0.0019743090162301622260410116638240651810
-0.0044480962641062779874823185366494726622
-0.0072509830396709070918226380797477759188
-0.0100201045414707000380527546212761080824
-0.0125615972293535854698021125841478351504
-0.0147968308189704699645572461008669051807
-0.0167129753309105191783068278255086624995
-0.0183295861568479739878156919985485728830
-0.0196791565538078083719142341578844934702
-0.0207970591934848875181884864105086307973
-0.0217168059410616405557892250044460524805
-0.0224681726112469608291899447749528917484
-0.0230767568530641370427858305447443854064
-0.0235641832321410484019086339912973926403
-0.0239485652721830415134984804126361268573
-0.0242450171674830454449089955915042082779
-0.0244661523032332801907973163224596646614
-0.0246225162622707854920278691679413896054
-0.0247229426837595779586909117142567993142
-0.0247748712975470151975709853786611347459
-0.0247845863021969765871421742531310883351
-0.0247574164654545368635663038503480493091
-0.0246979052898796853920959648576172185130
-0.0246099280021279433194880681412541889586
-0.0244968122013770536748999973042373312637
-0.0243614182301475218350717000248550903052
-0.0242061961953955254167603072801284724846
-0.0240332555277772592916551985808837343939
-0.0238443988487874493353846361287651234306
-0.0236411492717880644676142765092663466930
-0.0234247743424378339349711808381471200846
-0.0231962874796705839641752788793382933363
-0.0229564468340927550771279896935084252618
-0.0227057198535131378458462592107025557198
-0.0224442313438040497164394082574290223420
-0.0221716627654149657511428728184910141863
-0.0218870672603477464668308982709277188405
-0.0215885573514790866933577007102940115146
-0.0212727214517894197554070956357463728637
-0.0209335211034416997233353896490370971151
-0.0205600557987858575947903716496512060985
-0.0201316698096658044936368980870611267164
-0.0196061721799023966350539183167711598799
-0.0188877201510959415176049702722593792714
-0.0177243768931486939122166290871973615140
-0.0153130913358633883453174817645958682988
-0.0086831003857435872655967656896791595500
-0.0008598106655569637312222508462866699119
-0.0117728797952928211645318157252404489554
-0.0156939585094164647804948486964349285699
-0.0168425155275556161227346052555731148459
-0.0171675124330502373859452802662417525426
-0.0171898116932702842152291822230836260132
-0.0170796730026866599994050943678303156048
-0.0169038974718401652230781451180519070476
-0.0166925852546811505361379346368266851641
-0.0164608085972236667382517794067098293453
-0.0162167658132048309038708566731656901538
-0.0159652234906950268866765441089228261262
-0.0157091109164836650879948365400196053088
-0.0154503150146923281388344761921871395316
-0.0151901015389791192722324097985620028339
-0.0149293508128529213430102373649788205512
-0.0146686948713816763673056797756544256117
-0.0144086008180747422030565374484467611182
-0.0141494229254285897035003927157958969474
-0.0138914364036389435114182688835171575192
-0.0136348596505027237768548076246588607319
-0.0133798693194367105535613760025626106653
-0.0131266108879429712480435554766700079199
-0.0128752061899221545426819091062498046085
-0.0126257593259241022304317780822202621493
-0.0123783626013698050405409389895794447511
-0.0121331041182264516564703882295361836441
-0.0118900785244087231484755307064915541559
-0.0116494006668483394278945652899892593268
-0.0114112196517797848810404914843275037128
-0.0111757295208355783566744889867550227791
-0.0109431734299119502729080721792342956178
-0.0107138414615552731573577815993303374853
-0.0104880661050468157458048779062664834782
-0.0102662226097996710227899797018835670315
-0.0100487421012774597733896442264267534483
-0.0098361428347194142240983438796320115216
-0.0096290798702399430647469458222076355014
-0.0094284073633172857387130250117479590699
-0.0092352438117596896000049966346523433458
-0.0090510311833743688214592992835605400614
-0.0088775835416802350436027424507301475387
-0.0087171269965055295236844301598466699943
-0.0085723377660606343841909193770334240980
