-0.0000054740091630933742790333061678520465
-0.0001101306808846236302097329473603792849
-0.0002153115809442507258119475777036200270
-0.0002719935383999983000841149660686824063
-0.0003023212071250935871827292267255415936
-0.0003193368862176782147811737733178460985
-0.0003293034293893593294350052858021626889
-0.0003349805631562241493501264066878775338
-0.0003381389470181706230315910044481597652
-0.0003394623331960433575485436286101048609
-0.0003395377818073452608378659522969655882
-0.0003385714765800718149130199563501264493
-0.0003367238491314128424024276764470187118
-0.0003341593074405790680589389829435731372
-0.0003310952992874627060122805222164288352
-0.0003273642547330013669905357520661937087
-0.0003230912193956358958134289505181868662
-0.0003183535028241835009715776649841245671
-0.0003130047704822325129077331684612772733
-0.0003072495732005231777045350938237788796
-0.0003008589003778716370468560015183356882
-0.0002940496638863043864058066656497203439
-0.0002864642652692195139152442351360150496
-0.0002782819607732134434448234561187973668
-0.0002692722924986701207167305582856897672
-0.0002593692734755048451451842073112175058
-0.0002481252488225915730536697001440415988
-0.0002352344879365686361547688187911830937
-0.0002207388978983648719633947621332481503
-0.0002033852351769205183198985231740607560
-0.0001836355009282653115258721054914303750
-0.0001608242805688786536150863826222234820
-0.0001361222200394829405078328532496811931
-0.0001104544707094290455825363883590739533
-0.0000842984566348969937199173130260021480
-0.0000606725275641317756585360609911106167
-0.0000398616310195554186075403424460716906
-0.0000256639415825987704522503918269649148
-0.0000200982444606045977566598920160956254
-0.0000234798779785649894204409282583156937
-0.0000391547380347945247580469796400137739
-0.0000661932657627461957855138918738191478
-0.0001024526963938754414848095186663101686
-0.0001468213929159656284343521415181044176
-0.0001995038768545409526688344525879870162
-0.0002541013390750102149059919121043549239
-0.0003131541319521713613582836188697910984
-0.0003725079342340009811058998412391929378
-0.0004290412902641827126715146079050100525
-0.0004827909990256662605377646624305043588
-0.0005303229608300852630439758961244933744
-0.0005700732667164865041797838784987106919
-0.0006009042005246412491634155905728675862
-0.0006204212237148887514742723325866791129
-0.0006274386875803483623950662639856545866
-0.0006202366510226298233071640098046373168
-0.0005975516259423607539832956625502902170
-0.0005572565295618403481345271011093700508
-0.0005003641359992627365982365006402687868
-0.0004279005228957921420224197461834592104
-0.0003427876988301447897661278219061387063
-0.0002488997773710233097320398965024423887
-0.0001552756740123495339707393458894557625
-0.0000752805476036555470563046976728571735
-0.0000262177417243458764654819720396616844
-0.0000320579257749709062687640259703414358
-0.0001101162191747229136470909161005238275
-0.0002543805172454116636515664140461012721
-0.0004439141426805170921772447645281545192
-0.0006575876846490990830854106441449857812
-0.0008830557070831801958626927628870362241
-0.0011098059660569759010684265376767143607
-0.0013315510923527229536489357997197657824
-0.0015448034981328407234252297897114658554
-0.0017464306736959533949971046240534633398
-0.0019357954579842884344081932468384366075
-0.0021109674333643791560577440691304218490
-0.0022704142945204918747903466424986618222
-0.0024140728461127082885018246827257826226
-0.0025399636575292659605718181836664371076
-0.0026462420316955459660690497258883624454
-0.0027286160091675761008023215481443912722
-0.0027848992788242887125305102813399571460
-0.0028096685974648904701722607057945424458
-0.0027939042244067555965936211492817164981
-0.0027298727384378841318013364514172280906
-0.0026047563801020346546666317522067402024
-0.0024040503904480792739251082679174942314
-0.0021085731187992996955860025565243631718
-0.0017009205275937632449723135863450806937
-0.0011725499086352852290415782476884487551
-0.0005615978848336933455798192227348408778
-0.0000492191970727096095045843826554232692
-0.0002758604382636375713239162976719853759
-0.0010767492485284479303286886420210066717
-0.0019581521672743852115206042441286626854
-0.0027762311853443532444485342125517490786
-0.0034995347221603236194387154256446592626
-0.0041326359058527113721215329178448882885
-0.0046877549389126747445000198410980374319
-0.0051780884235974669604907205666677327827
-0.0056157554039181836746941200999572174624
-0.0060109344250416909746781435330831300234
-0.0063723149134148346708905741309081349755
-0.0067071947243814633229930244340266654035
-0.0070207835064765751476034694178451900370
-0.0073178126051434300852749359478366386611
-0.0076019361463551607394073528212175006047
-0.0078760096317403941595935989994359260891
-0.0081424061252552137890603489722707308829
-0.0084028360740869938172448172508666175418
-0.0086589240574337106998159541149107099045
-0.0089118968326599382751007638603368832264
-0.0091628053780340133760429210951770073734
-0.0094125009565213784562542898015635728370
-0.0096616334904029137903291868383348628413
-0.0099108820991657409216202267998596653342
-0.0101607228099587793695990356468428217340
-0.0104115929513337503869996325533975323197
-0.0106639075405129089835210010051014251076
-0.0109180118450086741793692013402505835984
-0.0111741927345371302310317318529087060597
-0.0114327143641148269020968442077901272569
-0.0116938269785910615300439374664165370632
-0.0119577129675103588368756390991620719433
-0.0122246727676109216698119297461744281463
-0.0124947996279528659308022398022330889944
-0.0127682622598151492704365850272552052047
-0.0130452826846828798951216654700147046242
-0.0133259579368344115157807294735903269611
-0.0136104159916850472877847266772732837126
-0.0138988563008230498613260195384100370575
-0.0141913095174297163025833867777691921219
-0.0144879202596066170710686904499198135454
-0.0147887820123768169017219875627233705018
-0.0150939696167076715244137474769559048582
-0.0154035811086300090250178485007381823380
-0.0157176481810001010541721910840351483785
-0.0160362038710958609843970634756260551512
-0.0163592632404957992464655802677953033708
-0.0166868547142753377576784856728409067728
-0.0170188109027401418549274580982455518097
-0.0173551714562218024895390300343933631666
-0.0176956749277576916301590870261861709878
-0.0180401427475862310978449443155113840476
-0.0183881972247051592161959376880986383185
-0.0187394227229969421999467016348717152141
-0.0190931548510838849930237870466953609139
-0.0194484653678134583598691165207128506154
-0.0198042654284200647651914550806395709515
-0.0201588223973462217497587545267379027791
-0.0205098363735050602529863539302823483013
-0.0208542358799268696956108470885737915523
-0.0211874071240958986028779520438547478989
-0.0215030679757945465679913610301809967496
-0.0217917873009087388613824742833458003588
-0.0220393818069646307833409082377329468727
-0.0222241348343307429380466544444061582908
-0.0223122754051571364763972837863548193127
-0.0222472628534243800635383792041466222145
-0.0219331755950377543795681845040235202760
-0.0211998924601918062315952795415796572343
-0.0197321573097845870403688195438007824123
-0.0169442341713944497061383742675388930365
-0.0118789248955832454912595608220726717263
-0.0040726352530246097416455341999608208425
-0.0023072031475053524085527811848805868067
-0.0106843199375669210826611532638708013110
-0.0172824235275291400448782752619081293233
-0.0216518702099157654694661090388763113879
-0.0246037940099824055384392096357260015793
-0.0267369207140907699793430651880044024438
-0.0283938072541847878749177169765971484594
-0.0297653455093718662116675233164642122574
-0.0309605684866070991756448194109907490201
-0.0320450228618671742464307783393451245502
-0.0330596820530176388475140925038431305438
-0.0340310457555014767017098620272008702159
-0.0349771742501075316722491947984963189811
-0.0359106948690370714194486367887293454260
-0.0368410988242595244246402330645651090890
-0.0377750837659991886563481955363386077806
-0.0387181304199854664505053847278759349138
-0.0396747271286846323046226814312831265852
-0.0406487434093989533079316345265397103503
-0.0416433308445601849112627235172112705186
-0.0426617864919231204456906425548368133605
-0.0437069495132728774722252751416817773134
-0.0447812529120792182646404455681476974860
-0.0458879439248285891927991997363278642297
-0.0470295380003259017032135602676135022193
-0.0482093107270517712281687749964476097375
-0.0494299328786831776438859264999337028712
-0.0506949478669388303719856025963963475078
-0.0520079387129527073718726626339048380032
-0.0533723783801239443080888236181635875255
-0.0547929456144172905007749818651063833386
-0.0562739364625220936377836267183738527820
-0.0578204629620119106570008682410843903199
-0.0594379989040666606436857932749262545258
-0.0611330194512650776372808536507363896817
-0.0629126303384678342567326581047382205725
-0.0647847052613926971398328191753535065800
-0.0667579148727630716786407560903171543032
-0.0688425491849189719051338443023269064724
-0.0710499391061633345234582748162210918963
-0.0733935169296176526110286886250833049417
-0.0758874569506087365278190759454446379095
-0.0785498242028966758843111506394052412361
-0.0814000186701067524053243573689542245120
-0.0844609234496976335471174479607725515962
-0.0877586168391180504455562072507746051997
-0.0913242802019826743764596699293178971857
-0.0951923852935473019387657700463023502380
-0.0994034584861838849123572003918525297195
-0.1040023657698705139562633803507196716964
-0.1090414869769804478982777595774678047746
-0.1145733628972930989720069305803917814046
-0.1206517681455375468058122123693465255201
-0.1273191841013784908476225155027350410819
-0.1345894004523369713588465401699068024755
-0.1424080323345735532569733550189994275570
-0.1505733635875997622477484583214391022921
-0.1585926691486909956285700218359124846756
-0.1654042568218301589855201427781139500439
-0.1689085927253824448435182148386957123876
-0.1653499890818694306737768329185200855136
-0.1492419033208022272063431046262849122286
-0.1164315303181192168269220132970076519996
-0.0731940069182567959460428141937882173806
-0.0371938903661202732719992525289853801951
-0.0172699081414829126723819996414022170939
-0.0098202609350797557402623638722616306040
-0.0094310342423588374577425597067303897347
-0.0126573285829753405529185528166635776870
-0.0176807243129419033866867039250792004168
-0.0235963220555281544266179594160348642617
-0.0299677086349354228345109873998808325268
-0.0366018971883531191169325325063255149871
-0.0436694224372070061157558029663050547242
-0.0505978320931571995400233276996004860848
-0.0577284132376291933552714397137606283650
-0.0652968360768810957006635931065829936415
-0.0732203724674543587891406559720053337514
-0.0815134258471581912841585904061503242701
-0.0900959911164774668312915650858485605568
-0.0986489688787448026907611620117677375674
-0.1063512801860169304513092924935335759073
-0.1113857351639203352444695838130428455770
-0.1103448427679845911253408985430723987520
-0.0987325989525556085846247356130334082991
-0.0760950860605043438722461246470629703254
-0.0517144009547850849739525358472747029737
-0.0353255961928378853231791367761616129428
-0.0275142278487596481095778244707616977394
-0.0250975480662031825984659150208244682290
-0.0255817962607151998255528013714865664952
-0.0275568739384059492592005113920095027424
-0.0302821422280779017910390393808484077454
-0.0333625390195238652468745499390934128314
-0.0365832994445422707285864305504219373688
-0.0398285195900528257717532198967091972008
-0.0430326706972052261401806561025296105072
-0.0461590016516373671806583445231808582321
-0.0491895949911433094658974596313782967627
-0.0521134107457100204108257912594126537442
-0.0549278116173107303077394192314386600628
-0.0576310718062405594186436985637556063011
-0.0602247037142790916930401579065801342949
-0.0627107273666585446347809806866280268878
-0.0650905795187462082873608437694201711565
-0.0673678155889090579666600433483836241066
-0.0695450150970536584704717597560374997556
-0.0716254573942904093630801298786536790431
-0.0736112218683361296811540341877844184637
-0.0755050819290777885939291991235222667456
-0.0773100114316800646196981006141868419945
-0.0790274784871614899284253397127031348646
-0.0806605607681226827176956817311292979866
-0.0822106430970901275179230083267611917108
-0.0836801114116078603721859963116003200412
-0.0850703133127810179336947271622193511575
-0.0863831163384315980913186194811714813113
-0.0876197794510052002658895275999384466559
-0.0887815583578627498528845762848504818976
-0.0898693154222485746096538150595733895898
-0.0908844167411490266861306963619426824152
-0.0918270810372071033533813988469773903489
-0.0926976537316018533996242467765114270151
-0.0934959376023783289566537746395624708384
-0.0942219651882095915462755897351598832756
-0.0948741890101992002559683214713004417717
-0.0954510508025264159392975216178456321359
-0.0959504918967035019816691487903881352395
-0.0963682204813752496530554481068975292146
-0.0966989133973345377226493724265310447663
-0.0969352404686504992570306171728589106351
-0.0970670261407810958109720900210959371179
-0.0970794882138643483449058635414985474199
-0.0969528892666415842427340976428240537643
-0.0966578667464833979350302683997142594308
-0.0961529998175605499222129424197191838175
-0.0953779539648441643251430832606274634600
-0.0942423263828687240994952389883110299706
-0.0926068228417567390620135370227217208594
-0.0902554397387711065947613064963661599904
-0.0868387374280079199495574471256986726075
-0.0817823997688760795377049817034276202321
-0.0741274380542316507769484701384499203414
-0.0623221486439917773947350099206232698634
-0.0442636246465678423467338120644853916019
-0.0195801048289558077275529512917273677886
-0.0004409397054011887423161097920853990217
-0.0119569006976534813330159678912423260044
-0.0343200749899742613147068936996220145375
-0.0520414422656187980464892461895942687988
-0.0641055010524316376541165141134115401655
-0.0721680457299654631864171960842213593423
-0.0776276498262984948617315694718854501843
-0.0813940041075384007607240732795617077500
-0.0840317729843226834951508408266818150878
-0.0858951039014854700326395686715841293335
-0.0872100831523302671977049271845316980034
-0.0881260272793815274683382199327752459794
-0.0887429570178531607060889996319019701332
-0.0891305929965880289200796937620907556266
-0.0893375275704771515394853054203849751502
-0.0893994874047112503268053274041449185461
-0.0893422173155288129597906277012953069061
-0.0891847729475791356490432804093870799989
-0.0889414707014486299874178598656726535410
-0.0886232459184142368213699114676273893565
-0.0882383473824751435321545045553648378700
-0.0877929535351062856340931261911464389414
-0.0872915077178719883699287152012402657419
-0.0867372261752150236491232249136373866349
-0.0861323023119046071727211710822302848101
-0.0854776424063039969025723507911607157439
-0.0847735623078712113853683263187122065574
-0.0840193151548165317876737390179187059402
-0.0832132991287675288782921256824920419604
-0.0823530974071831067817583971191197633743
-0.0814351780497696298155574368138331919909
-0.0804549330823213504348956348621868528426
-0.0794061220350655572186582276117405854166
-0.0782814912678239105403577013930771499872
-0.0770715955701934130051000693129026331007
-0.0757646604562081521505589876142039429396
-0.0743462511163228284560844372208521235734
-0.0727985550354895566416146834853861946613
-0.0710992873659959667698160501458914950490
-0.0692210477974596061212508857352077029645
-0.0671298883411656915898291231314942706376
-0.0647836068226549377513379113224800676107
-0.0621302269628424067016148057973623508587
-0.0591060490436691107762889885179902194068
-0.0556342042328910393877983153743116417900
-0.0516243645502401649061141597485402598977
-0.0469751672133668293773745006092212861404
-0.0415842191708382172277147503791638882831
-0.0353700433490005405889888834281009621918
-0.0283209041884100731767404113270458765328
-0.0205882356412781589161120621156442211941
-0.0126536457481989852297266097025385533925
-0.0055553685108102011935837793998871347867
-0.0009248309974150581728655207136569060822
-0.0005118930348896722328302932858434814989
-0.0036646448205317062700447916512302981573
-0.0083370694636075489553084238991687016096
-0.0132100003549795938506683512514428002760
-0.0176153636010959978308587636774973361753
-0.0212998521755508180008931162774388212711
-0.0242147804983072582885039736311227898113
-0.0263985753857198350569301936729971203022
-0.0279207369017447429304645822867314564064
-0.0288552633927331957097717207716414122842
-0.0292696666404635187641591898000115179457
-0.0292220123433542741664403763479640474543
-0.0287593367841875585666500114712107460946
-0.0279196846318747436688223473311154521070
-0.0267336919805828410190429167414549738169
-0.0252264994249531276926390432890912052244
-0.0234212429131111371516382746449380647391
-0.0213414744880416756833696467765548732132
-0.0190150233191208328786814263366977684200
-0.0164793991267108037857003211001938325353
-0.0137869685527099387206684255602340272162
-0.0110129565602570724663911150287276541349
-0.0082623033254454400498012489606480812654
-0.0056739803025493062635375984825714112958
-0.0034168741989330131576807492166381052812
-0.0016724650447109024476582961327153498132
-0.0006165095553562771352879012809466985345
-0.0003435496704624041420204905161739361574
-0.0007388630638480209221821692899823119660
-0.0015827878387853911833910158790672539908
-0.0026667676243770400967836309291669749655
-0.0038073208068519280404540250373202070477
-0.0048507272825325806545060380869927030290
-0.0056729258058727501448648133930419135140
-0.0061762036912001282845663396869895223062
-0.0062856993340532386904673245453523122706
-0.0059525277836753251459178670756955398247
-0.0051652499746577791930879364201700809645
-0.0039747845268244420130487881692715745885
-0.0025341051823140193881289672361845077830
-0.0011423595863220858438735749729175950051
-0.0002644564897236500772455258800874844383
-0.0003897679384370688953839745316543030640
-0.0015814375219765630913720810823974716186
-0.0035512121722221113434558859012213360984
-0.0059365633101021962614307625472065410577
-0.0084374204600814670107489234851527726278
-0.0108637287829964380991842887169696041383
-0.0131164248964572242167614390950802771840
-0.0151550244132269435609616792248743877281
-0.0169722961467159080828359662973525701091
-0.0185781611571832865059672457164197112434
-0.0199902972997029956814252216190652688965
-0.0212288160663386578363986956219378043897
-0.0223136631654909413369214377098614932038
-0.0232633752508041163897800629456469323486
-0.0240944619188549584432035288728002342395
-0.0248215233635274042101048763697690446861
-0.0254571301341487768454818763075309107080
-0.0260122456672196508686845106694818241522
-0.0264961846812946794083032386879494879395
-0.0269170015722239065747434239028734737076
-0.0272816071480505850654907362695666961372
-0.0275959082309295694601658510691777337343
-0.0278649416746215364271144210306374588981
-0.0280930004632086657845313482084748102352
-0.0282837450675945782652132010070999967866
-0.0284401820830787743776824072483577765524
-0.0285648164045741587147020368320227134973
-0.0286596233051320432860809006569979828782
-0.0287260609901373066554786106507890508510
-0.0287650841220069217185617560517130186781
-0.0287771248074750636558594152347723138519
-0.0287620169373050821315374037112633232027
-0.0287189227900366723933434087712157634087
-0.0286462230579699467236665100244863424450
-0.0285412969373683711449274369442719034851
-0.0284003362535842282521336699119274271652
-0.0282179001255010060422723228157337871380
-0.0279863834837781773334786095119852689095
-0.0276952620105890626178712921046098927036
-0.0273296688134573168005303500649461057037
-0.0268682630914111077180539410846904502250
-0.0262792423134608592316663333576798322611
-0.0255126506998189610253557901842214050703
-0.0244834255993010251051256176424431032501
-0.0230299150109960389098961996978687238880
-0.0207956295952396695569941442727213143371
-0.0168384217231604786657594985399555298500
-0.0084637338830904074171712636598385870457
-0.0007677384841344214770966769556537201424
-0.0125515542588151771119520105912670260295
-0.0188424586227365457868909714989058556966
-0.0218876041217716012232674671622589812614
-0.0236722837753467335586421427251480054110
-0.0248628953072995394213418052231645560823
-0.0257228793663472725394836260193187627010
-0.0263767796074719958199228386774848331697
-0.0268923613461217493603161443616045289673
-0.0273105044602945969123286573676523403265
-0.0276578156579448744545324245791562134400
-0.0279525705398937056311847726419728132896
-0.0282078314838497754002410999873973196372
-0.0284332395090732652220832932243865798227
-0.0286360000955097511454727765567440656014
-0.0288216355668438686810084448097768472508
-0.0289943833916291408836496401590920868330
-0.0291575072067607708736769467350313789211
-0.0293135012301656561195528638563700951636
-0.0294642241902117602014854469416604842991
-0.0296110197059424457011189701916009653360
-0.0297547533607352872320195302791034919210
-0.0298958589044740902229690959757135715336
-0.0300343917537687216112729515771206934005
-0.0301700195985638505713488655146647943184
-0.0303020672100950509697536716657850774936
-0.0304295253846945182307770494389842497185
-0.0305510881412077855978637330736091826111
-0.0306652554250558539994386819671490229666
-0.0307703648106799759753826606356597039849
-0.0308647694203412897850924423437390942127
-0.0309469477502012889347238200343781500123
-0.0310157130159194535656830282732698833570
-0.0310703507678141074843658486770436866209
-0.0311108112600920888590749768809473607689
-0.0311377886737131161221103781144847744144
-0.0311528123359595572605673652333280188031
-0.0311582314635229021271278782023728126660
-0.0311571854768991109152498353296323330142
-0.0311535097427423392224543619022369966842
-0.0311516282683195790126351454318864853121
-0.0311564540136562671823750036992350942455
-0.0311732851705459786118002085686384816654
-0.0312078026218730805729784094637579983100
