-0.5398883395309037602771695674164220690727
-0.5311765851101949431622983865963760763407
-0.5224123779469342920833696553017944097519
-0.5122191169502631202803399901313241571188
-0.5020507988531739407278564613079652190208
-0.4915496839206535684141385900147724896669
-0.4806638774359207610942235078255180269480
-0.4694418668661358151616980194376083090901
-0.4579011472154633777265075877949129790068
-0.4460170401907552206743901024310616776347
-0.4337435359908577980903032766946125775576
-0.4210321282454683178286813927115872502327
-0.4078678715302916923945986127364449203014
-0.3941490676173663998405061192897846922278
-0.3799987264193977476445240881730569526553
-0.3653387385216875227200716835795901715755
-0.3503314812742189809924298060650471597910
-0.3350890131448569508876289546606130897999
-0.3197638953931760674720408132998272776604
-0.3045222537928670147877596718899440020323
-0.2894971772822420574833301998296519741416
-0.2747368118856912122538460607756860554218
-0.2601585532526615729409513733116909861565
-0.2455292143084472356040492968531907536089
-0.2304858960231978004529196368821430951357
-0.2146005165655635871235773493026499636471
-0.1974596772452074655568310390663100406528
-0.1786922515390670929136263112013693898916
-0.1579344007647733860721928067505359649658
-0.1348692256212726259256839966838015243411
-0.1094002197224005906717181346721190493554
-0.0819128295487674268349209683037770446390
-0.0537491700397345062434339979517972096801
-0.0279578619075387946324440235912334173918
-0.0098178913746099910619946626866294536740
-0.0056085447832841927445768348547971982043
-0.0113870188719241462182996116325739421882
-0.0183992727073927879455350620219178381376
-0.0227844123089344825772162295152156730182
-0.0234035469049449669498574877479768474586
-0.0205946386531320642376829965769502450712
-0.0156111782765425040342410767379988101311
-0.0104839681993146201233191305846048635431
-0.0084394967222138506796058621262091037352
-0.0130462758312043063113616625514623592608
-0.0230304380232687413987413549421034986153
-0.0359057233869420691640961251778207952157
-0.0501629703823803022033622767139604547992
-0.0647893146852171891714178286747483070940
-0.0791144814273529450865396484005032107234
-0.0927060207742961828181194050557678565383
-0.1052792858207136084125465913530206307769
-0.1166285272610750600730256110182381235063
-0.1265766329139954571303405828075483441353
-0.1349375598866631442707131327551905997097
-0.1414855685830578579942340411434997804463
-0.1459272951604425327953862279173335991800
-0.1478748287746530776232134485326241701841
-0.1468210045028866539418288539309287443757
-0.1421245410632662742322906979097751900554
-0.1330252082164994631430232630009413696826
-0.1187410025638398758385250175706460140646
-0.0987700707397663191233760926479590125382
-0.0736693668229370657307697456417372450233
-0.0468278360973485158202933575921633746475
-0.0286650493646127824121094818110577762127
-0.0388195567752397663330299337758333422244
-0.0659654460718291230092447108290798496455
-0.0998102148918475623462498447224788833410
-0.1362377117333384013431185621811891905963
-0.1723997360723155125583616609219461679459
-0.2064108065725392682221439599743462167680
-0.2373419871781474177474535736109828576446
-0.2649842322804600858177082045585848391056
-0.2894998182945696107992716861190274357796
-0.3111822048880389934844004073966061696410
-0.3303876260507089823725834776269039139152
-0.3473106125238641928021365856693591922522
-0.3628120163939116959994635180919431149960
-0.3760716807936752559271553764119744300842
-0.3861515878000810753079008463828358799219
-0.3949272259240054760986993187543703243136
-0.4021351296369756189719169015006627887487
-0.4064940272180702085513814836303936317563
-0.4083448229816011298964895104290917515755
-0.4069583532698715644393416823731968179345
-0.4010763310372022494298960282321786507964
-0.3888452141508824677629263533162884414196
-0.3672895982576620532711331179598346352577
-0.3314436766598032324537825843435712158680
-0.2720850822103020871800538316165329888463
-0.1724803587018835793198689998462214134634
-0.0362022294819447573721582500638760393485
-0.0447795408588750262768307663918676553294
-0.1506891101572975510958229961033794097602
-0.2318152265734814421183074273358215577900
-0.2867862500987766738447248826560098677874
-0.3249089357963919622029891343117924407125
-0.3525366482915587851287853027315577492118
-0.3734411351617790697510201880504610016942
-0.3898796553488406702037138984451303258538
-0.4032514528512293749962225319904973730445
-0.4144455601152145507448665284755406901240
-0.4240259927851659504938197642331942915916
-0.4323451497072501314988812737283296883106
-0.4396279451447214214887537764298031106591
-0.4460516349366468458192969137598993256688
-0.4514340402876723112868262433039490133524
-0.4562964999845627867003372557519469410181
-0.4604967359104880086917432890913914889097
-0.4639820938565811236919955717894481495023
-0.4669498286887827642743786782375536859035
-0.4694400082524980422071791963389841839671
-0.4715229752170306265490751229663146659732
-0.4731147508897911579950346094847191125154
-0.4742228698135037001648584009672049432993
-0.4748687451108942747524110927770379930735
-0.4747788060462553860752166201564250513911
-0.4736976090962559116093189004459418356419
-0.4720806456055771094248996178066590800881
-0.4701842314916981346861746260401559993625
-0.4680340464097105246388252908218419179320
-0.4658355971323260846794767076062271371484
-0.4636136996861668357894359360216185450554
-0.4613663343128411864491056348924757912755
-0.4591356862626813639671752298454521223903
-0.4567884128393142062485310361807933077216
-0.4544512502250656615920831882249331101775
-0.4518242278757865770799639903998468071222
-0.4488625446080455883013371476408792659640
-0.4458658208134896328012075628066668286920
-0.4428640416864314532929824963503051549196
-0.4399067541839255524038776457018684595823
-0.4369649769920432857972514284483622759581
-0.4338874051446107715790390102483797818422
-0.4309311245483071206585634627117542549968
-0.4280591566398325720221862411563051864505
-0.4252073560348713088252736724825808778405
-0.4223920762759132419006391501170583069324
-0.4195712916011264947968584237969480454922
-0.4167153072778876365944711324118543416262
-0.4138442342848593913373633768060244619846
-0.4109870758968381942999315015185857191682
-0.4080842205636844854943490190635202452540
-0.4051645880587800285788091514405095949769
-0.4022431272505249677529093332850607112050
-0.3993839991340857320523127782507799565792
-0.3966772115215523863973601237375987693667
-0.3940240686088932742237034290155861526728
-0.3913680224518843453473948557075345888734
-0.3887962339156205149315326252690283581614
-0.3862595283624040143344302578043425455689
-0.3837375221284451964898210007959278300405
-0.3812817451535929214045950175204779952765
-0.3789124382878461538837200350826606154442
-0.3766265329378951642880224426335189491510
-0.3744168891522747788513925115694291889668
-0.3723107369460299520547152951621683314443
-0.3703331493472428181945588221424259245396
-0.3684637218403924441290087088418658822775
-0.3666820539051224847604260048683499917388
-0.3649856546980115856726456513570155948400
-0.3633764775704857452609530810150317847729
-0.3618489549037969266187531047762604430318
-0.3603931357176473615488987434218870475888
-0.3590130140799148716901356692687841132283
-0.3577399643969332854176457203720929101110
-0.3565855086196270118392703807330690324306
-0.3555522158089523543367249658331274986267
-0.3546245344423553658153025480714859440923
-0.3537836271984663993883657440164824947715
-0.3530481985870402295013548155111493542790
-0.3524222048182073518951540336274774745107
-0.3518939504543421858961949055810691788793
-0.3514566034638293423597588116535916924477
-0.3510956989930714700065550459839869290590
-0.3508326990597895322920862781757023185492
-0.3506798143921238120057637388526927679777
-0.3506382650635620490398025594913633540273
-0.3507267821461975132457666859409073367715
-0.3509422267423283892107122028392041102052
-0.3512663444052506189763107613543979823589
-0.3517043920967029002611070609418675303459
-0.3522652257629279581863102066563442349434
-0.3529393098667879535845770533342147246003
-0.3537051192769590235442933590093161910772
-0.3545635717340533954455850107478909194469
-0.3555159128479737362660273447545478120446
-0.3565551744077157803047839479404501616955
-0.3576808739697805439305966501706279814243
-0.3588873657806735395503494601143756881356
-0.3601545840556333866189220316300634294748
-0.3614692169788900066862424864666536450386
-0.3628216776266677268125704358681105077267
-0.3642071324127446052543177756888326257467
-0.3656175666672697999182162220677128061652
-0.3670584618894289774537753601180156692863
-0.3685558484330583306487483241653535515070
-0.3701142158392457526261409839207772165537
-0.3717020624454591692931160196167184039950
-0.3733034799693753513771810048638144508004
-0.3749289015940802105575357927591539919376
-0.3765722292081017941178799901535967364907
-0.3782163058529305899035932725382735952735
-0.3798658663998880080647779777791583910584
-0.3815354854197577916252726026868913322687
-0.3832172440305894878243009316065581515431
-0.3848804474643475748152354753983672708273
-0.3865056264591715251555115173687227070332
-0.3881016882511524879184605651971651241183
-0.3896764403410372668012939811887918040156
-0.3912276560127475599770718872605357319117
-0.3927523841340337940053473175794351845980
-0.3942292784108545333765505347400903701782
-0.3956324472729705332696426012262236326933
-0.3969546564218687234593119228520663455129
-0.3981943171591233454620351039920933544636
-0.3993477842164799285207266166253248229623
-0.4003959791556696012904126291687134653330
-0.4013062126073201341114327078685164451599
-0.4020571123220266218645235767326084896922
-0.4026660097290769568800783417827915400267
-0.4031802925127566661345213105960283428431
-0.4036288683698620038953208677412476390600
-0.4039888269404215970226346144045237451792
-0.4042060992496685489783203593106009066105
-0.4042338289688405805755166966264368966222
-0.4040557750118584090515128082188311964273
-0.4037071478102440824642371808295138180256
-0.4032512962843571857618485410057473927736
-0.4026890285869477170699326507019577547908
-0.4019419916718761087714995028363773599267
-0.4009307706295593409784316918376134708524
-0.3996589764627899166171687284077052026987
-0.3982242770067490611474170236760983243585
-0.3967515974271612622104044021398294717073
-0.3952811492134567505907227769057499244809
-0.3937511665527821946852782275527715682983
-0.3920912329557071918095800810988293960690
-0.3902901447979342242078359959123190492392
-0.3884091381841821566389683084707939997315
-0.3864673760641994526565667911199852824211
-0.3843759137790893620767462834919570013881
-0.3821077459924328012519367803179193288088
-0.3797246004312904710253917528461897745728
-0.3773044571915842304576926835579797625542
-0.3749282696024305305826374024036340415478
-0.3725991165565002982695830269221914932132
-0.3702012720439780690817599406727822497487
-0.3676058897259262270296176211559213697910
-0.3647421375155205924833978770038811489940
-0.3617477918792101898581847763125551864505
-0.3587333779448432791170375821820925921202
-0.3557237808242603716024632376502268016338
-0.3528099096685410329676813034893712028861
-0.3500357631867132557346167232026346027851
-0.3471389576994768355611142851557815447450
-0.3439128908611078783152947835333179682493
-0.3406545526148505587116233073174953460693
-0.3373211452042164659737011334073031321168
-0.3338907690533592376169735871371813118458
-0.3304787266912355692127789552614558488131
-0.3269516813724667736451579003187362104654
-0.3233115426770195588446199508325662463903
-0.3195246591100272537389059834822546690702
-0.3156370430729089626709082949673756957054
-0.3116771211173711697561827804747736081481
-0.3075779156819373749698343090130947530270
-0.3032702253514124035582710803282679989934
-0.2988022315602927303501701317145489156246
-0.2941683141022439218481565603724448010325
-0.2893096616729902703646359896083595231175
-0.2842566336688606143390245506452629342675
-0.2789856610112353418884367783903144299984
-0.2734866747464080316554202454426558688283
-0.2677531293509698984145472877571592107415
-0.2617812840624771375530599470948800444603
-0.2555708948535191371576047458802349865437
-0.2491260593744124562931574473623186349869
-0.2424561866792457054398113314164220355451
-0.2355770797852279330175662153123994357884
-0.2285121065599297895953867509888368658721
-0.2212934125459574963290521054659620858729
-0.2139630952654641704580029681892483495176
-0.2065742074644884573864089816197520121932
-0.1991913810729691314271860846929484978318
-0.1918907677898207819744413882290245965123
-0.1847589048822967372487369175360072404146
-0.1778901042030425760920309130597161129117
-0.1713821224199742199179041790557675994933
-0.1653302538911998464943309272712212987244
-0.1598205042729873293083642238343600183725
-0.1549228742844514783438825133998761884868
-0.1506856964444643343092877785238670185208
-0.1471313301434310216730949605334899388254
-0.1442521759512180035134321087753050960600
-0.1420038110767125882905048683824134059250
-0.1402938011396364093030797448591329157352
-0.1389811594747875633792943972366629168391
-0.1379131560917671306398801789327990263700
-0.1369772087870217702754160882250289432704
-0.1361092755274124488362730289736646227539
-0.1352683754428537221681239088866277597845
-0.1344148149484998000513513716214220039546
-0.1334988673164965444772889213709277100861
-0.1324497521932612442707721811530063860118
-0.1311497543107845720200543837563600391150
-0.1293707709388692839169721082726027816534
-0.1266115906118868150720402354636462405324
-0.1216135228274702606565682572181685827672
-0.1106335029919801038467142006993526592851
-0.0801853368546506933833839525505027268082
-0.0019180185122742777516224865763661000528
-0.0681095617538934050561039157400955446064
-0.1038755749133645767123823588917730376124
-0.1163445727742587892938885829607897903770
-0.1217013719782730901686207403145090211183
-0.1243993652106167163706729184013966005296
-0.1259248219903216503556819816367351450026
-0.1268700019008560109234906576602952554822
-0.1275052902865711490498767943790880963206
-0.1279680436790580633221736661653267219663
-0.1283346340719439815369895541152800433338
-0.1286508612105853321949666678847279399633
-0.1289456460925606784417851713442360050976
-0.1292376397337992866010125680986675433815
-0.1295387546041238124860939251448144204915
-0.1298562875768404234477770842204336076975
-0.1301943338657522986068215686827898025513
-0.1305547912431584967052344836702104657888
-0.1309380873520986088287543225305853411555
-0.1313436996810450063666309006293886341155
-0.1317705133519919136197984244063263759017
-0.1322170536372514193512728297719149850309
-0.1326816223372601077912236178235616534948
-0.1331623617355821298513518513573217205703
-0.1336572613078396698504946016328176483512
-0.1341641184834418687454871133013512007892
-0.1346804554521234542630025998732890002429
-0.1352033931805355082556019397088675759733
-0.1357294773245044106069201461650663986802
-0.1362544454506047775232957519619958475232
-0.1367729292373720262343539388893987052143
-0.1372780743311074469481525284209055826068
-0.1377610715242523764523241425195010378957
-0.1382105828045234463541390823593246750534
-0.1386120448799798843264596825974876992404
-0.1389468110948640644508600416884291917086
-0.1391910514352049377251319128845352679491
-0.1393142818653714254395481475512497127056
-0.1392773492404098256702837943521444685757
-0.1390296559146332877610063860629452392459
-0.1385053821732467604910254976857686415315
-0.1376183288760638723235985025894478894770
-0.1362548534103930897298795343886013142765
-0.1342641059620293952914238388984813354909
-0.1314446696730702524025247157624107785523
-0.1275266869002030789559398726851213723421
-0.1221490598459884363569116771941480692476
-0.1148327150893025394573498942918376997113
-0.1049555857452835749832331657671602442861
-0.0917493620785669594663858106287079863250
-0.0743805741548401594398498559712606947869
-0.0523008790685302593637118206970626488328
-0.0263988623334264413400340743010019650683
-0.0032389319486659682786888758698751189513
-0.0078516269222311634023991899766770075075
-0.0337561301019619827701312431145197479054
-0.0592950348615246120020927378391206730157
-0.0807364280910576742611439726715616416186
-0.0980350736685472040621291966999706346542
-0.1118332776117991617104152624051494058222
-0.1227844307659329697868244579694874119014
-0.1314030198178501585015709451909060589969
-0.1380545961577446800738755428028525784612
-0.1429788847965794140737472162072663195431
-0.1463178500245511659549890737253008410335
-0.1481403011214130205353001201729057356715
-0.1484615035746369438030001219885889440775
-0.1472594957223377354349480583550757728517
-0.1444899978132514473116998487967066466808
-0.1401005877966792212419022689573466777802
-0.1340447550818163469088517558702733367682
-0.1262973574507327834126613197440747171640
-0.1168748278105611881905190330144250765443
-0.1058640448758809554652415840791945811361
-0.0934681135964177123298668448114767670631
-0.0800839049938037728093576106402906589210
-0.0663208203021743575300561701624246779829
-0.0524023707528047735793030881268350640312
-0.0378545885748637622736367802644963376224
-0.0238709723103192224258339848574905772693
-0.0147355022844637157525271575764236331452
-0.0141791472567760774153855507506705180276
-0.0197758173502707162993985434695787262172
-0.0269868567455933822119007459150452632457
-0.0339230743148762198257983868643350433558
-0.0404799202884263062407477207216288661584
-0.0462319247834126478835514717502519488335
-0.0506025297104562427064067264836921822280
-0.0531129457239578953164915731122164288536
-0.0533487298337591633878851382633001776412
-0.0509250999326301481695544737249292666093
-0.0455096988716368472394080413323536049575
-0.0369255013184636438072772079976857639849
-0.0254377128419577235030057948961257352494
-0.0124605400590769681279379454963418538682
-0.0026188155929898846580039517561999673489
-0.0032290322520762203099831122443674757960
-0.0119829829160474823218640594291173329111
-0.0231041772460718365655996109353509382345
-0.0341118599544388556576990367830148898065
-0.0440674904642100115359504286516312276945
-0.0526771571256011011952224976084835361689
-0.0599418002950819484020428262738278135657
-0.0659835297388343539060073794644267763942
-0.0709606042123577807068102174525847658515
-0.0750295537900182718527020142573746852577
-0.0783306170655092698362764735975360963494
-0.0809839484123363456680166905243822839111
-0.0830903700154156932278226577182067558169
-0.0847337443573159959653295913994952570647
-0.0859836815198957854500250164164754096419
-0.0868980641004511444869251590716885402799
-0.0875251968539046409922832481242949143052
-0.0879055929116756978869418048816442023963
-0.0880734113185946687618610440040356479585
-0.0880576157826025718300400058069499209523
-0.0878828960766853961583677801172598265111
-0.0875704062245339781567210479806817602366
-0.0871383537290428972221789649665879551321
-0.0866024679231360006159690101412707008421
-0.0859763787279319707801406025282631162554
-0.0852719115656773718470162748417351394892
-0.0844993257032173178400213942040863912553
-0.0836674996381260582811734138886095024645
-0.0827840703860394655499987948132911697030
-0.0818555419072314743855756091761577408761
-0.0808873564028971120398736616152746137232
-0.0798839397456387323437354552879696711898
-0.0788487108500864480875591766562138218433
-0.0777840458747551116713836449889640789479
-0.0766911699681196989963893884123535826802
-0.0755699290794158845541161895198456477374
-0.0744183636563160583188292207523772958666
-0.0732319545335966548549322396866045892239
-0.0720023099853830533811915870501252356917
-0.0707148324458093252564694353168306406587
-0.0693443891606364964941278117294132243842
-0.0678468080540996221206029304084950126708
-0.0661409523496830353828102033730829134583
-0.0640675260044349936805474499124102294445
-0.0612832838109387476044354059467877959833
-0.0569476079682481664545612431993504287675
-0.0486162247244138062685081536073994357139
-0.0280155986230975831419165444913232931867
-0.0032227623213734067283975370798998483224
-0.0368501188996752312987403854549484094605
-0.0493542757241300505954839650257781613618
-0.0535607733609155187148864740720455301926
-0.0550025541548687865733846535931661492214
-0.0553336575038217495792203237670037196949
-0.0551493448099542801776884459741268074140
-0.0547010314977515108014749500853213248774
-0.0541083796723669657735555915678560268134
-0.0534337376219015391942690484938793815672
-0.0527119656333623273769539707700459985062
-0.0519636834782140483168788591683551203460
-0.0512016731937301391996975041820405749604
-0.0504342342574855551085022398183355107903
-0.0496671163919081837256896960752783343196
-0.0489047751766939972628556176914571551606
-0.0481513031469033153664227597801072988659
-0.0474110974883134236868009736554085975513
-0.0466890968730905853156798457348486408591
-0.0459904956985003401936928923987579764798
-0.0453201552088004847029800714608427369967
-0.0446820945644360451032284231587254907936
-0.0440793187791776799877574433139670873061
-0.0435140121295167978110463025132048642263
-0.0429879920433278231439722105733380885795
-0.0425033059218052483574368238805618602782
-0.0420628725262865779677134980829578125849
-0.0416710500710757089648517137447925051674
-0.0413339858600366011343041350301064085215
-0.0410596413510297131299608963672653771937
-0.0408574978408522415662673665792681276798
-0.0407380558582590285299218635373108554631
-0.0407122773394009151992634087946498766541
-0.0407910824044828215773073054606356890872
-0.0409849482362022871084761277415964286774
-0.0413036080842100056242927053062885534018
-0.0417558274079351601781873171148617984727
-0.0423492337624146869545782578825310338289
-0.0430901843478473794979421995776647236198
-0.0439836619569962047893163514800107805058
-0.0450331940640031000433474162036873167381
-0.0462407915940260469400691079044918296859
-0.0476069048999902891261548631973710143939
-0.0491304685906388260985266924762981943786
