-0.6080189257254654533468851695943158119917
-0.5974052985360268630543600920645985752344
-0.5892180649792088109606424950470682233572
-0.5772039353987818977032020484330132603645
-0.5657887653001940631014576865709386765957
-0.5549298113188155801012158008234109729528
-0.5444275944620073914848035201430320739746
-0.5340847240887947044996053591603413224220
-0.5237359260799965277044520917115733027458
-0.5133482104639627285891378960513975471258
-0.5028612599071485833590600122988689690828
-0.4922100946545328592485191165906144306064
-0.4813285609691304034463144034816650673747
-0.4701491500525580291558469525625696405768
-0.4586029830106151949919990329362917691469
-0.4466201705793912402064904654253041371703
-0.4341306453457797753792135608819080516696
-0.4210656359156932371234915990498848259449
-0.4073599619885474032443539726955350488424
-0.3929551105593981907837530798133229836822
-0.3778024150934746194785418538231169804931
-0.3618646666462175254252997547155246138573
-0.3451138938588237392579571860551368445158
-0.3275238807320432488090489187015919014812
-0.3090567469988375615130848927947226911783
-0.2896345028834639290238328612758778035641
-0.2690633507248744726858546982839470729232
-0.2468982021387774727916308847852633334696
-0.2223691053492078961717481888626934960485
-0.1945010585992419382961315932334400713444
-0.1623094269529368749438447139255004003644
-0.1251649199769562514905629768691142089665
-0.0837936793413110170281044020157423801720
-0.0422572091662817492241366323924012249336
-0.0109593356266776218582714719218529353384
-0.0068978886102148426542890469193025637651
-0.0226099024362396948395481643956372863613
-0.0383518041436119519471681371669546933845
-0.0473037742420625781369913909202296053991
-0.0478968386862748951582346990107907913625
-0.0406912039439075307045712293074757326394
-0.0276815689101183488862734094482220825739
-0.0129608589893523643704620340599831251893
-0.0039078526596308445911764906099961081054
-0.0127708403345778293003220937862352002412
-0.0336215755420179104873135145226115128025
-0.0595520394986595383302052653107239166275
-0.0860897931256420501089365870939218439162
-0.1110638058638249298093469974446634296328
-0.1336172530953376458295878137505496852100
-0.1535912790493526303148286160649149678648
-0.1711450125618488027345875934770447202027
-0.1865087733800735170230922221890068612993
-0.1998624978509569993789796171768102794886
-0.2113001090939983506178379002449219115078
-0.2208141717477681009729195693580550141633
-0.2282664957550091522353596928951446898282
-0.2333406828880465189168802453423268161714
-0.2354706413076526339001048881982569582760
-0.2337221606841593524173106288799317553639
-0.2265841468490533694435384859389159828424
-0.2115997016688957177432683920415001921356
-0.1847587846636225827889887796118273399770
-0.1398396525406782608946798518445575609803
-0.0705921496924564045860606142923643346876
-0.0035378198291953753297500728791646906757
-0.0675846017008190497188380163606780115515
-0.1744566058547288578406408987575559876859
-0.2678856827461257861244803279987536370754
-0.3389532859349310700558532971626846119761
-0.3914587343430027122082037749351002275944
-0.4312574611178807693079306773142889142036
-0.4626947012091766620045518720871768891811
-0.4886810609486104128862393736199010163546
-0.5110533548237656820134588997461833059788
-0.5308466480386195840424079506192356348038
-0.5489967322657195447632716422958765178919
-0.5659220670560807242566170316422358155251
-0.5818366249808539780730143320397473871708
-0.5964281469824517234457061931607313454151
-0.6105549295813039734071026032324880361557
-0.6234450494044747603794576207292266190052
-0.6349351315682384422345307939394842833281
-0.6467150685332994086707003589253872632980
-0.6588380855417136361396046595473308116198
-0.6705804934722380261646890176052693277597
-0.6821859160491265949843864291324280202389
-0.6935442943144267680111170193413272500038
-0.7038298105432657658653283760941121727228
-0.7114647053602008996975314403243828564882
-0.7167931273921165358231633035757113248110
-0.7199407544269553760329927172278985381126
-0.7216927521503236908628764467721339315176
-0.7214664191188273623112081622821278870106
-0.7202642720148023647297463867289479821920
-0.7180402934320375685217641148483380675316
-0.7167831148370761296106934423733036965132
-0.7157961289515322178544920461717993021011
-0.7152032114564694786906784429447725415230
-0.7133500426437998642725801801134366542101
-0.7097031588581437233642645878717303276062
-0.7056654552046461859049486520234495401382
-0.7019971481277760272377008732291869819164
-0.6990363930845429063509754996630363166332
-0.6971889767660337522414693012251518666744
-0.6954019456441623558973219587642233818769
-0.6935157101721575179098522312415298074484
-0.6917575991503153165496087240171618759632
-0.6902692493269259044197383445862215012312
-0.6887721724063746719934897555503994226456
-0.6866246552910314493445298467122483998537
-0.6837847643214561843549859077029395848513
-0.6799678527791715998418453636986669152975
-0.6747865919579828508645391593745443969965
-0.6685442884411808561750945045787375420332
-0.6614246635067455581946660458925180137157
-0.6535699588790976344299110678548458963633
-0.6453582818756403716164982142799999564886
-0.6369406690440380103268580569420009851456
-0.6284157637521444739192588713194709271193
-0.6200594777009711400239666545530781149864
-0.6119053362633776194101642431633081287146
-0.6037073102303071037155746125790756195784
-0.5954147852343389946128127121482975780964
-0.5871633036854594367426329881709534674883
-0.5789035948326770597560653186519630253315
-0.5705945047532551273050671625242102891207
-0.5623423134186394944933340411807876080275
-0.5542621537868018810613079949689563363791
-0.5463922244628235391772363982454407960176
-0.5386978440644007992688102604006417095661
-0.5311856577822873237693102055345661938190
-0.5238898903744317880892822358873672783375
-0.5168110811994039988093163628946058452129
-0.5098863722224485917067227092047687619925
-0.5030134984970149325533839146373793482780
-0.4961757728729642713538794396299635991454
-0.4893991676634240062249148195405723527074
-0.4827110695510137827746177663357229903340
-0.4761183378648600195148787861398886889219
-0.4695981841005961721080552706553135067225
-0.4631820109857527345553762643248774111271
-0.4569131662052894338188480105600319802761
-0.4507858310336398943718450027517974376678
-0.4447914670024931127478851067280629649758
-0.4389232506930298982616989178495714440942
-0.4331769709359237774393136533035431057215
-0.4275884600116277578507606449420563876629
-0.4221742537164993036569171636074315756559
-0.4168975553034707792754431920911883935332
-0.4117388233673839326165477814356563612819
-0.4067161283359000401027572024759138002992
-0.4018520257450497457085702990298159420490
-0.3971467129495145909068298806232633069158
-0.3925853968048412800939672706590499728918
-0.3881549334740474477278837639460107311606
-0.3838601183805475103305582251778105273843
-0.3797154294883481884248510596080450341105
-0.3757125773104844079774977672059321776032
-0.3718266843750583361405404048127820715308
-0.3680461908427367645479932889429619535804
-0.3643739267908335799361907447746489197016
-0.3608168469146093570998345967382192611694
-0.3573856088949556863987311317032435908914
-0.3540885022902323653326561725407373160124
-0.3509187212856943460792535915970802307129
-0.3478516521685138807029602503462228924036
-0.3448645947055746785459007242025109007955
-0.3419543230927611920932918110338505357504
-0.3391279278314379141967549458058783784509
-0.3363915683367868503239606070565059781075
-0.3337484648325021452386351938912412151694
-0.3311996519959753970674398715345887467265
-0.3287444700084942716955538344336673617363
-0.3263807000928988233390271034295437857509
-0.3241054590190220463519210625236155465245
-0.3219186304969200440595500367635395377874
-0.3198266145640588087317723875457886606455
-0.3178391952565743361347472273337189108133
-0.3159621628654694092119825654663145542145
-0.3141941960558208846165939576167147606611
-0.3125290564395123982244228955096332356334
-0.3109631205257762376348296129435766488314
-0.3095004657725878849383605029288446530700
-0.3081413528935054713109309432184090837836
-0.3068780360091562520175045847281580790877
-0.3057053246640802912637013832863885909319
-0.3046237905822311020642700896132737398148
-0.3036281867407128465252696969400858506560
-0.3027023398432332479401907221472356468439
-0.3018392295178374817865574186726007610559
-0.3010492688791843174378470848751021549106
-0.3003443016719442582029842014890164136887
-0.2997221263364900356584996643505292013288
-0.2991735842140298973212964028789428994060
-0.2987049461006421879893935056315967813134
-0.2983234299312630399825252425216604024172
-0.2980306823488298451074740569310961291194
-0.2978288231726895496365159488050267100334
-0.2977106510083011303713362849521217867732
-0.2976543098058217484691567733534611761570
-0.2976523138478907593018618626956595107913
-0.2977093038808844571718736915499903261662
-0.2978263556333444750379157994757406413555
-0.2980017407911022542243983934895368292928
-0.2982321566751072738910011139523703604937
-0.2985118921347080234163229306432185694575
-0.2988350103785764599884089420811505988240
-0.2991983540313430944834749425353948026896
-0.2996009867499342949059837337699718773365
-0.3000419394049003152247223624726757407188
-0.3005188093454139175442207942978711798787
-0.3010274789858249921969957085821079090238
-0.3015632526286672887572137824463425204158
-0.3021227047839581403287922967138001695275
-0.3027051102245050806516246666433289647102
-0.3033247798603408429407579660619376227260
-0.3039926762127286852255281246470985934138
-0.3046914604193810549581655777728883549571
-0.3054109515909347871698287235631141811609
-0.3061557633451122417689305166277335956693
-0.3069189549671009764608697878429666161537
-0.3076916699072502758838254521833732724190
-0.3084706721439609555801553142373450100422
-0.3092404635853114869270541475998470559716
-0.3099875110591777116475498132786015048623
-0.3107028028298511324045705350727075710893
-0.3113676430847693854531144097563810646534
-0.3119728377927112883405413867876632139087
-0.3125313294757777748955618335457984358072
-0.3130493050800431387159505902673117816448
-0.3134909732324389075586168473819270730019
-0.3137974761828559722154352584766456857324
-0.3139315783729054176731665393162984400988
-0.3138978420038855410290068448375677689910
-0.3137449881163841269859915428241947665811
-0.3135312246329700069935597639414481818676
-0.3132430535889888512102174900064710527658
-0.3127952515070902550498033178882906213403
-0.3121478953055383254167054474237374961376
-0.3113284452823121273290496446861652657390
-0.3103937098188114251939850873895920813084
-0.3093768624312641102314103136450285091996
-0.3082120677529804342320574050972936674953
-0.3068392372654131783349384932080283761024
-0.3053181330226525380666657838446553796530
-0.3037291822442556576966410375462146475911
-0.3020871933204020143293178080057259649038
-0.3003485615238389860870427128247683867812
-0.2984785448413664332711903171002632007003
-0.2965310947865637536402516616362845525146
-0.2945333667195619287149099818634567782283
-0.2924372422317367270494514741585589945316
-0.2902271041349946401055603928398340940475
-0.2879378996240157251307323349465150386095
-0.2855723264112166592809671783470548689365
-0.2831093462767176882621811273565981537104
-0.2805367966693520509480208602326456457376
-0.2778250955049650361416979649220593273640
-0.2750582945559535974489051568525610491633
-0.2721549453945216190398070921219186857343
-0.2691018568393043763897765074943890795112
-0.2658966291872718046285228865599492564797
-0.2625890248794794934461549473780905827880
-0.2592403867470743361600682419521035626531
-0.2558279958688556843249273242690833285451
-0.2522120342531939951591368753724964335561
-0.2483362753191988292478242783545283600688
-0.2443312250174352606713057411980116739869
-0.2402203126950010481088781943981302902102
-0.2359707802450460023546696675111888907850
-0.2315824960572394619617853095405735075474
-0.2270015272887853097216748210485093295574
-0.2222267356643493618761908692249562591314
-0.2173041245135954036005188072522287257016
-0.2122407237595235196536691546498332172632
-0.2070410912088370691819250168919097632170
-0.2017020981740919316482774092946783639491
-0.1961702487094915126064620380930136889219
-0.1905147018652924850723451299927546642721
-0.1847610035375822357117669980652863159776
-0.1789307314689026207066291362934862263501
-0.1730544124475359157866449777429806999862
-0.1671702616651894734989269863945082761347
-0.1613234936093807525558929683029418811202
-0.1555657622918255600374948244279948994517
-0.1499542662208511456523041260879836045206
-0.1445503261534588912429200036058318801224
-0.1394173673910290289779112526957760564983
-0.1346183114220420307116654612400452606380
-0.1302124028316263282256670663628028705716
-0.1262514542157223418339384579667239449918
-0.1227754598050639633921576887587434612215
-0.1198077165735581123273689740926783997566
-0.1173501908667423654364370122493710368872
-0.1153806683597154297826747892941057216376
-0.1138534047626577339062947658021585084498
-0.1127039713144820931578493627966963686049
-0.1118577418522633815101130494440440088511
-0.1112407839311554957895111783727770671248
-0.1107900119810762556982197679644741583616
-0.1104576867954110974689996282904758118093
-0.1102086853119559062275101268824073486030
-0.1100135978219248938936303261471039149910
-0.1098407676523363435405755694773688446730
-0.1096483624065329870456153571467439178377
-0.1093719820018462518529389626564807258546
-0.1088921814613855454378921194802387617528
-0.1079453797285095384417274999577784910798
-0.1058478887264462792172636795839935075492
-0.1004098724109915297120210198045242577791
-0.0820464788109099840696103456139098852873
-0.0036343295774149530358299031718161131721
-0.0747665323123599956378626529840403236449
-0.0990753575890330057118760009871039073914
-0.1067795119642094697764989064125984441489
-0.1103615336312405714735973560891579836607
-0.1125417395375746948404938052590296138078
-0.1141521096373291355163814841944258660078
-0.1155118437692943256234201498955371789634
-0.1167653840202048098895204475411446765065
-0.1179880421014166264059852551326912362128
-0.1192229648794532748112828812736552208662
-0.1204948847428603253550960516804479993880
-0.1218169901823297207599239300179760903120
-0.1231955790113733739676860068357200361788
-0.1246332017464748531665463815443217754364
-0.1261305385977398441088581648727995343506
-0.1276873962549630037166537022130796685815
-0.1293031981614243264289143553469330072403
-0.1309772218021595657777567112134420312941
-0.1327087215523919394577490038500400260091
-0.1344969987639196840056854398426366969943
-0.1363414411487680333312511038457159884274
-0.1382415368558690405009770074684638530016
-0.1401968636774119092436308164906222373247
-0.1422070517819047086316430750230210833251
-0.1442717205399681457134164475064608268440
-0.1463903873726900561891284269222524017096
-0.1485623484327636967261554445940419100225
-0.1507865283228717323549261664084042422473
-0.1530612936041352567517748184400261379778
-0.1553842225036397572957014290295774117112
-0.1577518185601039235610443256518919952214
-0.1601591476490766274842769689712440595031
-0.1625993734230790355166362814998137764633
-0.1650631490758161790122215961673646233976
-0.1675378149776450831254237527900841087103
-0.1700063226718648567992175912877428345382
-0.1724457859130757164667357983489637263119
-0.1748255047002702511349525593686848878860
-0.1771042510245124657064508255643886514008
-0.1792264938317397193756619344640057533979
-0.1811170824439651827475472600781358778477
-0.1826736158625096306806767643138300627470
-0.1837552287123402905422153708059340715408
-0.1841654243328328388606962562334956601262
-0.1836240897797127291646290814242092892528
-0.1817185408919356204293649170722346752882
-0.1778171557056452689593584182148333638906
-0.1709362033556907356501852746077929623425
-0.1595608473625477752300128031492931768298
-0.1413576687213410065790952785391709767282
-0.1127674374006717855634107650075748097152
-0.0691554672366428424545858888450311496854
-0.0126544901596784727104694212584945489652
-0.0246410412273025784812841010307238320820
-0.0845054018823325897580289733923564199358
-0.1304511948520538089368869805184658616781
-0.1641200750445318268244676573885953985155
-0.1896249783750624529066186596537590958178
-0.2097115433104983217571515297095174901187
-0.2260630072356652753295946922662551514804
-0.2396982414815377882000291265285341069102
-0.2512201624803513388961562213808065280318
-0.2609582311904077300823701079934835433960
-0.2690495590430911354573595417605247348547
-0.2754848228827937450802210150868631899357
-0.2801350009963730625095479354058625176549
-0.2827684096546118630577382191404467448592
-0.2830632507299784550447441233700374141335
-0.2806204853875464699797248613322153687477
-0.2749833031714752906715659719338873401284
-0.2656810022402373294703181727527407929301
-0.2523122289816649432836470623442437499762
-0.2346320464924783744109504368680063635111
-0.2125670861630778452067147554771509021521
-0.1861615042104530493016767422886914573610
-0.1555133346587281861772567026491742581129
-0.1208082065063677684735310435826249886304
-0.0829156164138141749120336498890537768602
-0.0451333981261474517787668503387976670638
-0.0164630244496459209047056759800398140214
-0.0240085001443068879467546139494515955448
-0.0490934664846045532016205470426939427853
-0.0750423303607406499970977620250778272748
-0.0975444506175992959162712736542744096369
-0.1156104204011596803258754562193644233048
-0.1292359744433070334324042960361111909151
-0.1384539280175540454376204024811158888042
-0.1430893735600021754450494881893973797560
-0.1427396205232559223130550662972382269800
-0.1367928341543943882019362945356988348067
-0.1244395328567416691978309017940773628652
-0.1046679823574829110155448574914771597832
-0.0764487688049044072924331771901051979512
-0.0398304919029580234424159357331518549472
-0.0038388353736178702259318473721805276000
-0.0183136676252805968845294160018966067582
-0.0513738707844084985243426899614860303700
-0.0812004280600893274533191856789926532656
-0.1048089073193990417021126404506503604352
-0.1226493656223164169238870613298786338419
-0.1358273852626534494714150014260667376220
-0.1454082682516734115196754828502889722586
-0.1522519710149795590936605549359228461981
-0.1570105126340448631339086205116473138332
-0.1601688639785266154991205667101894505322
-0.1620877889022162010590477621008176356554
-0.1630378827817400844146789040678413584828
-0.1632243981397598353577649277212913148105
-0.1628049118602792055821026906414772383869
-0.1619018274446001048882948225582367740571
-0.1606112847005095323194012735257274471223
-0.1590095820624531086640018884281744249165
-0.1571578402536413232581935517373494803905
-0.1551054504322882943156969304254744201899
-0.1528926417912525870246298609345103614032
-0.1505524166698010424259024375714943744242
-0.1481120320651173605241979203128721565008
-0.1455941328413261626195662756799720227718
-0.1430176339334252588741946965456008911133
-0.1403984095780397012287465940971742384136
-0.1377498324306907773184605048299999907613
-0.1350832008476840762067894274878199212253
-0.1324080769940916557647625495519605465233
-0.1297325562598110326728573227228480391204
-0.1270634812221673737298033302067779004574
-0.1244066085858941822506196217545948456973
-0.1217667332959127823865941309122717939317
-0.1191477680111587694744557097692450042814
-0.1165527677351451685261451984843006357551
-0.1139838797687243859835248827039322350174
-0.1114421861112450673481077956239460036159
-0.1089273856098175313755760384992754552513
-0.1064372306491271069628368195481016300619
-0.1039665765692995708091572737430396955460
-0.1015057609679096972676859422790585085750
-0.0990376724991213763793496127618709579110
-0.0965319228285300007241787056955217849463
-0.0939319523696323516182005164409929420799
-0.0911232277879264196407405052013928070664
-0.0878442295051830024377181871386710554361
-0.0833906058330183830307191783504094928503
-0.0753588543156096246633524060598574578762
-0.0521959335320439712924134312288515502587
-0.0087119713426257756189174941141573071945
-0.0613235220296747471357967640415154164657
-0.0719861026668601050593210288752743508667
-0.0740688747275080466847541060815274249762
-0.0739116483953521780092543735918297898024
-0.0729829006286808606995819559415394905955
-0.0717425717914151328535865559388184919953
-0.0703679452439810032560174590798851568252
-0.0689382753485301008611330075837031472474
-0.0674931114378166663314573270326945930719
-0.0660539017957082058574158622832328546792
-0.0646332471728474494687688434169103857130
-0.0632393424027411638066453747342166025192
-0.0618779456851936485173304447471309686080
-0.0605530257747386169153713808555039577186
-0.0592670344392638367980730151884927181527
-0.0580212970481536124967014700359868584201
-0.0568165510574876256311149802513682516292
-0.0556535012762109163042545389998849714175
-0.0545333005414972080138191756759624695405
-0.0534579085626739128334072859161096857861
-0.0524302866550025170599980128827155567706
-0.0514544224905700287031606876553269103169
-0.0505352613734355859964608725931611843407
-0.0496786585828968701994412526801170315593
-0.0488913941651323707970888676754839252681
-0.0481811753778042736739983809002296766266
-0.0475565221265185286703136569030903046951
-0.0470265120921657397978776771196862682700
-0.0466004527522630163094419231128995306790
-0.0462875584183358029788379894853278528899
-0.0460966605605524770705727632957859896123
-0.0460359404057183660419205750713445013389
-0.0461126759449700315829367980313691077754
-0.0463330189280643997551401014334260253236
-0.0467018293609505613650512145795801188797
-0.0472225861964769288992016527117812074721
-0.0478973736028324575952908048748213332146
-0.0487269255512742388569691343036538455635
-0.0497107041638943647487991484013036824763
-0.0508470537468033098593700458422972587869
-0.0521418191762504160124969132539263227955
-0.0535711226629227085793694129733921727166
-0.0551375008575129901822187150628451490775
