-0.0000061546458893468881901859385274988767
-0.0004509137674266172602331737007119727423
-0.0009432696480385827000197940250814099272
-0.0012032548610021831340943787580499702017
-0.0013301180012091063081108854859735401988
-0.0013896672487029504070021879158502997598
-0.0014146161204868301988768486410208424786
-0.0014195992289219095446733964749341794231
-0.0014126693976418247099963165780422968965
-0.0013979723070940397976202884677832116722
-0.0013783090566566380194557517313569405815
-0.0013550712459271007422761945448996812047
-0.0013295365707082916918030379704873666924
-0.0013024993886189661484314994410738108854
-0.0012745077566219743022551957878363282362
-0.0012459190514661055287914948053185071331
-0.0012173446480473104538283513065266561171
-0.0011891284975269445726292483200836613833
-0.0011616629275600931243267455172940572083
-0.0011350733538476175544379431769925758999
-0.0011096730383794628418264727187647622486
-0.0010856142361987486475577435740547116438
-0.0010630997360079829337775603192994822166
-0.0010420332027977396906898155393150773307
-0.0010221189341962978215649915370022426941
-0.0010028844781049183962351456500528001925
-0.0009837320196189036896478041782643231272
-0.0009627647962006824922803760458123178978
-0.0009383238326673881864181669953950404306
-0.0009075642897777313512774899351143176318
-0.0008659419747064545005293956236869234999
-0.0008100755944062032389701988321917269786
-0.0007335660788306186310542278405932847818
-0.0006335285632329035231460889754373511096
-0.0005095064582710429230971715952591694077
-0.0003682620454378793218783161300677875261
-0.0002267605560634722359873716168721102804
-0.0001111417325319052906706929206848144531
-0.0000493604329569530261910374757672315127
-0.0000640458682903033465127692891449839863
-0.0001625015262362716891506031480219007790
-0.0003407220985656733724424027887067722986
-0.0005854384017452751503771124497177424928
-0.0008809331523308072328659612537649081787
-0.0012117487970238994751670524863129685400
-0.0015640656380237504853580876584828729392
-0.0019268441459301755350197460359140677610
-0.0022895801111101408802095402705845117453
-0.0026428119258388150202010447031852891087
-0.0029764469881967837300296153557610523421
-0.0032819163426039787805066350045990475337
-0.0035468133829145310348396336053156119306
-0.0037615881714571463949325913489474260132
-0.0039129540809970508180581916235496464651
-0.0039866519373981000248785555584163375897
-0.0039687653739529718532885738113691331819
-0.0038451625043302282459800611746914000832
-0.0036041757809824035742318759645286263549
-0.0032385312540507559149471905612927002949
-0.0027502922558193267608961374293130575097
-0.0021597038281438041967819074784529220778
-0.0015087087861901183130641790341996966163
-0.0008705332176303959583127389798562489887
-0.0003505846540507140634938820777932733108
-0.0000738265025263640212822499608869009080
-0.0001575426027625703695976555618329939534
-0.0006684028997966140776473831230930500169
-0.0015924464187486075863325885038079832157
-0.0028455821643330646633640590437153150560
-0.0043101900857112542680971145614421402570
-0.0058751561373541934252262564086777274497
-0.0074543684953662925352091406239196658134
-0.0089910666309243447019694528421496215742
-0.0104519416992166977453670995146239874884
-0.0118192121046595596117745330388970614877
-0.0130860380802216291762363198358798399568
-0.0142509060562178487691076256282940448727
-0.0153139990042263432479252571738470578566
-0.0162762065194052597816298799671130836941
-0.0171364630629663658445416274389572208747
-0.0178904765782080879543691764865798177198
-0.0185300541751820188607347006382042309269
-0.0190395189978718494538956207406954490580
-0.0193947310725940992581772803760031820275
-0.0195571490853828598710517638892270042561
-0.0194664026804208419030306487229609047063
-0.0190301960833312404364203729301152634434
-0.0181061707211661454541840043930278625339
-0.0164770610874465789352782962851051706821
-0.0138349835483248875811490563592087710276
-0.0098487326925732563559501286931663344149
-0.0046121922197481035957111750178682996193
-0.0003039256074258323177261775782653785427
-0.0021098577075094240157460134810207819100
-0.0091494408639480797468257478044506569859
-0.0162860406392565174038544739687495166436
-0.0217935616316191176078387314873907598667
-0.0257766210791768243804078508674137992784
-0.0286750165730114588147348086977217462845
-0.0308546558566455061956013139479182427749
-0.0325626053657576269850792982651910278946
-0.0339567177055225127846327382030722219497
-0.0351375025227160034391182819035748252645
-0.0361694889571715569309695581523556029424
-0.0370950627995756190835585641707439208403
-0.0379427363475071527387783021367795299739
-0.0387319420864920202496328727193031227216
-0.0394764220432257742499082553422340424731
-0.0401858626015136541353989230174192925915
-0.0408673459897153298903127449648309266195
-0.0415261170455078001961801703600940527394
-0.0421660656674822942324709629247081466019
-0.0427901592403099537142985298032726859674
-0.0434006772660140149877605608708108775318
-0.0439993749076498519290367994472035206854
-0.0445876126116548712752241101497929776087
-0.0451664687982108667418934544457442825660
-0.0457367856577777925908279144096013624221
-0.0462992201715000800676946823841717559844
-0.0468542878177219609958648049996554618701
-0.0474023921226862446354211044763360405341
-0.0479438328818296566335988018181524239480
-0.0484788442022404120201883870322490110993
-0.0490075886397131968430507242828753078356
-0.0495301798930188955094600089523737551644
-0.0500466914287012731854531466524349525571
-0.0505571608369702191199124285958532709628
-0.0510615971684217767601055015802558045834
-0.0515599891716291280907569216651609167457
-0.0520523051197481004259692838331829989329
-0.0525384956240467840271612942615320207551
-0.0530184984550579330164765679000993259251
-0.0534922386033429911322834016118576982990
-0.0539596283068122864468030286388966487721
-0.0544205736265908068816088416497223079205
-0.0548749730829521109587432192711276002228
-0.0553227182062585379207497737752419197932
-0.0557636882599211805566774557973985793069
-0.0561977488680691708577974452509806724265
-0.0566247427428084662559548689841903978959
-0.0570444820689931034185526925739395665005
-0.0574567404518821697734232145649002632126
-0.0578612445774248848606724493492947658524
-0.0582576693915338936213821341425500577316
-0.0586456310924614240831509448526048799977
-0.0590246872061517061092139613265317166224
-0.0593943360898204278375267506362433778122
-0.0597540183635568433739848615005030296743
-0.0601031220867049228995249166018766118214
-0.0604409861036039539050612745541002368554
-0.0607669074131075778733013237342674983665
-0.0610801454659272435865347006256342865527
-0.0613799313540261889943216999654396204278
-0.0616654713682882535397133949572889832780
-0.0619359520826247428315625143113720696419
-0.0621905508398286968607671099107392365113
-0.0624284342402158520801691565793589688838
-0.0626487667651208085528580227219208609313
-0.0628507120980260902687319912729435600340
-0.0630334377617513680336358561362430918962
-0.0631961172949094818207527168851811438799
-0.0633379321234612685520559693941322620958
-0.0634580735097654974330438903962203767151
-0.0635557456893292849198218164019635878503
-0.0636301633709427660878787946785450913012
-0.0636805558709530455940850401930219959468
-0.0637061670161623988528631912231503520161
-0.0637062546905183130219185727582953404635
-0.0636800916346221546060490936724818311632
-0.0636269655903862613177679463660751935095
-0.0635461799889846939981552509379980619997
-0.0634370522093652272621611132308316882700
-0.0632989151292386309499704566405853256583
-0.0631311166472409146521727052459027618170
-0.0629330182613517669087954686801822390407
-0.0627039982915186810963348307268461212516
-0.0624434475026401855646263072685542283580
-0.0621507719664466731779306485350389266387
-0.0618253951295470588478409013077907729894
-0.0614667542327732505103021765080484328791
-0.0610743029220091951381199635306984419003
-0.0606475153563447721971613191271899268031
-0.0601858839120794422705706949727755272761
-0.0596889251332399853322563387791888089851
-0.0591561784028085124731433097622357308865
-0.0585872164106895007562592070371465524659
-0.0579816418209359515922862726711173309013
-0.0573391017678592379569479930978559423238
-0.0566592897557208485803670328095904551446
-0.0559419436146289181244206645260419463739
-0.0551868790749087956282181721689994446933
-0.0543939775759299387614120746547996532172
-0.0535632006640442900891052602219133405015
-0.0526946128580200595648008743410173337907
-0.0517883866831100742045279616831976454705
-0.0508448094860383739690412596701207803562
-0.0498643156021944880529339627628360176459
-0.0488474971825213072351701271145429927856
-0.0477951027079242529715941145695978775620
-0.0467080875844693016452069400656910147518
-0.0455876270398335517453070053761621238664
-0.0444351143624306596513484635124768828973
-0.0432522541240014865571161806201416766271
-0.0420410401706486844264354374445247231051
-0.0408038399491020761788995230290311155841
-0.0395434442136680941448645398850203491747
-0.0382631523046442073576756115471653174609
-0.0369668699859312804845146160914737265557
-0.0356593029157839871978730172941141063347
-0.0343460504168314750828017167805228382349
-0.0330339473990563237126849571723141707480
-0.0317314568750709305455792730299435788766
-0.0304490507608575662612526713246552390046
-0.0292001407214910815857145109930570470169
-0.0280020165050057952271789218912090291269
-0.0268775330275675336522134273309347918257
-0.0258575504024232752375844768266688333824
-0.0249847458369365921226901150475896429271
-0.0243192927718359763744615520408842712641
-0.0239488823175009225840970117360484437086
-0.0240047328007075566613792716452735476196
-0.0246885976242699270444269643576262751594
-0.0263202816169444304972291348576618474908
-0.0294230624367449213052427836601054877974
-0.0348729281914069572101411154108063783497
-0.0441452524975857879541152328783937264234
-0.0596115905341379273552071538233576575294
-0.0842076848359591956239000865025445818901
-0.1172854317777590055227321386155381333083
-0.1408167767470173414867673500339151360095
-0.1298485704607808544075453482946613803506
-0.0994925935722913296066494126534962560982
-0.0724175405121289389454020124503585975617
-0.0530535661391052237867427265882724896073
-0.0396384755637387634075174958070419961587
-0.0301678285711516822042987939767044736072
-0.0232776799877423452855840224628991563804
-0.0181216417653662711928497230928769567981
-0.0142489866969556702031018957654850964900
-0.0118134388455789721833477656787181331310
-0.0097774570173576082210420423734831274487
-0.0070731030608611701257504300599521229742
-0.0058564831230447124410520842729965806939
-0.0052264368902776425079848010568639438134
-0.0052375141827591632434635293691371771274
-0.0060494597198166976531608085565494548064
-0.0079452081967089933228765019634920463432
-0.0113810017441781496233543791163356218021
-0.0170125921457824659521751442525783204474
-0.0254604057815449487389702909467814606614
-0.0360872594738574081763005096945562399924
-0.0446634147258428010340836067371128592640
-0.0459366937578184406087977720289927674457
-0.0411190228213413194735537103952083270997
-0.0348398914875160531368081251457624603063
-0.0294131331766557396756311959507002029568
-0.0253123175287483098694352179336419794708
-0.0224004881824335436157902279319387162104
-0.0204306000056820279142666407778961001895
-0.0191817008198524839579501843900288804434
-0.0184806293272332250454681457085825968534
-0.0182001046106866799789703037504295934923
-0.0182451370350190968105952293853988521732
-0.0185446491937262813998188448749715462327
-0.0190447363355593958511580154890907579102
-0.0197044212918726716066153414885775418952
-0.0204909988928616837444707243776065297425
-0.0213784729998188240129852744075833470561
-0.0223456878824275333161875067844448494725
-0.0233755277244892950561094835393305402249
-0.0244533157582781240924063581587688531727
-0.0255670044836236037832932765923033002764
-0.0267060022997623464080518829177890438586
-0.0278616171945448437563541688177792821079
-0.0290262809702940098588452855210562120192
-0.0301934129843937533455022759198982384987
-0.0313573599208844810970475691647152416408
-0.0325130846910872475796772107514698291197
-0.0336563666706467812250735960333258844912
-0.0347834592081279342368205220736854244024
-0.0358912838951716828272964221469010226429
-0.0369769098997836595521526703578274464235
-0.0380379723863427735008890806511772098020
-0.0390721797865583031494907118030823767185
-0.0400779020135677219172087859533348819241
-0.0410534457176567960101642995596193941310
-0.0419974251859792577223906562267075059935
-0.0429083799330430282203963088250020518899
-0.0437852812144633660174086742244980996475
-0.0446269841758092089545328917665756307542
-0.0454324092898363562920138747358578257263
-0.0462003686356140877422582491362845757976
-0.0469296573385603113526265417476679431275
-0.0476186387200532856844858997646952047944
-0.0482659468721839957083830086048692464828
-0.0488689864801545512107416868730069836602
-0.0494250964854019078642544116064527770504
-0.0499304911094158934692366358376602875069
-0.0503797445828703671644177575217327103019
-0.0507656768951699269298849515053007053211
-0.0510776125086125354357591277221217751503
-0.0513007103589195323500860013155033811927
-0.0514119571819050338867818084054306382313
-0.0513765225220796026284197921540908282623
-0.0511396920826262396664318998773524072021
-0.0506112961235549718708170985337346792221
-0.0496362921074781776598072724482335615903
-0.0479406674912180516545667785521800396964
-0.0450113600795032098300652023681323044002
-0.0398678650180247229339869363684556446970
-0.0307095654939508917735668802606596727856
-0.0153569839443031437575815090212927316315
-0.0003243423218448016022083524312336066941
-0.0103232944844756317076539531285561679397
-0.0255994788175781910755102188659293460660
-0.0356320331505320525566915534909639973193
-0.0417634887599415624559462401066411985084
-0.0456203758804989700781362671477836556733
-0.0481560620720540219497074474475084571168
-0.0498908702952881033532150922837899997830
-0.0511168428844744129890820261152839520946
-0.0520032319583007482388659070693393005058
-0.0526528165434654860099783491023117676377
-0.0531307249829086267189914849495835369453
-0.0534796564595353338122940556331741390750
-0.0537285538724213557193465362615825142711
-0.0538973929533597337360184553745057201013
-0.0540006430860226482870700692728860303760
-0.0540488573407330377684765210233308607712
-0.0540495137428109936883480202141072368249
-0.0540086197221482516850343813530344050378
-0.0539303455921561342156778096068592276424
-0.0538182487058705139038039533261326141655
-0.0536746402337779301983111679419380379841
-0.0535015338429301254286052369479875778779
-0.0533000625485370027600851017268723808229
-0.0530711586791038636423678553910576738417
-0.0528152375763844619815934322559769498184
-0.0525322501136075981076345442488673143089
-0.0522217308085364331771138779458851786330
-0.0518830830848487356554699090338544920087
-0.0515148312617851392158918599761818768457
-0.0511153031367801019557717268071428406984
-0.0506822501318480375664954351577762281522
-0.0502123476729392850814726045882707694545
-0.0497017230413843505432147651390550890937
-0.0491455655307950767252123114303685724735
-0.0485374930429384593422170723897579591721
-0.0478694635710396956818080127504799747840
-0.0471317382370828041882049319610814563930
-0.0463114283941332346983266177176119526848
-0.0453925883927058029798651261899067321792
-0.0443546928475733459595886643000994808972
-0.0431713530840558343260049412037915317342
-0.0418089064058271980828251912498672027141
-0.0402243904086806922104635475534450961277
-0.0383627856404118242061862531500082695857
-0.0361545368283876025761180983408848987892
-0.0335141037477374170716615253695636056364
-0.0303393418034355009937907965422709821723
-0.0265202947568766549124585907293294440024
-0.0219611981527139225878197947849912452511
-0.0166367728851475119022929050061065936461
-0.0107260978733132207596501217494733282365
-0.0048936953620794202551858020910913182888
-0.0007741405760022024079222702219738039275
-0.0005624738069587232247234509507904931525
-0.0036148557266122050175838342767065114458
-0.0076148482070601672053178354815372586017
-0.0113907883342608731019884871216163446661
-0.0145692680056832540164135636473474733066
-0.0170919701670570606255594725553237367421
-0.0190091530770351846424404129720642231405
-0.0203999809017221950258047513671044725925
-0.0213410288596712766073792977294942829758
-0.0218988423908822900376680564704656717367
-0.0221251270193129241647955751659537781961
-0.0220612284226709004508748535045015159994
-0.0217354443585290012241895141187342233025
-0.0211693104970555080746041909378618584014
-0.0203773586558132352442029855410510208458
-0.0193686456090256323148146577750594587997
-0.0181494637011178384933263174616513424553
-0.0167247282290150234285164287939551286399
-0.0151017044697339328229723776075843488798
-0.0132919519764692888735835296643017500173
-0.0113172760000560881921138900452206144109
-0.0092173018162771628430940396015103033278
-0.0070576479363462871902124007306156272534
-0.0049437560782615427509845140718880429631
-0.0030329945356979727544288749641054891981
-0.0015325972417982746710818364732631380321
-0.0006551869248641351310344371761118509312
-0.0004954082180948015745949875032749787351
-0.0009410674607700953309824543069339597423
-0.0017588671453808136201091283368214135407
-0.0027275883522286182084060079944265453378
-0.0036804815400610403630654587914250441827
-0.0045015687554245944687614233714612055337
-0.0051104843140239155849235963557930517709
-0.0054495540684917753021521136247429240029
-0.0054738609950789407845861411772148130694
-0.0051533899150546487802349027163018035935
-0.0044755516756602590003333297374865651364
-0.0034674298390566880151419937305945495609
-0.0022368101444770749353097016864921897650
-0.0010383489866320938684041141897296256502
-0.0003285436974108902024975520372862547447
-0.0005739787013112129321693033467965960881
-0.0017914606390963406633981547244616194803
-0.0035953755630526319092554743406253692228
-0.0056004608259981117357462210293306270614
-0.0075700892200048029018200068662736157421
-0.0093884869542453976837270701594206911977
-0.0110125916383490788513777047796793340240
-0.0124378057787777988874022838672317448072
-0.0136759111654324860829490262403851374984
-0.0147468200925691822478214021430176217109
-0.0156716864642986244970934706088883103803
-0.0164701876472128048989329585083396523260
-0.0171602797476969465284568627794214989990
-0.0177574996541617000089807731910696020350
-0.0182747107914024535524344372561245108955
-0.0187230154002696637383085231931545422412
-0.0191115881439648527262420429906342178583
-0.0194486705614712943046562543258914956823
-0.0197404030531037090467894046241781325080
-0.0199921726756682703596279537805457948707
-0.0202089171635418743400158803069643909112
-0.0203938864330714848815961914851868641563
-0.0205507399938673895878338271359098143876
-0.0206816088113301703443891454980985145085
-0.0207885901654268623328647436210303567350
-0.0208734532053684550267913522247908986174
-0.0209372705908950872133456044821286923252
-0.0209807665962831353667628064840755541809
-0.0210043155295657167636047546466215862893
-0.0210076560725003143315081644004749250598
-0.0209904735010689874608047489346063230187
-0.0209516062443672462789479027378547471017
-0.0208896852592268707227152191308050532825
-0.0208023401357230602881642766988079529256
-0.0206865943232873161772289449800155125558
-0.0205382723496114402705892132416920503601
-0.0203527789694396138431287113235157448798
-0.0201229133786170258368919405711494619027
-0.0198399102089236202550726062554531381465
-0.0194922929297257040148760864894939004444
-0.0190634751876373881307458191258774604648
-0.0185311101028784348809796966861540568061
-0.0178611242886035255506005370307320845313
-0.0169983833492107078155797239560342859477
-0.0158439024377787195108080453564980416559
-0.0141897218057785417383298565141558356117
-0.0114948129715393195654504765457204484846
-0.0060357277243930093982293705323627364123
-0.0006211473023195335100080094470342828572
-0.0087860942392914871679199251275349524803
-0.0129843812993790247434233720014162827283
-0.0152557556662243857387162293548499292228
-0.0167636353351361434838029396132697002031
-0.0178804112036070501912110586317794513889
-0.0187609279568405756810633988607150968164
-0.0194833755853115984935097770858192234300
-0.0200928745733585101262974603741895407438
-0.0206182377156105683946307749465631786734
-0.0210796705078569561464529868999306927435
-0.0214908183153154769273740498647384811193
-0.0218624552449455250568988162740424741060
-0.0222025524949392080720222963918786263093
-0.0225171819609512220694558237710225512274
-0.0228111974924216989735192839816591003910
-0.0230884800439929011028894478840811643749
-0.0233517985255330545735219516245706472546
-0.0236036109841261942943191343147191219032
-0.0238457318628299795582048403730368590914
-0.0240790506958243298585298219904871075414
-0.0243047973140146401915817619965309859253
-0.0245230091973971178753721744669746840373
-0.0247342378302506972487240233249394805171
-0.0249381626092765075475288227835335419513
-0.0251345075079483851188122400799329625443
-0.0253226031154562269964714005254791118205
-0.0255019263097131659856486862736346665770
-0.0256717403060513493784355887328274548054
-0.0258312417001968150365165399762190645561
-0.0259798253873674243885627532790749683045
-0.0261173454190376727601652362409367924556
-0.0262435147611576533033250768767175031826
-0.0263586361500233075372268132241515559144
-0.0264633313395823306646281736220771563239
-0.0265586473340393945663517882849191664718
-0.0266460540050680524948312211108714109287
-0.0267274635584233040408452808378569898196
-0.0268050952158729594021480124865774996579
-0.0268815236401659107823292060857056640089
-0.0269594782114667003147800983242632355541
-0.0270421902332898395071580921467102598399
-0.0271329292920434762825809826836120919324
-0.0272354221615407759982119273445277940482
