-0.0000069409729505087724987788533326238394
-0.0013454580737595712644494305720854754327
-0.0028198994712273239317268380688119577826
-0.0036027596316786660544939646655393516994
-0.0039818765470174335985298341711313696578
-0.0041563126060893788860095554582585464232
-0.0042209920189896265110829354227917065145
-0.0042217809179544759506930162729076982941
-0.0041822088113707715437139533776189637138
-0.0041152748997404812666967011125507269753
-0.0040286520065024805994924328444994898746
-0.0039271573397697354806945568839182669763
-0.0038140384948037596608838573075672684354
-0.0036916421474208942557493351444009022089
-0.0035617714527887171446773884042613644851
-0.0034259378966148921336065669152048940305
-0.0032855340519218944120294345623278786661
-0.0031418029591681767044575313008181183250
-0.0029960292696719430759200175629075602046
-0.0028494695258665298821798561590412646183
-0.0027033960855289028077375057534936786396
-0.0025591266924177235274340258541769799194
-0.0024179070966561023482699344100410598912
-0.0022810306362690767854883855392245095572
-0.0021495381530574684918188932414295777562
-0.0020243366238770345126585237238714398700
-0.0019058731368702664082243058985000061512
-0.0017939953162420330459725370531032240251
-0.0016877897732796387584436326179115894774
-0.0015849700187769821379396573135522885423
-0.0014817115127937251564671505832393449964
-0.0013725225704563815028180773225585653563
-0.0012501254666439764323682126700987282675
-0.0011055633570499522663060920635302863957
-0.0009312496121409274529162614086885696452
-0.0007255629039751809684563599311957204918
-0.0005009255519317124026937304570594733377
-0.0002908333080285840834683375177860398253
-0.0001457149843682370362208527980740768726
-0.0001192014791600559653859947584209066918
-0.0002487121711879747114337657620808386127
-0.0005483503287418001323136329538954214513
-0.0010110004260050597501424674007353132765
-0.0016166610799098091611619709695446545084
-0.0023395075021909539705888825267265929142
-0.0031523170471848670909364997783086437266
-0.0040284201392518804302200763345354062039
-0.0049410651749014289704775571010486601153
-0.0058642615120414846863194924253548379056
-0.0067715334971493561233568669877058709972
-0.0076351460951653024947227699215090979123
-0.0084257246374385957182751027971789881121
-0.0091106149934771316761805692863163130824
-0.0096539110239521400136375461897841887549
-0.0100160039833020915456263111309453961439
-0.0101534284415529720696502735677313467022
-0.0100215026111427456256830481606812099926
-0.0095771342187864465927971124870055064093
-0.0087870033611632258896406710846349596977
-0.0076398862757445056004268479910024325363
-0.0061647548094055128198309745357619249262
-0.0044551657787196500409843125112274719868
-0.0026925712430525329012243052062558490434
-0.0011593716951923372596860994931944333075
-0.0002186005181175620926126157428370788693
-0.0002421629803318281427739616651351184373
-0.0014742429706673743430855871849871618906
-0.0039105737320865863182461907854303717613
-0.0073219282699455460680648677396220591618
-0.0113879502714495407789119241215303190984
-0.0158070723435678461843423292521038092673
-0.0203454729269422346371598564473970327526
-0.0248429218297062069653602378593859612010
-0.0292013441550960615999965597211485146545
-0.0333665470795040872142855903348390711471
-0.0373120093902527885654230033196654403582
-0.0410270441645291042420673477408854523674
-0.0445073377288874305612864645809167996049
-0.0477488461355471752178836197799682850018
-0.0507431096409636656074937377525202464312
-0.0534724173976705227651073926153912907466
-0.0559053460535583399138026550190261332318
-0.0579899441921718078463143797307566273957
-0.0596441810601818847570321224793588044122
-0.0607405487881508207581582325929048238322
-0.0610815041214411574843623498054512310773
-0.0603594650910607710692090677184751257300
-0.0580929329095393673365599340741027845070
-0.0535351045437419889583274823507963446900
-0.0455913643127603615545773152462061261758
-0.0329959664287257647963258477830095216632
-0.0158276997039933330080341278289779438637
-0.0011318711199708442454586743153299721598
-0.0069147140896512063537593384410229191417
-0.0305843262361034547158755714235667255707
-0.0549985544887625979471046377966558793560
-0.0742342183627330842732305882236687466502
-0.0885712611403652455566160028865851927549
-0.0994428327869263245508690829410625156015
-0.1080348208952275068650550338134053163230
-0.1151449693207016594653779861801012884825
-0.1212843526930357657134251780917111318558
-0.1267798889218272606616011444202740676701
-0.1318439092977247428795095629538991488516
-0.1366174164810089464161535488528897985816
-0.1411963261447095330236578547555836848915
-0.1456475058282877266258026338618947193027
-0.1500187251196530846542032122670207172632
-0.1543449307073055942751693692116532474756
-0.1586522997700409720600589480454800650477
-0.1629609019816929127433269286484573967755
-0.1672864825236634878091734890404040925205
-0.1716416807116923903819838415074627846479
-0.1760368783123597291595530123231583274901
-0.1804807970554191676182398396122152917087
-0.1849809322309425851926789619028568267822
-0.1895438754710560835814447955272044055164
-0.1941755549929680413345778333678026683629
-0.1988814265334803432772048381593776866794
-0.2036666207938379324904332179357879795134
-0.2085360613920784200736591174063505604863
-0.2134945578453060210932790141669102013111
-0.2185468763210934584062528074355213902891
-0.2236977915016608031706368819868657737970
-0.2289521240663612011712046978573198430240
-0.2343147660993922520855647917414898984134
-0.2397906987931369138244974692497635260224
-0.2453850055557668663475112680316669866443
-0.2511028797874083617891471931216074153781
-0.2569496292514353297242735152394743636250
-0.2629306736294085844463097600964829325676
-0.2690515379494268222160258119401987642050
-0.2753178399385051711156791043322300538421
-0.2817352753161916356638982961158035323024
-0.2883096012813429753762761720281559973955
-0.2950466206078950492930346172215649858117
-0.3019521665437335800064033719536382704973
-0.3090320884193505923676070779038127511740
-0.3162922361576628316193193768413038924336
-0.3237384426836438233721082724514417350292
-0.3313765015974695637979152706975582987070
-0.3392121388416803884346961694973288103938
-0.3472509766108686224406199016812024638057
-0.3554984892116854755528265741304494440556
-0.3639599501678191795228656246763421222568
-0.3726403718144448706794946701847948133945
-0.3815444396345930577751914825057610869408
-0.3906764459057205374215016036032466217875
-0.4000402303802351733352793416997883468866
-0.4096391397788490817966078338940860703588
-0.4194760218539541618554267188301309943199
-0.4295532729885305767147940514405490830541
-0.4398729562938129555860200525785330682993
-0.4504369990145820623617112232750514522195
-0.4612474613726434413685240087943384423852
-0.4723068844084872819344411709607811644673
-0.4836193768853775942773154383758082985878
-0.4951972949238040433428409414773341268301
-0.5070312541474458756241006085474509745836
-0.5191070280711950202245930086064618080854
-0.5314665574289779703676117605937179177999
-0.5441006228915951092872660410648677498102
-0.5570207657309829141212276226724497973919
-0.5701940629975128516093718644697219133377
-0.5836087254904627208418332884320989251137
-0.5972752836934178688466090534348040819168
-0.6111638091450892762424018656020052731037
-0.6252449108828844748231290395779069513083
-0.6394898495334091492736661166418343782425
-0.6538740986234193863779751154652331024408
-0.6683826512084162230209471999842207878828
-0.6830134283788436011519706880790181457996
-0.6977765788348971875976189949142280966043
-0.7126893528105788799820174972410313785076
-0.7277683337640890037789631605846807360649
-0.7430220975498955660043520765611901879311
-0.7584476689156456341578405044856481254101
-0.7740336132499514576466026483103632926941
-0.7897704615367296954175913015205878764391
-0.8056645291569205502568706833699252456427
-0.8217470065016226898890749907877761870623
-0.8380727352519460326973899100266862660646
-0.8547114487286876505223176536674145609140
-0.8717392000455896905464214796666055917740
-0.8892355388215931188966578702093102037907
-0.9072834685087678430193136591697111725807
-0.9259545594295691683939253380231093615294
-0.9452540414053541839578542749222833663225
-0.9650263930234450615586183630512095987797
-0.9849231397318806147112013604782987385988
-1.0046609424379182584630143537651747465134
-1.0242355855320814939091178530361503362656
-1.0436809581997155138566313326009549200535
-1.0628317242522735686094392804079689085484
-1.0813328693066237562447895470540970563889
-1.0988863506691417537552979410975240170956
-1.1150679315576186301228744923719204962254
-1.1302675680203237984500219681649468839169
-1.1447961378555995271000256252591498196125
-1.1585037537459792478244935409747995436192
-1.1721592088205248227694710294599644839764
-1.1867738810586900832788614934543147683144
-1.2027535895879120086959801483317278325558
-1.2199967656127064241644575304235331714153
-1.2373405622943824955228819817421026527882
-1.2543600339429736845175966664100997149944
-1.2726237137591716042095413286006078124046
-1.2924468767444505790109587906044907867908
-1.3132702325527114695091768226120620965958
-1.3348972870171493809721141587942838668823
-1.3562786617501161323673386505106464028358
-1.3771528001147765873923844992532394826412
-1.3968207796691993749504945299122482538223
-1.4142758731792639537161448970437049865723
-1.4282780615633217102811158838449046015739
-1.4401286247647440141861352458363398909569
-1.4503490584385563266778262914158403873444
-1.4570675983953234045031877030851319432259
-1.4601133398472250224386925765429623425007
-1.4614389978020709826012080156942829489708
-1.4625666996296891042561583162751048803329
-1.4625068166586840945342373743187636137009
-1.4601465563025448624046020995592698454857
-1.4518933407209682062699585003429092466831
-1.4346942320752860133836747991153970360756
-1.4013818720327901878874854446621611714363
-1.3406080756527030128921751384041272103786
-1.2192418628361298971185533446259796619415
-0.9073780869295212658798277516325470060110
-0.0159582083080403724917317731524235568941
-0.9444276868132811530998083071608562022448
-1.2463130148108099159998118921066634356976
-1.3798304584493672475531411691918037831783
-1.4576870644812494060005292340065352618694
-1.5114846223194859931027167476713657379150
-1.5532679157112196932644110347609966993332
-1.5903183750197349421995340890134684741497
-1.6234803112433013883020294088055379688740
-1.6553216062250668549893362069269642233849
-1.6839160608250103301486433338141068816185
-1.7097272846531792467317245609592646360397
-1.7344299915156451419306904426775872707367
-1.7553046216593506390069023836986161768436
-1.7721500137679679909297192352823913097382
-1.7886890869096492284739952083327807486057
-1.8063261675775412751221438156790100038052
-1.8219114106571907552023503740201704204082
-1.8336500785619171960405537902261130511761
-1.8445767473933412095021822096896357834339
-1.8548756326841382424674975482048466801643
-1.8629297594386482472827992751263082027435
-1.8684961640112112135625466180499643087387
-1.8710462406209626973208060007891617715359
-1.8707650263584225669433180883061140775681
-1.8686368003465438913934804077143780887127
-1.8659258637242137623957205505575984716415
-1.8625673970266516388250011004856787621975
-1.8569850932581544178390231536468490958214
-1.8474006830231188835966804617783054709435
-1.8324558818914591373783196104341186583042
-1.8118988691704596138976057773106731474400
-1.7866378296226939070834305312018841505051
-1.7580041495419971298019845562521368265152
-1.7270397690067622598064644989790394902229
-1.6943896390906394433528703302727080881596
-1.6602230699017772597159137148992158472538
-1.6245215297190567227403334982227534055710
-1.5875308359636881583298873010789975523949
-1.5497519100060812569097379309823736548424
-1.5116338531134909661801657421165145933628
-1.4734863479204876046679828505148179829121
-1.4355804177610340666149113530991598963737
-1.3982252982212211023238523921463638544083
-1.3617400221144553285057554603554308414459
-1.3263836267621598175026065291604027152061
-1.2923176662243323065126787696499377489090
-1.2596053800395303756687326313112862408161
-1.2282285684478282394849202319164760410786
-1.1981124611581868144583040702855214476585
-1.1691528004367677251451596021070145070553
-1.1412396596293135075939062517136335372925
-1.1142740363346976817382483204710297286510
-1.0881757361256869653942658260348252952099
-1.0628836782324320164860864679212681949139
-1.0383516073080787389670831544208340346813
-1.0145425713575939585808782794629223644733
-0.9914244438226939015734728855022694915533
-0.9689671705427622683259869518224149942398
-0.9471413175920982974176354218798223882914
-0.9259172472338257353641211011563427746296
-0.9052645158428154203988924564328044652939
-0.8851513744883096057591842509282287210226
-0.8655443531589150918392761013819836080074
-0.8464078436832054297411787047167308628559
-0.8277035281610364281235092676070053130388
-0.8093894422008111044775091613701079040766
-0.7914184578156350236000093900656793266535
-0.7737359416434301806475559715181589126587
-0.7562762430706436722616103907057549804449
-0.7389574615598303308772187847353052347898
-0.7216735303297778791886685212375596165657
-0.7042819176059602614969890055363066494465
-0.6865839015418192525785912039282266050577
-0.6682917413690365737721776895341463387012
-0.6489718208876632532522421570320148020983
-0.6279415515667627900597835832741111516953
-0.6040722629146082489626223832601681351662
-0.5753880543244539458314079638512339442968
-0.5381867701001603609967105512623675167561
-0.4849430367002110497942624078859807923436
-0.3988908945278569206926988499617436900735
-0.2411326692128681614679663880451698787510
-0.0044885504712236755364695994785506627522
-0.1864556843225541604702755194011842831969
-0.3380982095431117606665338826132938265800
-0.4090522390749486980610072350827977061272
-0.4432201364155276546163975126546574756503
-0.4596289279478530387379464627883862704039
-0.4666603315061790824280762990383664146066
-0.4683669591797998688065263195312581956387
-0.4668780465105797916613994402723619714379
-0.4633905004315858056074262094625737518072
-0.4586148888192704276001165908382972702384
-0.4529921823402963676485910582414362579584
-0.4468061300648034084304072166560217738152
-0.4402447928158512713281425021705217659473
-0.4334358127016544326437497147708199918270
-0.4264674526612809990488983657996868714690
-0.4194015776124044858619299702695570886135
-0.4122818959769023461348069758969359099865
-0.4051393347063532157648069187416695058346
-0.3979956141467713148784923760103993117809
-0.3908656685828419963257829294889234006405
-0.3837593076472124442588551573862787336111
-0.3766823657726270924150924201967427507043
-0.3696374944906200554761710463935742154717
-0.3626246997898114887703968634014017879963
-0.3556416943177926892616369514144025743008
-0.3486840989638519405779959470237372443080
-0.3417455373144197006141098427178803831339
-0.3348176139518694860441883065504953265190
-0.3278897971588823345712171430932357907295
-0.3209492042733820271749323183030355721712
-0.3139802738594972830732388047181302681565
-0.3069643002127788733446323021780699491501
-0.2998788222966312644324204939039191231132
-0.2926968028913786157296783585479715839028
-0.2853855530987524646846509313036222010851
-0.2779053293321357975820262709021335467696
-0.2702074915395097365333754169114399701357
-0.2622320746712886729845592981291702017188
-0.2539046042195687857834229816944571211934
-0.2451318915673261766841051212395541369915
-0.2357965035768004868899083703581709414721
-0.2257495438848781399432397165583097375929
-0.2148013852359759445764808560852543450892
-0.2027101661424059730887137220634031109512
-0.1891686537965287517870649480755673721433
-0.1737919048550401746044968831483856774867
-0.1561132551348942687496901271515525877476
-0.1356078503927629630432249996374594047666
-0.1117892839230610335654603204602608457208
-0.0844785453978776218475488235526427160949
-0.0544385790905633631941995531633438076824
-0.0247009154207078578113776501368192839436
-0.0032139406919650804865529192255735324579
-0.0033077709002215381801914606541004104656
-0.0204257732167026605230031321980277425610
-0.0407490518024008555042492218944971682504
-0.0588625718190691829545535540546552510932
-0.0733504792920793013966118678581551648676
-0.0842183462064016868930949044624867383391
-0.0919151639635456124688417389734240714461
-0.0969624557946308779365907071223773527890
-0.0998275397767813821303661825368180871010
-0.1008918220713176661096355246627354063094
-0.1004530733566177391757889836299000307918
-0.0987380832806190184003369836318597663194
-0.0959166072638277938944284528588468674570
-0.0921142217133526647332431025461119133979
-0.0874232859181693772177013102009368594736
-0.0819127015846610045946007971906510647386
-0.0756372069814292002920552704381407238543
-0.0686471350228534810122837939161399845034
-0.0609998053353108873886334606595482910052
-0.0527736510892550456097715994019381469116
-0.0440866431956054502516728632599551929161
-0.0351198070209087637172373774774314370006
-0.0261468435382602240601990217783168191090
-0.0175697954757703007910851766837367904373
-0.0099590352847593235224854524290094559547
-0.0040819148351915850170268384999872068875
-0.0008018896278744170290353476815425892710
-0.0005368529030532687628882171360089614609
-0.0027061754600634425373117952773327488103
-0.0062479315610745730577568757269091292983
-0.0102638412561196316896694469278372707777
-0.0141209903287233921875820641389509546570
-0.0173818838264905711765706541882536839694
-0.0197394260058096453203102527140799793415
-0.0209736822225029956312525314388039987534
-0.0209290730039892042269045191460463684052
-0.0195127788462552929915627686341395019554
-0.0167211948023344783575971916889102431014
-0.0127065788623955174679869273290933051612
-0.0079037904771271927373277321748901158571
-0.0032408487022935108384791291769033705350
-0.0003578655719627876958567613829842457562
-0.0009878257052383611000467844576178322313
-0.0050639693455844757286055113354450440966
-0.0111651034816356992118713264972029719502
-0.0180142848897601459690065439644968137145
-0.0247845405359702758429918389992963057011
-0.0310241406807411843060684475403832038864
-0.0365379910353593739813504726043902337551
-0.0412836821900134584573116569572448497638
-0.0452983319661053943083750539244647370651
-0.0486537681947650652025672002309875097126
-0.0514318833050264323514255693226004950702
-0.0537123223554000425727927847674436634406
-0.0555671785696953066113756847244076197967
-0.0570593116907175124108420050106360577047
-0.0582424399188005911809362658004829427227
-0.0591619882880313682771422634232294512913
-0.0598561880124942116698782967887382255867
-0.0603571691733121237777304202154482482001
-0.0606919587419519762638842053092957939953
-0.0608833408147160318191204453341924818233
-0.0609505780534691926630941338771663140506
-0.0609100104641659145787713214303948916495
-0.0607755439315377163356224343715439317748
-0.0605590502501475377861162030512787168846
-0.0602706921103982051768355177046032622457
-0.0599191867318608767378762536282010842115
-0.0595120174302663160204041048473300179467
-0.0590556021704773670411015018544276244938
-0.0585554288252261925795671970718103693798
-0.0580161541913465084174816865925095044076
-0.0574416738183074412904538519342168001458
-0.0568351614676261274183843852370046079159
-0.0561990728667621092240480606960773002356
-0.0555351056234886925055960205099836457521
-0.0548440982441066732233636571436363738030
-0.0541258409038293461512658666379138594493
-0.0533787429033374810627421425124339293689
-0.0525992587833016417286913224415911827236
-0.0517808895142952349543996604097628733143
-0.0509123867366389343258603616959589999169
-0.0499743843957794892096657690672145690769
-0.0489327035722600042766394778936955844983
-0.0477240894787555255951438937245256965980
-0.0462230395889482864602015865784778725356
-0.0441558404563499526385150772966881049797
-0.0408460667757642587050170845941465813667
-0.0343398792963392762711549721643677912652
-0.0184569250120526946734589301968298968859
-0.0017413688637663482430134598288873348793
-0.0255953217870817269219418932379994657822
-0.0355864697102313692900210639891156461090
-0.0389520193920648363783421075368096353486
-0.0400832008121657160093498362130048917606
-0.0403305058710443434244474758543219650164
-0.0401748402996835868306035877139947842807
-0.0398148671099998116562623806657938985154
-0.0393429879853178857129769596667756559327
-0.0388063962093952580234557103722181636840
-0.0382310695935778946386029986115318024531
-0.0376322084311637508613479496943909907714
-0.0370191698698634705233523334300116403028
-0.0363979663163245190093952885490580229089
-0.0357726055727626834901400343369459733367
-0.0351458455814642675707482055713626323268
-0.0345196377296432960202210438183101359755
-0.0338953969481638334171336168765265028924
-0.0332741715134620072436000270954536972567
-0.0326567530499889541184543872986978385597
-0.0320437494337272241184955134940537391230
-0.0314356343681422220615040430402586935088
-0.0308327817915141633164921586285345256329
-0.0302354904071918777208605177975186961703
-0.0296440019939700066808896394832117948681
-0.0290585162500562772802670252758616697975
-0.0284792043585192951316020781860061106272
-0.0279062226216486262975191579016609466635
-0.0273397266484367677807920671284591662697
-0.0267798857764695516503472560998488916084
-0.0262268971476889503624541077897447394207
-0.0256809989351242211330639264588171499781
-0.0251424824563056398263327650965948123485
-0.0246117031861104069989654163919112761505
-0.0240890913167513022463683824980762437917
-0.0235751639152683989397729646952939219773
-0.0230705428885606758648840752812247956172
-0.0225759847922384938867512715887642116286
-0.0220924281658338231282279195966111728922
-0.0216210599966450076059309992615453666076
-0.0211633955867289516583618080858286703005
-0.0207213584054869413841881709004155709408
-0.0202973425042629607162325555691495537758
-0.0198942426280207980415770663285002228804
