-0.4985533326952298893708359628362813964486
-0.4970379259556142459430816415988374501467
-0.4972528564703488918041784927481785416603
-0.4996171631885013009188867272314382717013
-0.5002821375368966538843551461468450725079
-0.4989080752207822877508647252398077398539
-0.4971561548853744016973621455690590664744
-0.4953461109609452184265876439894782379270
-0.4936033860242069470913861550798173993826
-0.4919821439423924247513753016392001882195
-0.4899709486080366938054453385120723396540
-0.4876320651553405771672089485946344211698
-0.4848484299241409001268721112865023314953
-0.4814194635007325584474813240376533940434
-0.4774479661077340453267936482006916776299
-0.4730545576557432241315837018191814422607
-0.4683667391171320026899138611042872071266
-0.4629800784085845166693218288855860009789
-0.4571518469156498065686378140526358038187
-0.4511567935067563595019635158678283914924
-0.4448468316893463003758313334401464089751
-0.4381473266266817656600096597685478627682
-0.4311580434447111476181646594341145828366
-0.4240017675469112123920467638527043163776
-0.4161042854950308123029856233188183978200
-0.4079535486802814414630802275496535003185
-0.3990212052028374034584601304231910035014
-0.3893813081357908600921291508711874485016
-0.3789440245678457053202237148070707917213
-0.3676076834778730373365362993354210630059
-0.3552826538834644165554266237450065091252
-0.3418216562655412293914025667618261650205
-0.3264820351912679496919622579298447817564
-0.3035672153341734680331853724055690690875
-0.2102006788748921328746632752881851047277
-0.2100880232466265928881199442912475205958
-0.3012818498023015489906129005248658359051
-0.3224400557547538181957236247399123385549
-0.3360109832905739390973565150488866493106
-0.3476960357422732017518285374535480514169
-0.3582194037234684436121767703298246487975
-0.3677333011073908863863834994845092296600
-0.3763316426129796332666899161267792806029
-0.3841014579910673187868042077752761542797
-0.3911265506039672823490604969265405088663
-0.3974899136144420253025089095899602398276
-0.4032780612526560837238776002777740359306
-0.4083957037423505131989998062636004760861
-0.4131315451612825873084489103348460048437
-0.4177819697255301112370773353177355602384
-0.4218634563295972084162599458068143576384
-0.4257465644431456253116152765869628638029
-0.4294757160661027972636816230078693479300
-0.4329269674220550534471385617507621645927
-0.4362049563572970578562149057688657194376
-0.4394524611017878168439665387268178164959
-0.4424649642755169032248829807940637692809
-0.4450430522789188270138538428000174462795
-0.4475901197511913398585647883010096848011
-0.4501771709198795212714117042196448892355
-0.4527832811253535982842777229961939156055
-0.4552281584022159766078630127594806253910
-0.4572617808813715378768449681956553831697
-0.4595312172657736726755217659956542775035
-0.4616873110039899086309844733477802947164
-0.4636539634519938335444066979107446968555
-0.4654145615664128654564990483777364715934
-0.4669674522260242599536184116004733368754
-0.4685862916045112069873823656962485983968
-0.4703043118180605941525129765068413689733
-0.4719945132179981239772814660682342946529
-0.4736647646069717665362475145229836925864
-0.4750965473200206012904800445539876818657
-0.4761202764724663527573511601076461374760
-0.4768505175102449311630437023268314078450
-0.4774000526516591902392860902182292193174
-0.4777103363623154130834791430970653891563
-0.4776754616673866138398807379417121410370
-0.4773669913143139820199678524659248068929
-0.4769561979685267294470918386650737375021
-0.4764551013872812545990598209755262359977
-0.4758166218959162807600193900725571438670
-0.4749756038766099752734817229793407022953
-0.4739731642099976327564547773363301530480
-0.4729117195894355640817252606211695820093
-0.4717711794183420681569884891359834000468
-0.4704156181887830801002792213694192469120
-0.4688278474873369128239630754251265898347
-0.4671242894793341537962305665132589638233
-0.4654393822242003375677654730679932981730
-0.4638074858467923777816110941785154864192
-0.4622446375493853287785839256684994325042
-0.4607782067490038824253417715226532891393
-0.4594267564228827205319305448938393965364
-0.4581600807864280033854242901725228875875
-0.4569148720891529347198911636951379477978
-0.4556735521833147339876290971005801111460
-0.4544185515556876109322104184684576466680
-0.4531110916688499412607882277370663359761
-0.4517523987850211586447812806000001728535
-0.4503584320473026925135684450651751831174
-0.4489335771521618112522844512568553909659
-0.4474755372271011499840653868886874988675
-0.4459796938325687465365376738191116601229
-0.4444426141624503445726190875575412064791
-0.4428656481658850840865682130242930725217
-0.4412548353736843731454086992016527801752
-0.4396216548592413175811088876798748970032
-0.4379708203502147290109292043780442327261
-0.4362938157286858076311375498335110023618
-0.4345791917781072211113269077031873166561
-0.4328538853018669141370367015042575076222
-0.4311507101085677584606514756160322576761
-0.4294979079442815539380262634949758648872
-0.4278942631839517951597429146204376593232
-0.4263586887202313047140478374785743653774
-0.4248990899159862388856367942935321480036
-0.4235220497109331017071554015274159610271
-0.4222312256984330769427060658927075564861
-0.4210175090029233957444887437304714694619
-0.4198739377340885980949281020002672448754
-0.4188030053655254492106507768767187371850
-0.4177767691793732307559139371733181178570
-0.4167719838616759098215425183298066258430
-0.4157436313919278259021439225762151181698
-0.4146242716609528922155902819213224574924
-0.4133990735384082126913085630803834646940
-0.4120856902272004851361941746290540322661
-0.4107044195317430812508519011316820979118
-0.4092655128312830403736199968989240005612
-0.4077777653312767980331443595787277445197
-0.4062451936117202899723110931518021970987
-0.4046555268684126627221075978013686835766
-0.4029680561388869208805374455550918355584
-0.4011886835708478593609527251828694716096
-0.3992721015403464246418252514558844268322
-0.3972049622439959848385626628441968932748
-0.3950138023502119954954991953854914754629
-0.3927625583356103566856631914561148732901
-0.3904843404637694526115865301107987761497
-0.3881892167790364500667976699332939460874
-0.3858987034537932347966204815747914835811
-0.3835329710293896021688908604119205847383
-0.3811025129633844876764214859576895833015
-0.3785962689584755347382838408520910888910
-0.3760004965874365612243934720027027651668
-0.3733087323484886588254028083611046895385
-0.3705368911989354030467325173958670347929
-0.3677182128035053065850945586134912446141
-0.3648842608820431210325807569461176171899
-0.3620764262198333249820336732227588072419
-0.3593529362816835770466639132791897282004
-0.3567298177247416601787222134589683264494
-0.3541960998795730675148263344453880563378
-0.3517720356494906108757447782409144565463
-0.3494714159321470892116678896854864433408
-0.3472755231470605052912503651896258816123
-0.3451713010599833930669433357252273708582
-0.3431547658326801752970425241073826327920
-0.3412345157707294407423148641100851818919
-0.3394056858639715734682340553263202309608
-0.3376457118235168253228550838684896007180
-0.3359482533007669413649409762001596391201
-0.3343120385094502933220894647092791274190
-0.3327226695938245160100166231131879612803
-0.3311758657312635079073004362726351246238
-0.3296739281586553715897025540471076965332
-0.3282208858195476697261483423062600195408
-0.3268141680534609738728590855316724628210
-0.3254459075196961537201900682703126221895
-0.3241172743959145896575080314505612477660
-0.3228398112743305903293844494328368455172
-0.3216122936372717289188472022942733019590
-0.3204182951266486001351552204141626134515
-0.3192494575881070217882040651602437719703
-0.3181083392314631441699646074994234368205
-0.3170037823527919740307368101639440283179
-0.3159282928915776444966923008905723690987
-0.3148710930143240882550514925242168828845
-0.3138347357365998124834050031495280563831
-0.3128190351573890137792943733074935153127
-0.3118075838525329879225012064125621691346
-0.3107863060270171229326763295830460265279
-0.3097453031407544910003082350158365443349
-0.3086751882750901065932680467085447162390
-0.3075757488956756269260495173512026667595
-0.3064608509205815622955526578152785077691
-0.3053420094444575516590134611760731786489
-0.3042157134079828129102907041669823229313
-0.3030703807877557776073729201016249135137
-0.3019031887901090782655444400006672367454
-0.3007353815160729859634614058450097218156
-0.2995659078494172233853021225513657554984
-0.2983915309991237441167299948574509471655
-0.2972214960684635420840038477763300761580
-0.2960516318332755414388657300150953233242
-0.2948904625169201931811358008417300879955
-0.2937371646702437444353961382148554548621
-0.2925695004244645569535521190118743106723
-0.2913980269344523255092838098789798095822
-0.2902039955757401146207996589510003104806
-0.2889880833327696518786353863106342032552
-0.2877344798938303305213537441886728629470
-0.2864589553292484769286829759948886930943
-0.2851802938367072326464324305561603978276
-0.2839229421094861538499287689774064347148
-0.2826720728412158711861934534681495279074
-0.2814313757456607389961789067456265911460
-0.2802081678734397174324044499371666461229
-0.2789765388304525361995445109641877934337
-0.2777269326694066231553392753994558006525
-0.2764575971682409205598673906933981925249
-0.2751711791521296301965548991574905812740
-0.2738651811884439957189840697537874802947
-0.2725391401848488714954044098703889176250
-0.2712181910417020835879498008580412715673
-0.2699004424522667977548451290203956887126
-0.2685912877108326268782434453896712511778
-0.2672953491155362071296508474915754050016
-0.2659790226304218907493748247361509129405
-0.2646394345478114140668424170144135132432
-0.2632886113603064570654055387421976774931
-0.2619570681721409832753977298125391826034
-0.2606407167267839053437228358234278857708
-0.2593308442108311351326221938506932929158
-0.2579952810653736716695050290582003071904
-0.2566465862544797249533701233303872868419
-0.2552940847647630073780078419076744467020
-0.2539314377357989593875231548736337572336
-0.2525454230344587602807848725205985829234
-0.2511324512832862621003471303993137553334
-0.2497003777552139758277860437374329194427
-0.2482647315262882514730335969943553209305
-0.2468349960057712455530065653874771669507
-0.2454097796191969105272789875016314908862
-0.2439862614668193152578368199101532809436
-0.2425649077923226482056406894116662442684
-0.2411461662712903464278468845805036835372
-0.2397608480387484752860416392650222405791
-0.2384174418973429299128952152386773377657
-0.2370990250800873444525507238722639158368
-0.2358042953279855802328768277220660820603
-0.2344924218987357866783582949210540391505
-0.2331782639885492669495903328424901701510
-0.2318697275166012594649345146535779349506
-0.2305400512772380061665700168305193074048
-0.2291960138852891792904387102680630050600
-0.2278267037737839451061461204517399892211
-0.2264072293274628500103773376395110972226
-0.2249184467492844341496294191529159434140
-0.2233677583454293236187027105188462883234
-0.2217768080120659512921577061206335201859
-0.2201614486370120360447799612302333116531
-0.2185378768277114747142775286192772909999
-0.2169203739840916134173909313176409341395
-0.2153012653421439992484920367132872343063
-0.2137157994866054622207229840569198131561
-0.2121827552781102022017023500666255131364
-0.2106432287460882069041190334246493875980
-0.2091361050742215621500719180403393693268
-0.2076837378574887815751992548030102625489
-0.2062619652225847199922270647221012040973
-0.2048351952396014474810925776182557456195
-0.2034292868416182342716780340197146870196
-0.2020629981850813883248463298514252528548
-0.2007301412050484790139392998753464780748
-0.1993901647957670719701894768149941228330
-0.1980166333202577066963101515284506604075
-0.1966443344780324786746916743140900507569
-0.1953391250607751095103026273136492818594
-0.1940873225685154912500962609556154347956
-0.1928862342456102163534836790859117172658
-0.1917361017736297079672169729747110977769
-0.1905667162865155306317177519304095767438
-0.1893761595201788328068914779578335583210
-0.1881807610351474424614792724241851828992
-0.1869868181377373761442584054748294875026
-0.1858010364560153115931484535394702106714
-0.1846281522311027378790981856582220643759
-0.1834677825062238920583723711388302035630
-0.1823031836642628189526504911555093713105
-0.1811380365298217443026373985048849135637
-0.1799930172741910916478502713289344683290
-0.1788217573528098902624350330370361916721
-0.1776455814292073054350140637325239367783
-0.1764717526576139172700408153104945085943
-0.1753050993499292720123605704429792240262
-0.1741485242407073419368401800966239534318
-0.1729927302099033836757513427073718048632
-0.1718458751546930729503515067335683852434
-0.1707813589348288474401016401316155679524
-0.1697484202518981799556740952539257705212
-0.1687748250628216817315063735804869793355
-0.1678869842399659251253041247764485888183
-0.1670975433703768553428403720317874103785
-0.1664158558532198295409898491925559937954
-0.1658496188311560370909347739143413491547
-0.1654070721490475681658693929421133361757
-0.1650983835124666676552607214034651406109
-0.1649352716822885811520649212980060838163
-0.1649286973039534032192676704653422348201
-0.1650851913503716406061982979736058041453
-0.1654026295763809106809105742286192253232
-0.1658656674148838716664755565943778492510
-0.1664385917926476110562106214274535886943
-0.1670477864726697680985978422540938481688
-0.1675402567473104342710144010197836905718
-0.1676006880945484223133234991109929978848
-0.1665759036079975663469099345093127340078
-0.1629954937440080131594299928110558539629
-0.1529899406693190355710498806729447096586
-0.1234267351572954363181366943535977043211
-0.0099945943594703864909511992209445452318
-0.1171477061492935539677162637417495716363
-0.1592693822922377766548862609852221794426
-0.1776663252719326568929147924791323021054
-0.1886851140451692998567523318342864513397
-0.1968119003149434442789811328111682087183
-0.2036965288334368628930803879484301432967
-0.2100652248969104018971876257637632079422
-0.2162793462581640568931362622606684453785
-0.2225332373367944760467196374520426616073
-0.2289341659022909036824700024226331152022
-0.2355403733050424053274696234439034014940
-0.2423822556036638875553990146727301180363
-0.2494750298523483178492199385800631716847
-0.2568267364342230463236660398251842707396
-0.2644434604048542247767272783676162362099
-0.2723324354224066490282041286263847723603
-0.2805032638942304146212336490862071514130
-0.2889674730602073693397358056245138868690
-0.2977367392578220139931488574802642688155
-0.3068202811199129964592202668427489697933
-0.3162220343401974109731611406459705904126
-0.3259381313216803688348477407998871058226
-0.3359549669719734121819953998056007549167
-0.3462480813515662059209887502220226451755
-0.3567826592987897726949597654311219230294
-0.3675174097979054255169728548935381695628
-0.3784129834125800062594180417363531887531
-0.3894382645351185390225623450533021241426
-0.4005420398218352828756394501397153362632
-0.4117597178299235438636571871029445901513
-0.4231286018899754197697404833888867869973
-0.4346415436793698017226006413693539798260
-0.4462265339867641511517604158143512904644
-0.4578989331621671765581993440719088539481
-0.4695687229574647125751596377085661515594
-0.4811707483109873839666192907316144555807
-0.4925831803688852650324747628474142402411
-0.5036456084036928793068454979220405220985
-0.5141786880032873652268676778476219624281
-0.5239953547684599310940711802686564624310
-0.5329032782239534471457886866119224578142
-0.5407307961695614340058568814129102975130
-0.5473994830851982573705072354641743004322
-0.5529916557407636990006949417875148355961
-0.5577243728518238574665133455710019916296
-0.5618085672698380772516202341648750007153
-0.5653436728183420800775138559401966631413
-0.5681496476476719514892010920448228716850
-0.5698901238696105764347521471790969371796
-0.5709078343726787796441612954367883503437
-0.5716294202832350457299526169663295149803
-0.5724789495893611857013638655189424753189
-0.5731243751109634798623915230564307421446
-0.5729633559897299166507877998810727149248
-0.5711126700723481164345685101579874753952
-0.5678157449499178222040995933639351278543
-0.5633367527252134410176154233340639621019
-0.5584992828701603739816050619992893189192
-0.5534776194398811632879642274929210543633
-0.5478151651126927923485254723345860838890
-0.5406096923323012726214642498234752565622
-0.5321402153806210622022376810491550713778
-0.5225789087962542378562602607416920363903
-0.5131287977062780614190273809072095900774
-0.5036993987180131693293105854536406695843
-0.4945114177760913665160558139177737757564
-0.4850876986962637804623454940156079828739
-0.4756299532714641786768083875358570367098
-0.4660106014677235508614216996647883206606
-0.4546549458058565806872763914725510403514
-0.4417625761365122638579805425251834094524
-0.4286744151294775706517725666344631463289
-0.4150071261783351284080367804563138633966
-0.4007423055066151595937640195188578218222
-0.3849936163366878827396533324645133689046
-0.3666862547122946014432898209634004160762
-0.3431359960759141625175061562913469970226
-0.3081206614955943612343958193378057330847
-0.2433725957579828957921819210241665132344
-0.0566217392504196476155087225379247684032
-0.1938144459655103402084819208539556711912
-0.2890357601281361432654648524476215243340
-0.3336817652533895506294925326074007898569
-0.3618594623042526436940136136399814859033
-0.3821400403599204964599778122646966949105
-0.3962581629617166201207112408155808225274
-0.4043026980275030712874695382197387516499
-0.4085887134536093645564847065543290227652
-0.4119254046689321824281648787291487678885
-0.4140721874111907285787026467005489394069
-0.4162791614249182203799648505082586780190
-0.4174950254839238095172504472429864108562
-0.4173956903798859419119082758697913959622
-0.4157254871229706383317648032971192151308
-0.4123877052918952790250273210403975099325
-0.4061170335567243494523381741601042449474
-0.3989796197591222171041636102017946541309
-0.3929342332817394867205962327716406434774
-0.3868392548197408520316287194873439148068
-0.3794429649819588967751826658059144392610
-0.3704529036505344596896804887364851310849
-0.3604610249465523552636625481682131066918
-0.3499850614490573330606082436133874580264
-0.3395919387949624668188164378079818561673
-0.3292440667007845434000046225264668464661
-0.3188953905308488101510988599329721182585
-0.3086926713375919839599248462036484852433
-0.2988048494669742760621033994539175182581
-0.2893039724351827990389551814587321132421
-0.2801840559056997248532638877804856747389
-0.2713939019408114772247131440963130444288
-0.2628516612326570189850372116779908537865
-0.2544644759662271771283315047185169532895
-0.2461724703861554175432502233888953924179
-0.2379859835121087840992259998529334552586
-0.2299680008615396509252803980416501872241
-0.2221846690674877666804576392678427509964
-0.2146763066774851902440701678642653860152
-0.2074559148325054169781367363611934706569
-0.2005178666450479207927770630703889764845
-0.1938463294109126211495208735868800431490
-0.1874213302694847649298992564581567421556
-0.1812230577817186272238103583731572143734
-0.1752349438717253071740032055458868853748
-0.1694455273780473558709047665615798905492
-0.1638489130372256241674477905689855106175
-0.1584439284640343781340732220996869727969
-0.1532325069432436959182552982383640483022
-0.1482179768357419213931081003465806134045
-0.1434037108938604754282408748622401617467
-0.1387921708823549316047518686900730244815
-0.1343840153357062916494868431982467882335
-0.1301767783666433475620038962006219662726
-0.1261627436328961737732612391482689417899
-0.1223258919796887528308459991421841550618
-0.1186376837766369568560875791263242717832
-0.1150501761743994710851524132522172294557
-0.1114817454710972516318534530910255853087
-0.1077830361508942402792854409199208021164
-0.1036461996476887581497550172571209259331
-0.0983203021848532560111877387498680036515
-0.0895012244165917653093700323552184272557
-0.0670840304895582439925760809273924678564
-0.0186241480035338538567835087178536923602
-0.0743494437381873457537651006532541941851
-0.0846292124617186725110684619721723720431
-0.0869560969563277774696530286746565252542
-0.0869702839109792180671831829386064782739
-0.0861562957703317366942030730569968000054
-0.0850299480592291573310959051923418883234
-0.0838081095847343776616966692927235271782
-0.0825947398822616390967610300322121474892
-0.0814435666492467763566409644226951058954
-0.0803826040398253061081135228960192762315
-0.0794251300474267257767380101540766190737
-0.0785756443938404741667014263839519117028
-0.0778335849301676763190016572480089962482
-0.0771955654414115122197159735151217319071
-0.0766565972350817664837663301113934721798
-0.0762107414973854646600415208013146184385
-0.0758514910128181979453998451390361879021
-0.0755720213964868325895452016993658617139
-0.0753653690116919128261230298448936082423
-0.0752245686140997349422576689903507940471
-0.0751427807991249807617606393250753171742
-0.0751134348888621850015567815717076882720
-0.0751304011776810637401879944263782817870
-0.0751881904163088921055901892032125033438
-0.0752821632494332232399258941768493968993
-0.0754087237457078535252108508757373783737
-0.0755654748201827763942617366410559043288
-0.0757513342663820865574564322741935029626
-0.0759666372102219128459310582002217415720
-0.0762128669645754097672352145309560000896
-0.0764848827383382695588309729828324634582
-0.0767495202867359144205394727578095626086
-0.0770704397588899692284059028679621405900
-0.0774576903793338655823674798739375546575
-0.0779201398693059599231958145537646487355
-0.0784304010103146348464875359240977559239
-0.0789571474263639910828871393277950119227
-0.0795291717166489858792388645269966218621
-0.0801503341078028536115240854087460320443
-0.0808209095178256953229123382698162458837
-0.0815242308594754661044134991243481636047
-0.0822109290898003081116129919792001601309
-0.0829984092209919838145637527304643299431
