-0.6114134165765208184240009359200485050678
-0.6038065195307504851029989367816597223282
-0.5973952485616916829869182947732042521238
-0.5911378346884137435779393854318186640739
-0.5828928876309895645846381739829666912556
-0.5737696033555448327234671523910947144032
-0.5643354745577991993243927026924211531878
-0.5547166485585397488478065497474744915962
-0.5449310685768361528502623514214064925909
-0.5351026999939516581861198574188165366650
-0.5258418605629725517403016965545248240232
-0.5173291137283875240626684899325482547283
-0.5095592333980345500776820699684321880341
-0.5019969607292493751771189636201597750187
-0.4946992689845479684862539215828292071819
-0.4875992393821757531213734182529151439667
-0.4806411092410081686843170700740301981568
-0.4736328307343693477804436042788438498974
-0.4666124215765202754013785124698188155890
-0.4596293188941419360915574543469119817019
-0.4527264743865799245803316352976253256202
-0.4456041609605563280638307332992553710938
-0.4384243397715634205091816966159967705607
-0.4310794673966791834551770534744719043374
-0.4234974769930950899698984812857815995812
-0.4156010889803760655070163920754566788673
-0.4072960513547410066337306489003822207451
-0.3984542032110547915557674514275277033448
-0.3888702792692935172880197569611482322216
-0.3781529582845309378491549523459980264306
-0.3654658891390677455390800787426996976137
-0.3489182946852766864509476363309659063816
-0.3238496819318064101622667294577695429325
-0.2758912761010157699281819532188819721341
-0.1417329515698469710738294224938726983964
-0.1405323143208834224537895352113991975784
-0.2708682466740411354244599806406768038869
-0.3157868579109354145728616458654869347811
-0.3379842837417353362816641038079978898168
-0.3516800709552210801867033751477720215917
-0.3614206044056744726589158744900487363338
-0.3690415583275670208251995063619688153267
-0.3753868223138381865489066058216849341989
-0.3808765591376750414553953305585309863091
-0.3857372104277191349197551062388811260462
-0.3901027919620421169355495294439606368542
-0.3940608926885025842246079719188855960965
-0.3976740164421226908508799624542007222772
-0.4009898914962986005150469281943514943123
-0.4040467593676896895793504427274456247687
-0.4068763185523366354701124691928271204233
-0.4095055073505087239738031712477095425129
-0.4119576552199732399905940383177949115634
-0.4142533481843511111719635664485394954681
-0.4164111553640595375647137643682071939111
-0.4184485010964091866725311774644069373608
-0.4203831547267394830313946840760763734579
-0.4222359081720418183536480682960245758295
-0.4240237443197811262329821602179436013103
-0.4256814377311024522043680917704477906227
-0.4272182520394378069106267048482550308108
-0.4287315603599277658020128001226112246513
-0.4302286951111001789271881534659769386053
-0.4316780648872985404196356284955982118845
-0.4332130647746426088673388221650384366512
-0.4345379337861984825330807780119357630610
-0.4358728221649263434578358555882005020976
-0.4374127028032364639109630388702498748899
-0.4388765514120513966389580673421733081341
-0.4402406881513135084027510401938343420625
-0.4415527464539742430460478317399974912405
-0.4427160355520955437036434432229725643992
-0.4438719757898447748623027564462972804904
-0.4451283619972120075836130581592442467809
-0.4465047786659708806134005953936139121652
-0.4479981705596612906461473357921931892633
-0.4495778849224361106706737700733356177807
-0.4511797932636916197424170604790560901165
-0.4527414114327064087461849339888431131840
-0.4542004793512048888004528635065071284771
-0.4555340099755058047570344115229090675712
-0.4567527766531942479133476808783598244190
-0.4578772072891629241198074851126875728369
-0.4588879786953241057823049686703598126769
-0.4597115880310578828193968092818977311254
-0.4603209088486118205629793465050170198083
-0.4607656010070706464887280162656679749489
-0.4610901655439476609643634219537489116192
-0.4612994881504679511863287189044058322906
-0.4613756012957113683548016069835284724832
-0.4612995952203277627567956642451463267207
-0.4610906896600936999419673156808130443096
-0.4607879297403884022443776302679907530546
-0.4603716192793971262453567305783508345485
-0.4598018426046261986073204752756282687187
-0.4590664825686768257817504945705877617002
-0.4581625889633078596574478069669567048550
-0.4571049292689675636047752504964591935277
-0.4559221030119515738476820843061432242393
-0.4546540099772738430239371609786758199334
-0.4533529375553955187427845885395072400570
-0.4520667098643497139320857058919500559568
-0.4508194356281108317041628197330283001065
-0.4496131555087583553387275969726033508778
-0.4484405124050531710189204659400274977088
-0.4472963415407889553598863585648359730840
-0.4461836512398378307153734567691572010517
-0.4451063325844424323207704219385050237179
-0.4440526158017210067718849586526630446315
-0.4429913787414064829661697331175673753023
-0.4418913123535139209074884547590045258403
-0.4407422951406219091552429745206609368324
-0.4395605442628810477501133391342591494322
-0.4383741990105488040008197003771783784032
-0.4371989935440387942122697495506145060062
-0.4360336460541922587452745574410073459148
-0.4348750377639284403485930852184537798166
-0.4337267980734862971026188915857346728444
-0.4325979545992461039460863503336440771818
-0.4315007884268140525563239862094633281231
-0.4304488337826516408668453550490085035563
-0.4294516186214666908504966613691067323089
-0.4285059713102318812438795703201321884990
-0.4275913812500826138851550695108016952872
-0.4266793867146115859512178758450318127871
-0.4257512544645313812274878273456124588847
-0.4248048585647352659577791200717911124229
-0.4238474385509493069790210029168520122766
-0.4228866345257983327954320884600747376680
-0.4219267393826925394151317050273064523935
-0.4209688187575877371671140281250700354576
-0.4200118997551040567195457242632983252406
-0.4190538639951543742334649778058519586921
-0.4180917681318454537375828294898383319378
-0.4171217268581509651781402681081090122461
-0.4161387592882639374636255524819716811180
-0.4151375869808503482616401925042737275362
-0.4141156115669996640171746093983529135585
-0.4130760533537733425468729819840518757701
-0.4120257950509534361493990672897780314088
-0.4109706427097911674017893801647005602717
-0.4099150122035474796966525445895968005061
-0.4088640100013911093945750963030150160193
-0.4078238192510179049854457389301387593150
-0.4067996735953112175110391035559587180614
-0.4057924191473585295852899434976279735565
-0.4047959675901626197536131712695350870490
-0.4038004033171888051967357569083105772734
-0.4028002436832398558408385724760591983795
-0.4017982312229526065117113375890767201781
-0.4008028268634543644921564009564463049173
-0.3998246007331487383851253980537876486778
-0.3988733660914761669502581753476988524199
-0.3979555164117076770935454987920820713043
-0.3970716077358882323267152969492599368095
-0.3962153926315377105993320583365857601166
-0.3953745419627341384227747766999527812004
-0.3945327035918659852598011639202013611794
-0.3936737903328266785507594249793328344822
-0.3927870255023595547072545741684734821320
-0.3918689522206648678803730945219285786152
-0.3909216982400743334302717357786605134606
-0.3899498080475604644412612742598867043853
-0.3889573427518981940664843932609073817730
-0.3879455355467602006847016582469223067164
-0.3869114973635244814076372676936443895102
-0.3858495123484298461313812822481850162148
-0.3847553001157587582170549467264208942652
-0.3836302499760176343279738375713350251317
-0.3824814208255712388861979889043141156435
-0.3813162196972179063259034137445269152522
-0.3801353608070037748412062228453578427434
-0.3789201880560845725476326606440125033259
-0.3777192381576330304504551804711809381843
-0.3765370241647350013636241783387959003448
-0.3753688538239409178132177657971624284983
-0.3741866622028696687252136143797542899847
-0.3730120786666983878632208870840258896351
-0.3718438652153522872012558764254208654165
-0.3706762903625833716070303580636391416192
-0.3695029560233182297501741686573950573802
-0.3683170291180422606380773231649072840810
-0.3671119599823501888913312996010063216090
-0.3658820172120332836485090410860721021891
-0.3646217096031885152029872187995351850986
-0.3633340191972261878916583555110264569521
-0.3620377042449135496227086150611285120249
-0.3607382407890769582259338221774669364095
-0.3594381822693986094918727758340537548065
-0.3581495877686599049738447320123668760061
-0.3568710995732826130044657020334852859378
-0.3555892762057196176961326727905543521047
-0.3543050857105157769311176707560662180185
-0.3530228298234284745049649245629552751780
-0.3517463014380301511430104710598243400455
-0.3504791071346957664900401141494512557983
-0.3492238625994376621797243842593161389232
-0.3479815160523683226223567999113583937287
-0.3467512383888397553555194008367834612727
-0.3455315681724596132973204021254787221551
-0.3443233038803413248452045536396326497197
-0.3431308280075572869627364980260608717799
-0.3419579155906233847161956873605959117413
-0.3408032528405451899722322650632122531533
-0.3396612650840066804924788357311626896262
-0.3385260142295472007845091866329312324524
-0.3373967245991595920173722333856858313084
-0.3362805028458446532368952830438502132893
-0.3351847741979133710188420991471502929926
-0.3341094153997725690885545191122218966484
-0.3330474568100691978855820707394741475582
-0.3319910758096462077837429660576162859797
-0.3309386418702420784576645473862299695611
-0.3298946313339273794795758476539049297571
-0.3288614399843647895238518685800954699516
-0.3278347360863166914946020824572769924998
-0.3268104592879572112273933726100949570537
-0.3257900417165190964929877281974768266082
-0.3247767427487373570471618222654797136784
-0.3237726916075856498089535762119339779019
-0.3227785828553241809224516600806964561343
-0.3217926190685125864554549934837268665433
-0.3208103678215658560723966274963458999991
-0.3198362513113190419566933542228071019053
-0.3188789899497846969111947146302554756403
-0.3179352979073106211238552987197181209922
-0.3170023836903990699376265638420591130853
-0.3160848361607876411127904248132836073637
-0.3151832275469633182218842648580903187394
-0.3142871006127988531275718742108438163996
-0.3133958995783676648727578140096738934517
-0.3125148812293641609194594366272212937474
-0.3116458690136819642546583963849116116762
-0.3107891989499370621885532273154240101576
-0.3099450817357989884648361567087704315782
-0.3091138143671705029724705582339083775878
-0.3082957580783610151975437929650070145726
-0.3074913038118254338115775681217201054096
-0.3067008446270032551161932588001945987344
-0.3059247587559196790429894008411793038249
-0.3051633987315975904408560381853021681309
-0.3044170833771287498770163892913842573762
-0.3036860975896909509152976625045994296670
-0.3029706946193841399228574573498917743564
-0.3022710968129636022183603927260264754295
-0.3015875080948985931250660996738588437438
-0.3009201199732474685255567692365730181336
-0.3002691341174696382232411906443303450942
-0.2996347790176894232416771046700887382030
-0.2990173460278832129333181910624261945486
-0.2984172300103596353615387215540977194905
-0.2978349195325687981394935377466026693583
-0.2972706703600271338494565043220063671470
-0.2967226338707240063108372396527556702495
-0.2961811727117649728491244331962661817670
-0.2956294268899866128919029506505466997623
-0.2950804390941311750040654260374139994383
-0.2945742380852542918745484712417237460613
-0.2941110096300638132582605521747609600425
-0.2936713495839605170267816447449149563909
-0.2932571356066616119484535829542437568307
-0.2928903719212161971263697068934561684728
-0.2925683266755035316641908593737753108144
-0.2922460851883972865472571811551460996270
-0.2919119203142060969824456151400227099657
-0.2915870614841213903645211757975630462170
-0.2912836037004795652904931557714007794857
-0.2910042157085872549515670471009798347950
-0.2907489933164473239202152399229817092419
-0.2905177654853347557484255503368331119418
-0.2903105032101964133595117800723528489470
-0.2901273141439106861838581608026288449764
-0.2899683964447643536033183409017510712147
-0.2898339716633349660845908601913833990693
-0.2897242607748571341375054544187150895596
-0.2896394491390985037604366425512125715613
-0.2895796488693742620768034612410701811314
-0.2895448782591046321677197283861460164189
-0.2895350304581242872892232753656571730971
-0.2895498409709719722648912920703878626227
-0.2895888446252481984721782737324247136712
-0.2896513505305111646492832733201794326305
-0.2897363757422747876368873676256043836474
-0.2898425940036189474291461465327301993966
-0.2899682605090164733141477881872560828924
-0.2901111016255715213674193364568054676056
-0.2902682095571006981593598084145924076438
-0.2904358769533714745847419180790893733501
-0.2906094116124055548588955844024894759059
-0.2907829505766498789931517876539146527648
-0.2909492213635864188425728116271784529090
-0.2910993091263683885117075078596826642752
-0.2912224039729672253606906906497897580266
-0.2913054957860625737708915039547719061375
-0.2913329545021163258233798387664137408137
-0.2912859193306254201871752229635603725910
-0.2911412967917648697557808645797194913030
-0.2908703239189951994525529244128847494721
-0.2904364023071639988593517500703455880284
-0.2897920129950572465382663267519092187285
-0.2888743580437740376964939059689640998840
-0.2875991672038597513072488709440222010016
-0.2858516839959908684143385926290648058057
-0.2834727822608901215417631647142115980387
-0.2802360168001833962136970512801781296730
-0.2758075855289475186715719701169291511178
-0.2696734163887744561982628965779440477490
-0.2609983705041656887324563740548910573125
-0.2483308071829632146521049662624136544764
-0.2289022294943398316835470041041844524443
-0.1966456461817152889803850257521844469011
-0.1354333308137838642881689565911074168980
-0.0054833102183898382517290848170432582265
-0.1211862969567896047839994366768223699182
-0.1934662089876329482684980121121043339372
-0.2325417655823195650643953058533952571452
-0.2574537304157804018522881506214616820216
-0.2750988136250814841687883927079383283854
-0.2885267884803350280087386181548936292529
-0.2993054426058009420685834811592940241098
-0.3083254400347359425182958148070611059666
-0.3161303297963561909078578082699095830321
-0.3230711124677157486395628893660614266992
-0.3293850651878049706766660165158100426197
-0.3352385635464390500892761792783858254552
-0.3407518711250660525813316326093627139926
-0.3460141077423677380409117176895961165428
-0.3510928156133142352679499254008987918496
-0.3560400610366963314312727106880629435182
-0.3608963965228768056014985177171183750033
-0.3656931574976801657683722623914945870638
-0.3704539284885896566201779478433309122920
-0.3751953127284671229979551299038575962186
-0.3799271929545194881328029623546171933413
-0.3846531247748306014955232967622578144073
-0.3893706547861841005264693649223772808909
-0.3940722556179964142231142432137858122587
-0.3987472129630548201006945419067051261663
-0.4033843839230789041216951318347128108144
-0.4079755606758224129038126193336211144924
-0.4125183989869512513060101355222286656499
-0.4170181173607351854393243684171466156840
-0.4214875461816394164316079695709049701691
-0.4259459991924787747308300822624005377293
-0.4304172813353099313893324051605304703116
-0.4349273943921986296246018355304840952158
-0.4395023728055382772339498842484317719936
-0.4441660225083623458885995205491781234741
-0.4489376413084894545946212929266039282084
-0.4538284487559055002670049816515529528260
-0.4588343962766441297418396061402745544910
-0.4639225429063457695200156649661948904395
-0.4690100164621383571628143727139104157686
-0.4739489085285944480752107210719259455800
-0.4785497535534832813652883487520739436150
-0.4826443573431475342339069811714580282569
-0.4861103589617040143799897577991941943765
-0.4888513636279116503224884127121185883880
-0.4908000116511951893549792202975368127227
-0.4920167531267404248396246657648589462042
-0.4928533576980709818293746593553805723786
-0.4934989191486572890354977971583139151335
-0.4939687903158653803359356970759108662605
-0.4943616213567904038583833425946068018675
-0.4947062708644872075502973984839627519250
-0.4949061439049890487318350551504408940673
-0.4950738396492373460944236285286024212837
-0.4952720225675822374178380869125248864293
-0.4952587678791215419771276629035128280520
-0.4952973181739938057788208425336051732302
-0.4956069712120250714271207925776252523065
-0.4961598031160553978757832283008610829711
-0.4969077569359315882380201401247177273035
-0.4973057145552339797234253637725487351418
-0.4971963449046251093399462206434691324830
-0.4966372854104185718959740825084736570716
-0.4965012909719853650969412228732835501432
-0.4969055756490262654168077460781205445528
-0.4967145908698415990301100464421324431896
-0.4962026708752313441941339533514110371470
-0.4956999136841890307714209029654739424586
-0.4948321457232766062972473264380823820829
-0.4925201818355819383121740884234895929694
-0.4879443027382230901878301665419712662697
-0.4817912045324894698694606631761416792870
-0.4733593633802931077703135542833479121327
-0.4608598517875646671804190646071219816804
-0.4435937990106668671330680808750912547112
-0.4198446197725167472469820495462045073509
-0.3850745695048792827108741221309173852205
-0.3297603788130727964222899117885390296578
-0.2320634389278667941702849475404946133494
-0.0370772594636177982296842969844874460250
-0.1709785789074294015676969138439744710922
-0.3103034680715088255986700005450984463096
-0.3919352408612360449957634500606218352914
-0.4470127356682786490260639311600243672729
-0.4881763196346307065454084295197390019894
-0.5211963334386866542047300754347816109657
-0.5489820175595298001880451010947581380606
-0.5731351744070831699673362891189754009247
-0.5946157636140663171886444615665823221207
-0.6140517466347352737443543446715921163559
-0.6319054860559013553356066950073000043631
-0.6482959951856253066893032155348919332027
-0.6635623819002002266032036459364462643862
-0.6778315759120154826433690686826594173908
-0.6913729518436233512090893782442435622215
-0.7051680185969901870635112572927027940750
-0.7185504609735668957171128568006679415703
-0.7314878961854950345511383602570276707411
-0.7439312025841351427857262024190276861191
-0.7561785261389113443897258548531681299210
-0.7679191042212474282990797291859053075314
-0.7793464278761734753686596377519890666008
-0.7909676251140086433721876346680801361799
-0.8029442812423782660502524777257349342108
-0.8148426560663488693592171330237761139870
-0.8264852965758805458662550336157437413931
-0.8372577531797638084043455819482915103436
-0.8467478378325785648428336571669206023216
-0.8550399273478060946374057493812870234251
-0.8621021731793178100033969712967518717051
-0.8679552759788862204004544764757156372070
-0.8731155036634864474720529869955498725176
-0.8780629815520761827229989648913033306599
-0.8832207854912376143730057265202049165964
-0.8887936679579222509772762350621633231640
-0.8945431814354222188612197896873112767935
-0.9007394605506443552300765986728947609663
-0.9073814143630996031930635581375099718571
-0.9144131266831635462821736837213393300772
-0.9217766892712871973358801369613502174616
-0.9289510490194368141914083025767467916012
-0.9356459420083440559068321817903779447079
-0.9418595366567907856136798727675341069698
-0.9476412032343395352995685243513435125351
-0.9531046597865885372513616857759188860655
-0.9583020635039321000192558130947872996330
-0.9633264601740553212394502224924508482218
-0.9683153838665998769386078492971137166023
-0.9732645945669511355902159266406670212746
-0.9781077029475165884875309529888909310102
-0.9828744831142764981635195908893365412951
-0.9876234896155515752269593576784245669842
-0.9923070456806902805979575532546732574701
-0.9967039899561198623700875032227486371994
-1.0006038430310539855128126873751170933247
-1.0040954328078508517307909642113372683525
-1.0074408963714229781061249013873748481274
-1.0106674992385940026196067265118472278118
-1.0135294162309500531904404851957224309444
-1.0158752801117463260283102499670349061489
-1.0177821301979357304645645854179747402668
-1.0192942225467604977495739149162545800209
-1.0202624567961937618321144327637739479542
-1.0205031455655677596894292946672067046165
-1.0200434979983508121392787870718166232109
-1.0191330209216840074759602430276572704315
-1.0179997264650655353079855558462440967560
-1.0166791534982337896764192919363267719746
-1.0151093567353115521001427623559720814228
-1.0132633968397726231813749109278433024883
-1.0111488840182192294747665073373354971409
-1.0087755277602445946882880889461375772953
-1.0062277159168893092555663315579295158386
-1.0036169197136510788936902827117592096329
-1.0011106921666996782960268319584429264069
-0.9988365653400783639170867900247685611248
-0.9968233482287951474631881865207105875015
-0.9950526274122103442820730379025917500257
-0.9935132470418231998010583083669189363718
-0.9922127351226918134941001881088595837355
-0.9911609988526471903824699438700918108225
-0.9903736738141113438160800797049887478352
-0.9898719565570170964008411829126998782158
-0.9896354131935811704323668891447596251965
-0.9895860679539875137677995553531218320131
-0.9896620772355178008439224868197925388813
-0.9898734470724039891109669042634777724743
-0.9902678341873714096266212436603382229805
-0.9908607404071338997653128899401053786278
-0.9915971862935027969498946731619071215391
-0.9924255288710190914258646444068290293217
-0.9933771307060417221634907036786898970604
-0.9944944449893352578229155369626823812723
-0.9957637999439881149044140329351648688316
-0.9971229741929432677238764881622046232224
-0.9984803042493105573740308500418905168772
-0.9997234499931547668793996308522764593363
-1.0007178314756346448888280065148137509823
-1.0013161505311134469309308769879862666130
-1.0014225828811695873099552045459859073162
-1.0010980126598283401762046196381561458111
-1.0005718137728007999243118320009671151638
-1.0001787931648058460609718167688697576523
-1.0001879483883093779894579711253754794598
-1.0006282829828685443374070018762722611427
-1.0013466133291186732634514555684290826321
-1.0021517233668524315959302839473821222782
