-0.5012446888548616197311957876081578433514
-0.5024499161814657277602691465290263295174
-0.5047127903035172336032587736553978174925
-0.5083611522546512828668596739589702337980
-0.5104721705761670058620893541956320405006
-0.5108272303566144811881599707703571766615
-0.5105092727425085685766248388972599059343
-0.5097822684388322311832553168642334640026
-0.5082392506009272281630728684831410646439
-0.5064015678695958921906594696338288486004
-0.5038681696987574731849690579110756516457
-0.5008295045470824158329037345538381487131
-0.4977206478429752611880587664927588775754
-0.4940333445490536212751919720176374539733
-0.4898993424342150126982176061574136838317
-0.4854520869402817462301413797831628471613
-0.4811453004441281211533976147620705887675
-0.4773841469875468312977773166494444012642
-0.4729611014307772420828257509128889068961
-0.4686175342919653430406867755664279684424
-0.4644101377747796854933426402567420154810
-0.4601867753223349843949563364731147885323
-0.4562295168402388245709744296618737280369
-0.4516120826833927015542258232017047703266
-0.4467765874687932292630421216017566621304
-0.4416006744266756656180916706944117322564
-0.4359052413516134039106475484004477038980
-0.4294919453031999512226946080772904679179
-0.4221027678568270991021904592344071716070
-0.4133810402241324122307730704051209613681
-0.4028288148578548222289441582688596099615
-0.3897597445094266310761099703086074441671
-0.3730770151748619145593011126038618385792
-0.3481523527494607694876549430773593485355
-0.2503579620767283908655542745691491290927
-0.2521666990886096693103013421932701021433
-0.3511713856689815393963272072141990065575
-0.3778154972654083620930975939700147137046
-0.3962595027676634740210204199684085324407
-0.4111001604805104570061757840448990464211
-0.4234307118506304701277542790194274857640
-0.4339380008664309174015727421647170558572
-0.4431220190804229797087998576898826286197
-0.4513424518356380366057578612526413053274
-0.4588733577774411487304462298197904601693
-0.4658765725646950017768688212527194991708
-0.4725596990156270549299222238914808258414
-0.4790753663470582179861878557858290150762
-0.4852620252859989324889511408400721848011
-0.4912548485737414094565167488326551392674
-0.4975399957532502526191819924861192703247
-0.5036846385101576561993397262995131313801
-0.5102847404567494304927777193370275199413
-0.5171901562894259951619346793449949473143
-0.5234618796128250872712328600755427032709
-0.5286083679032776982964492162864189594984
-0.5337582354058840738986191354342736303806
-0.5393137781943857511635087575996294617653
-0.5451265322552328873584315260814037173986
-0.5504399257951780866093827171425800770521
-0.5554388626322880329055919901293236762285
-0.5599108625729622978894894913537427783012
-0.5636192379544442410121973807690665125847
-0.5664554941158713718962758321140427142382
-0.5681685906864438750929480193008203059435
-0.5686962247285570759558481768181081861258
-0.5683881187680567270703591020719613879919
-0.5671857097643834277889141048945020884275
-0.5649419647930546961589470811304636299610
-0.5620089628445493756814244079578202217817
-0.5584764613998789428706004400737583637238
-0.5543545648507697265472415892872959375381
-0.5499497041439344036106717794609721750021
-0.5453571512555684952516799057775642722845
-0.5405490105402758205244140299328137189150
-0.5356078848517294987985337684222031384706
-0.5305179608280886638382867204200010746717
-0.5253635949212186462276008569460827857256
-0.5201689377144459447421809272782411426306
-0.5148712039758744918316324401530437171459
-0.5095173251270924685840668644232209771872
-0.5041619407634051475142200615664478391409
-0.4987775648302000264244782101741293445230
-0.4933395687435770393669542954739881679416
-0.4878514945616772013892159520764835178852
-0.4823419316410544888107381211739266291261
-0.4768335123062819036476867040619254112244
-0.4713108181283631181734961046458920463920
-0.4657442427666088624604867618472781032324
-0.4601332725933824918662651271006325259805
-0.4544746262942699899234355598309775814414
-0.4488027979461940986105616957502206787467
-0.4431604270943452772435477982071461156011
-0.4375730462845441870456397737143561244011
-0.4320391714460249388274348802951863035560
-0.4265501725825492362886848241032566875219
-0.4211169448457550146258654422126710414886
-0.4157742537216203015937310283334227278829
-0.4105567840557492464981237390020396560431
-0.4054781360533912248911292408592998981476
-0.4005270371965247711010249531682347878814
-0.3956845928126027644999851418106118217111
-0.3909519591964272788864320773427607491612
-0.3863538609484380437208983494201675057411
-0.3819179018158988525577512973541161045432
-0.3776520029225954866447523272654507309198
-0.3735507187415526564322476588131394237280
-0.3696084137399056057660118312924169003963
-0.3658242294887941725711755225347587838769
-0.3622000763651009869192876067245379090309
-0.3587562362677927940701749776053475216031
-0.3554930519161021429397351312218233942986
-0.3523942929876967000701881715940544381738
-0.3494595066864606969225803823064779862761
-0.3466723414672077119291770941345021128654
-0.3440545791339815751008757160889217630029
-0.3416142149289187468497175359516404569149
-0.3393285687795600802374451632203999906778
-0.3371621759788835936966222561750328168273
-0.3351013083294972494385888239776249974966
-0.3331597833226864757705243391683325171471
-0.3313291250333735282751490558439400047064
-0.3296116661698366145927252546243835240602
-0.3280012640506230758852268536429619416595
-0.3264904268690154709453565828880527988076
-0.3250693151831416938257746096496703103185
-0.3237245827634465111799499936751089990139
-0.3224418050881477371127914466342190280557
-0.3212533618229681531275332417862955480814
-0.3201614224947056941417145026207435876131
-0.3191190247521035194822047742491122335196
-0.3181292208739615046120263741613598540425
-0.3171847999137450968554219343786826357245
-0.3162695035359127104790388784749666228890
-0.3153646534063440642903231037053046748042
-0.3144546825582919535868597904482157900929
-0.3135302555199643292915823167277267202735
-0.3125867352767044415884356567403301596642
-0.3116184874981668961879677226534113287926
-0.3106193639680152607240870565874502062798
-0.3096080497185937363546770484390435740352
-0.3086354251596061248896774031891254708171
-0.3076977617798183350927843093813862651587
-0.3068178487846787150239435959520051255822
-0.3059392494218455271770551462395815178752
-0.3050605243232621943683113840961595997214
-0.3041831020990558021033223212725715711713
-0.3032979330506579418447188345453469082713
-0.3023946443788778637440373131539672613144
-0.3014615488621343319941559002472786232829
-0.3005062089632907773584236110764322802424
-0.2995364630540711670114717435353668406606
-0.2985388049485588890519238702836446464062
-0.2975194172276497961426855454192264005542
-0.2964726674651664284354524170339573174715
-0.2954026144171501000457169539004098623991
-0.2943142345375431845333480396220693364739
-0.2932292191341361320411351698567159473896
-0.2921647588982227428111571043700678274035
-0.2911173455471334214905709814047440886497
-0.2900837818638843379481784268136834725738
-0.2890718941371570038789684531366219744086
-0.2881164031378241618952529279340524226427
-0.2871997660976408073274512844363925978541
-0.2863580212296089055890035979246022179723
-0.2855967681899900245667822673567570745945
-0.2849041640039825518115890190529171377420
-0.2842565517374378014636704392614774405956
-0.2836382951620364245570726779988035559654
-0.2830560949309263718554063871124526485801
-0.2825123798128830743259243263310054317117
-0.2820015175040101462755615102651063352823
-0.2815192073032846131752648943802341818810
-0.2810564872706713956951318778010318055749
-0.2806010124071408040613562206999631598592
-0.2801526394723200530378903749806340783834
-0.2796943393922209919466581595770549029112
-0.2792239996716859851133563097391743212938
-0.2787283720744846982064757412445032969117
-0.2781888446801121794749178661732003092766
-0.2776053651097654118018454028060659766197
-0.2769745027821181593274957322137197479606
-0.2762912344545420118002709841675823554397
-0.2755494769464573168171739325771341100335
-0.2747453046005732257839326848625205457211
-0.2738837985804331576211723131564212962985
-0.2729714351381378745209360658918740227818
-0.2720165690689904658405851023417199030519
-0.2710407962651331659209574809210607782006
-0.2700752933801726651807939560967497527599
-0.2691434037998600703467388939316151663661
-0.2682459482729482869167725311854155734181
-0.2673782108697352888349030308745568618178
-0.2665421097963459606816627456282731145620
-0.2657447514480615891052650567871751263738
-0.2649922426743853143271678618475561961532
-0.2642861008125068633667353878990979865193
-0.2636807584008523663854361984704155474901
-0.2631639223871359289930182967509608715773
-0.2627083871673757675679894418863113969564
-0.2622679306221104567065083301713457331061
-0.2618200860385181960587885896529769524932
-0.2613675313139132150297427870100364089012
-0.2609248954031202494263652624795213341713
-0.2605013767230463517243777005205629393458
-0.2600876273384212788997160714643541723490
-0.2596619488254320873288349957874743267894
-0.2592007879351029830949926235916791483760
-0.2586859948327662750422462067945161834359
-0.2581087564041721349461511181289097294211
-0.2574699522986328981133397064695600420237
-0.2567752741437409613745046499388990923762
-0.2560239010413690174949863376241410151124
-0.2551988798549683079563976662029745057225
-0.2542803397833478529221906683233100920916
-0.2532783842981939925742551622533937916160
-0.2522333677321907940971357220405479893088
-0.2511781319433269432650490671221632510424
-0.2501211916210149821537811476446222513914
-0.2490547407326082207656980926913092844188
-0.2479635482981342731179097427229862660170
-0.2469035989805724862211633308106684125960
-0.2458833464803186763525388869311427697539
-0.2448853516127225404819256482369382865727
-0.2438863233003179808999760780352517031133
-0.2429063292884177105435128396493382751942
-0.2419210306622189554648372222800389863551
-0.2409190665469354286631897821280290372670
-0.2398659016353756334716251785721397027373
-0.2387610139680122478544888053875183686614
-0.2376111295901039421885059255146188661456
-0.2364347923087724290258648807139252312481
-0.2352488055517082676804108132273540832102
-0.2340574682130279193792432579357409849763
-0.2328579550044940216224631512886844575405
-0.2316569735620367387340934328676667064428
-0.2304696388207291002370169508139952085912
-0.2292960177052894843452435225117369554937
-0.2280965132488856350612138612632406875491
-0.2268607853022828746425432200339855626225
-0.2256374155268487113890074624578119255602
-0.2244499568040535519841682798869442194700
-0.2232737033587793018529765731727820821106
-0.2221061144849519330968234953616047278047
-0.2209559463544362722942082655208650976419
-0.2198693346956315797235959053068654611707
-0.2188559908003311349489194981288164854050
-0.2178324385358762771414120607005315832794
-0.2167512052588191073798640218228683806956
-0.2156287802311985524195137031711055897176
-0.2145023352556666706991705950713367201388
-0.2133820627188488527892218371562194079161
-0.2122593227755712463888926322397310286760
-0.2111246187357295189812589342182036489248
-0.2099684761895143914056660605638171546161
-0.2087447406338474864551102427867590449750
-0.2074462942845833879346173489466309547424
-0.2060799431603742293273029417832731269300
-0.2046346749155711075562891210211091674864
-0.2030937905824145295330396265853778459132
-0.2014407165073093253226943488698452711105
-0.1996601679146404184628238454024540260434
-0.1977388020932169532262179245662991888821
-0.1956659305461418696392428273611585609615
-0.1934341425597327634999800238801981322467
-0.1910396518930567444360946183223859407008
-0.1884822628394341170743331304038292728364
-0.1857649703280585262721302797217504121363
-0.1828933124576949675876846868050051853061
-0.1798746447036047857448437525818007998168
-0.1767174949333863709366454486371367238462
-0.1734311140206856449719197144077043049037
-0.1700253140613297853089846967122866772115
-0.1665107873809238692164313988541834987700
-0.1629000380296207473040936974939540959895
-0.1591962640530756312173821243050042539835
-0.1553621963759132806881524402342620305717
-0.1514895932821558877101608686643885448575
-0.1475950709510449876393778367855702526867
-0.1437113789201940883266672699392074719071
-0.1397328894935091214701827766475616954267
-0.1357252583720441052594907205275376327336
-0.1317221872240257329877977099386043846607
-0.1277333015064703869434481475764187052846
-0.1237719725304474993610170940883108414710
-0.1198537162493712449062854830117430537939
-0.1159952142069766573007072452128340955824
-0.1122137345080032461153152212318673264235
-0.1085266786593966220619833507043949794024
-0.1049513338381941052190882146533112972975
-0.1015049090331873321568778578694036696106
-0.0982048206161496156640922094993584323674
-0.0950690866901688358403532674856251105666
-0.0921166016276305649190803137571492698044
-0.0893669529779292648452582170648383907974
-0.0868393137649159513324903514330799225718
-0.0845499748613796481278015448879159521312
-0.0825085974766522622925180030506453476846
-0.0807142901140846247276527947178692556918
-0.0791537534539335924099745511739456560463
-0.0778041987758864295177119174695690162480
-0.0766410819338216309226652356301201507449
-0.0756445883325972123767400034921593032777
-0.0747982591839730509564176941239566076547
-0.0740812085807224518507752009099931456149
-0.0734590826328416907076146458166476804763
-0.0728742485630082120762196495888929348439
-0.0722263100161613103011859493562951683998
-0.0713205537753438395531802029836399015039
-0.0697085484228877755308317887283919844776
-0.0660470363782685587761278611651505343616
-0.0549017763279855061653300651869358262047
-0.0034010479314542396180043315467855791212
-0.0507952920881100875027946983664151048288
-0.0654110196988186565203449163163895718753
-0.0705059204918613291468432180408854037523
-0.0731107045587755660642770294543879572302
-0.0748621192443626320978111721160530578345
-0.0762904520451227891042478290728467982262
-0.0776190550733312639719585490638564806432
-0.0789573797966776902423902129157795570791
-0.0803620642352119302076474127716210205108
-0.0818612942081523853321556316586793400347
-0.0834651845652483737048044076800579205155
-0.0851719462373054653214765608026937115937
-0.0869726771476305171582055209000827744603
-0.0888549438826744392150303042399173136801
-0.0908051447931880612030042243532079737633
-0.0928099163002785998433097347515285946429
-0.0948569178456978023827872448237030766904
-0.0969352530086366598327529686685011256486
-0.0990356785763018970802917806395271327347
-0.1011506811126933191857801830337848514318
-0.1032744635922215603596185928836348466575
-0.1054028689344067987176956080475065391511
-0.1075332604303244621313240259041776880622
-0.1096643756806474634402093215612694621086
-0.1117961668756024401494286735214700456709
-0.1139296377216758721084843841708789113909
-0.1160666840494808671468973670926061458886
-0.1182099422152030621102625218554749153554
-0.1203626463848581074067567442398285493255
-0.1225284926584663675042108366142201703042
-0.1247115037887263633287204811495030298829
-0.1269158848710509046586736303652287460864
-0.1291458546631403248028391317347995936871
-0.1314054332725574092410880666648154146969
-0.1336981590183234092084063604488619603217
-0.1360266983717474675863456923252670094371
-0.1383922957375598172813369046707521192729
-0.1407939795793661519329731390826054848731
-0.1432273842628551396849445609404938295484
-0.1456829438904637119556184643442975357175
-0.1481430592589445260909286616879398934543
-0.1505775960008413349999756292163510806859
-0.1529367531371689514774203644265071488917
-0.1551399016421854959446591237792745232582
-0.1570583409840029809334538413168047554791
-0.1584884063176473789624765231565106660128
-0.1591069952541027954229235774619155563414
-0.1583900185350369804737624690460506826639
-0.1554495163678609459534385450751869939268
-0.1486738676496363598111827286629704758525
-0.1347560539424755843285197443037759512663
-0.1056713503875858911618124125197937246412
-0.0389225209956093609608984706937917508185
-0.0573832150971343504797239631898264633492
-0.1226353897936562353798706226370995864272
-0.1576116699300362244962059321551350876689
-0.1803805975175288012213314914333750493824
-0.1972786855884552104090090551835601218045
-0.2109322498045266836008693189796758815646
-0.2226473301785854286283239389376831240952
-0.2331409852750415401256844916133559308946
-0.2428201021450760166420224095418234355748
-0.2519801239174910834073273235844681039453
-0.2608817588570182532947683284874074161053
-0.2695815459646891398826085151085862889886
-0.2778979199771198782542569460929371416569
-0.2848923079503945521295804610417690128088
-0.2905521097824820819788271819561487063766
-0.2949416699281163789514437212346820160747
-0.2989615180206370292914641595416469499469
-0.3018707567911263489612849753029877319932
-0.3030609229616321731448636001005070284009
-0.3022036623818112888173459396057296544313
-0.2985335363409948317148234764317749068141
-0.2907243696544108968460307096393080428243
-0.2765613294976054237217510944901732727885
-0.2526203541283775777515074878465384244919
-0.2133334140115477894905637867850600741804
-0.1472164369137520245622852144151693210006
-0.0283776740225562956743132758674619253725
-0.1122141413004089094407333959679817780852
-0.2114959719402385585063086637092055752873
-0.2718672482050790151220098778139799833298
-0.3134970170877453554680869274307042360306
-0.3454041038397560603456781791464891284704
-0.3708225036113181882768685682094655930996
-0.3909898408645987033516178144054720178246
-0.4066213892328158219235945125547004863620
-0.4187455014580154788461641146568581461906
-0.4279008208217811581874912008061073720455
-0.4344452136004998132889909356890711933374
-0.4388087872047071180681143687252188101411
-0.4415206612770167238224416905723046511412
-0.4428786612539339362371038077981211245060
-0.4431985915699234168663167565682670101523
-0.4411790538486901058767841732333181425929
-0.4373137626657275234265398466959595680237
-0.4325004999651964054940833648288389667869
-0.4256108757507368056671737122087506577373
-0.4171826372335892263443213323625968769193
-0.4079029943364792520910100392939057201147
-0.3985069567735425866139564732293365523219
-0.3894466797637239352525284630246460437775
-0.3811278714763776664931071991304634138942
-0.3730908725008164061875959305325523018837
-0.3642843778009821620322838953143218532205
-0.3545968678361383075170465417613741010427
-0.3445478993373919940346183921064948663116
-0.3346542031924817361954183070338331162930
-0.3251612432068467506418585344363236799836
-0.3160926079615825057267386455350788310170
-0.3073095979521142662171939718973590061069
-0.2985524478447055263252707391075091436505
-0.2896326411075693108010398191254353150725
-0.2804074762492733130514466211025137454271
-0.2709130407977553556264638245920650660992
-0.2613733763462722237136404146440327167511
-0.2519604630126613398211077310406835749745
-0.2427539678608836570816720268339850008488
-0.2337798131624617692381207234575413167477
-0.2250510043002296733938294437393778935075
-0.2165824949550785305518729728646576404572
-0.2083914404365700689947260570988873951137
-0.2004943741379779098554791971764643676579
-0.1929050939510291995393487241017282940447
-0.1856332904078429324457033544604200869799
-0.1786836554215636974074499221387668512762
-0.1720555242103063153802366969102877192199
-0.1657430603821736514458251576797920279205
-0.1597358111777563982602856640369282104075
-0.1540193748157258069042541137605439871550
-0.1485759426881125000452499307357356883585
-0.1433845240244455143674429109523771330714
-0.1384206617712741005377097280870657414198
-0.1336553798561443129333525803303928114474
-0.1290529041033365298396518028312129899859
-0.1245659061214768187353385542337491642684
-0.1201243078519255297331724818832299206406
-0.1156062838254594687947829356744477991015
-0.1107568283001537923215806813459494151175
-0.1049222547328445415137920804227178450674
-0.0959406365859691995234825867555628065020
-0.0727536383287055443691571099407155998051
-0.0185783748350823348094440490285705891438
-0.0791697419414375824775476075956248678267
-0.0878404951898810737453970887145260348916
-0.0888260033295299178401904782731435261667
-0.0878302034877340570551140785937604960054
-0.0861731894057739117309679954814782831818
-0.0842794881204157048104619320838537532836
-0.0823169020658475192320224778086412698030
-0.0803636888759129974779682470398256555200
-0.0784622736101091011740038538846420124173
-0.0766385910076178011873793138875043950975
-0.0749096220785343686054957856867986265570
-0.0732868926182285995718501681039924733341
-0.0717784229778349880390919679484795778990
-0.0703898086451319598966236412707075942308
-0.0691247674159048836051155717541405465454
-0.0679854395597047356236686255215317942202
-0.0669726358950616385001808339438866823912
-0.0660861112652457172167430599074577912688
-0.0653248000070091039415132172507583163679
-0.0646868006402223083561864314106060191989
-0.0641722423057375784827272013899346347898
-0.0638304324911187354052444220542383845896
-0.0639734040843802781450833094822883140296
-0.0652928261844155088944319231814006343484
-0.0671521756348489595733752821615780703723
-0.0671421905590349199499655696854460984468
-0.0672657310336107761017387929314281791449
-0.0654838226739123119291008379150298424065
-0.0644579816478538930590858058167214039713
-0.0644975220742145111119114631037518847734
-0.0649105409519678266949682665654108859599
-0.0654091662176372601322782429633662104607
-0.0659415013072317812703460049306158907712
-0.0664996685720701807831289897876558825374
-0.0670807816462719863626062988259945996106
-0.0676480093818375011194277135473384987563
-0.0682280851097858270781770784196851309389
-0.0688634829847354218435029338252206798643
-0.0695520946808611678635614339327730704099
-0.0703014792238805391599854033302108291537
-0.0710543015706421587918129034733283333480
-0.0718366909894812138981379234792257193476
-0.0727021335693120857035509629895386751741
