-0.0000069485733046392714261189904600968248
-0.0003718677850408358409595166449435055256
-0.0008260632579857585516130979996773930907
-0.0011172549736264047928052667302267764171
-0.0012967286605634243019935514240614793380
-0.0014120743483320751313070395838167314650
-0.0014924858408758468093779914198648839374
-0.0015519872372590436896550025736019051692
-0.0015986065694680606265321021197678419412
-0.0016370680527633407752574612459284253418
-0.0016705214262298440693749190799621828774
-0.0017001486128039378694504213385130242386
-0.0017272917248198260600083875360155616363
-0.0017527027356760572617683235918661921460
-0.0017766498889386539601631387341740264674
-0.0017992934436110662697883011418298337958
-0.0018207037616389599218175154859977737942
-0.0018407541279036631395177314729494355561
-0.0018592920555206026746175584918319145800
-0.0018756462761161652157831936094112279534
-0.0018893182213009763158184650677640092908
-0.0018998036019361385588061219564792736492
-0.0019052458683790052772211165432736379444
-0.0019046824593593779991612668922584816755
-0.0018959361500914184359145586711292708060
-0.0018768854186201134118250344329226209084
-0.0018442612235443289151609613796267694852
-0.0017936084925567485643532750216877502680
-0.0017216296314104572503372869718418769480
-0.0016229839303818071206270134965166107577
-0.0014921845642100416660935646717689451179
-0.0013256009652382982726137594653437190573
-0.0011239977583421300374316720294132210256
-0.0008907520527060786225473365540494796733
-0.0006399343767239673314711767559970212460
-0.0003966370297847654513047344071452471326
-0.0001957773979093890923813825466481830517
-0.0000675699403063534408727525137905445263
-0.0000421908186046304731794780173981251892
-0.0001264912231050230415497354075071712032
-0.0003062323995719284735160525823260968536
-0.0005596428455781144242764391094624443213
-0.0008618494904738582861394857737025176903
-0.0011870457688022773359848294205676211277
-0.0015171868280602219657832163690613924700
-0.0018381369407222236233429013552154174249
-0.0021413189217353491983208968463259225246
-0.0024151863862915856802360270449980816920
-0.0026560284939485812039094980718800798059
-0.0028564082275126878932014484746559901396
-0.0030116552126543917264345218143262172816
-0.0031144788065387519690463413724046404241
-0.0031580500573093451231743156171205555438
-0.0031383076478019343927283735240507667186
-0.0030495017993029450466269114627948511043
-0.0028870590628523127435522965811287576798
-0.0026486850567388688267034257961540788529
-0.0023401232233611411574780714062171682599
-0.0019676730390480101293149139962679328164
-0.0015502903590272109138337164324639161350
-0.0011149771484582694010961878561261073628
-0.0007016483064057710099248321711229436914
-0.0003598014483637012889821749084262592078
-0.0001456144887097576856062330907803925584
-0.0001166657664188730498091087217638062157
-0.0003163113697721220483709270165917359918
-0.0007614193263838186761030546456652245979
-0.0014378907460730495221357116975013923366
-0.0022993997227410112836609723530045812367
-0.0032873244938103397295992014193188879290
-0.0043451013948815541895753788992351474008
-0.0054227485464879961532536079005240026163
-0.0064830849353077904875797266015524655813
-0.0075020081260306990117436853893195802812
-0.0084579635436955527549862665637192549184
-0.0093434177785743904171011919856937311124
-0.0101468508672470300591150760283198906109
-0.0108583090891746867484579652796128357295
-0.0114738320336762750911718811153150454629
-0.0119821547204037801015452657793503021821
-0.0123738344529751367883996238106192322448
-0.0126333240891844944542299344902858138084
-0.0127405055032115879093401744626135041472
-0.0126692268775042797546159789590092259459
-0.0123859098420612007834806789219328493346
-0.0118462957045072526246487498724491160829
-0.0109993826714213736167602419868671859149
-0.0097866132531099266772534051028742396738
-0.0081597174795503806671304047881676524412
-0.0061109745011533652542246031202921585646
-0.0037426597261475545892761562782879991573
-0.0014297993899439909865067832583918061573
-0.0000753589167889989709411824314599925856
-0.0009200586124177467968465737868655196507
-0.0038875167260853070450021817805463797413
-0.0077430716223546225060458958466824697098
-0.0116127754254055567950665306398150278255
-0.0151111856891477328718176309507725818548
-0.0181251379581476163016517944015504326671
-0.0206702524502002452089222117592726135626
-0.0228110305223788584205735219256894197315
-0.0246211435846594405008058714656726806425
-0.0261666710399275047327360965709885931574
-0.0275033507273405482262962351569512975402
-0.0286749286790530660828935083372925873846
-0.0297155433733837619214579461868197540753
-0.0306515575030148271218344291355606401339
-0.0315033511477592204075293125242751557380
-0.0322865994238017775530558139962522545829
-0.0330134705275469120255849020395544357598
-0.0336937057122654315399756796978181228042
-0.0343345188885013849477978453705873107538
-0.0349421157245734803620251796019147150218
-0.0355209785890330462243547060552373295650
-0.0360749768432999592948640099621115950868
-0.0366071958134860653277797837290563620627
-0.0371199409308653541228473216051497729495
-0.0376153229468224464815406804518715944141
-0.0380949396818751409576897515307791763917
-0.0385601294728502019815152834780747070909
-0.0390119646176303735973789343915996141732
-0.0394513471004948601539297214912949129939
-0.0398789444747812971137079784966772422194
-0.0402953769063971387054401418481575092301
-0.0407010907981385436360532992239313898608
-0.0410964582722400523229211444231623318046
-0.0414817366284099334206025844196119578555
-0.0418571615401712171511405813362216576934
-0.0422227759706837943443069605109485564753
-0.0425787302197933037462007632711902260780
-0.0429250645702711278173246967071463586763
-0.0432616695848109314437301975431182654575
-0.0435885349205756972290615181009343359619
-0.0439054306533732258133184700454876292497
-0.0442123169211287858626491242830525152385
-0.0445088882302582602989993176834104815498
-0.0447948220627807022764521605040499707684
-0.0450698756973322359198341757746675284579
-0.0453336259731184146315463578957860590890
-0.0455856316307940295784462136907677631825
-0.0458253203249635518434779157814773498103
-0.0460521172172871917638303784769959747791
-0.0462653159447884501642711541080643655732
-0.0464640134029554938144279674361314391717
-0.0466473282248313150799567949889024021104
-0.0468138004586469425039041425407049246132
-0.0469622053049895196719099033089150907472
-0.0470906600501722408247395890157349640504
-0.0471970532132528070023980149017006624490
-0.0472785317758092349382792463075020350516
-0.0473316420395824416500474285385280381888
-0.0473519759918524033026621111730491975322
-0.0473329935933595874475443565643217880279
-0.0472669038022597853831996417284244671464
-0.0471425569751085238312526826121029444039
-0.0469434782950044759974872476959717459977
-0.0466461980356891250942830140502337599173
-0.0462149636108102335185776610160246491432
-0.0455939786589313195142025847417244222015
-0.0446910197065073719335792645779292797670
-0.0433484914205554058841407538693601964042
-0.0412786050842384871772949850310396868736
-0.0379349248685225889921035502538870787248
-0.0322313060727265135452235256252606632188
-0.0221598945787047293953797577614750480279
-0.0061875171485139372762329657007285277359
-0.0037286807627095685212237352601505335770
-0.0211316185147753000939108147804290638305
-0.0325575816538234558139564001066901255399
-0.0386930334527611774486643980708322487772
-0.0420277961595974802744279941180138848722
-0.0439074989447131164288506965931446757168
-0.0449921435555001025807797532252152450383
-0.0456123553306951937114099848713522078469
-0.0459427190026550497092827640699397306889
-0.0460805150764892895720592491670686285943
-0.0460826086258247641369578673220530617982
-0.0459830843903000982542117469620279734954
-0.0458047725897208629630696918866306077689
-0.0455611130381320533766498215300089213997
-0.0452615269705351971896156726415938464925
-0.0449125234709686904643888283317210152745
-0.0445186746444490716312358813411265145987
-0.0440825075985507644493743839575472520664
-0.0436065765712601929871006234407104784623
-0.0430911742732334873684507670077437069267
-0.0425378835888290396383126790169626474380
-0.0419474394730424623989328836159984348342
-0.0413199438948445921249152945620153332129
-0.0406557736987758766566969370614970102906
-0.0399545204512834414845023900397791294381
-0.0392164713665086941962734101707610534504
-0.0384418395701884366144618354610429378226
-0.0376306064736521075908548539246112341061
-0.0367829787275098310517229549532203236595
-0.0358991865667339163370463950286648469046
-0.0349795735636825380621139913728256942704
-0.0340251345454048934047186492080072639510
-0.0330364734882578545138720471641136100516
-0.0320147343836968550911947772874555084854
-0.0309616615893026012051869599872588878497
-0.0298796325480087388015704163990449160337
-0.0287712113655611279039447936156648211181
-0.0276394741257633518027869712341271224432
-0.0264894369941558599501618687099835369736
-0.0253260402519593606773806726550901657902
-0.0241552065779234055586943696880553034134
-0.0229869763670727776661006913627716130577
-0.0218287005663270160249478379910215153359
-0.0206944168810051336293565071855482528917
-0.0195991452616912122108860927482965053059
-0.0185616679856082135435801916401032940485
-0.0176046555851918744284301254765523481183
-0.0167583258609546800754763751228892942891
-0.0160561970676286573656010858712761546485
-0.0155451485123710413799313911908939189743
-0.0152802175582248574159383025516945053823
-0.0153351686523450370797094777230995532591
-0.0157921748571019301965456804737186757848
-0.0167625681387130499866433552824673824944
-0.0183759065064058486893561195074653369375
-0.0207705144509583404521801952569148852490
-0.0240889678486366949627939249012342770584
-0.0284145565161714221125155432901010499336
-0.0336265109783936352871869246428104816005
-0.0392201837653792725890689041534642456099
-0.0440121574339097446082469389239122392610
-0.0463107358396420559776274217256286647171
-0.0448611937806631527747569521125114988536
-0.0399570804970111395637566431560117052868
-0.0330725775672766689194936873263941379264
-0.0258551156449277272364462021414510672912
-0.0192895509836981463025473715333646396175
-0.0137802858351034358125319911891892843414
-0.0094006253447778392179356998781258880626
-0.0060896969935246335683953766704235022189
-0.0037425903811885950778215459422426647507
-0.0022686154811110427996501126557404859341
-0.0016177857155282770931087332755282659491
-0.0018575858536539801083020684302482550265
-0.0026890284897686657188120573636069821077
-0.0044574696171696378058091347895697253989
-0.0071890371100678642293790865380742616253
-0.0110189022827402519077999443197768414393
-0.0161510062472166697478126451414937037043
-0.0228480076059407871680306811867922078818
-0.0313798753619227085986942427098256302997
-0.0419329929894204228579823734435194637626
-0.0544155210696835311967589632331510074437
-0.0681089270635364257833188617041741963476
-0.0813412926341893771642332922056084498763
-0.0919910926889539182216282142690033651888
-0.0984488484669163582685413871331547852606
-0.1002684998501368746071094051330874208361
-0.0981348712201055434212193517851119395345
-0.0932981130059008512134255397540982812643
-0.0870635351927369627311747990461299195886
-0.0804410389525922614462061233098211232573
-0.0740349774718538772289022631412080954760
-0.0681806042778851373320492257334990426898
-0.0629953659263479126551033004943747073412
-0.0584928666706826735910418335606664186344
-0.0546362569911977846714989937026984989643
-0.0513580054173503330883221451585995964706
-0.0485861921023167109279228270679595880210
-0.0462503084092544536343183381177368573844
-0.0442872070768192196976720254042447777465
-0.0426429299357087565613966262390022166073
-0.0412670669051125316162398348751594312489
-0.0401199876863016571815201416484342189506
-0.0391657952623306326866980953127495013177
-0.0383737313385267078680307406557403737679
-0.0377203071709969195435263600302278064191
-0.0371830272489967819660172665408026659861
-0.0367446579356948896388779246535705169663
-0.0363886140707144339900835916523647028953
-0.0361035551786744526858718984385632211342
-0.0358770753069277692492988762751338072121
-0.0357001357172716110577326276143139693886
-0.0355640619441602578998384842634550295770
-0.0354628342528910192599234108001837739721
-0.0353889829299408945062488385246979305521
-0.0353379397017291249638581973613327136263
-0.0353047443793839052506022824218234745786
-0.0352856012196757495846810570583329536021
-0.0352774790639599003516657660384225891903
-0.0352765910520456069110473151795304147527
-0.0352799081185344726163677364638715516776
-0.0352850518122982959035027761274250224233
-0.0352899599809383124338069137593265622854
-0.0352920143297534363857614891912817256525
-0.0352894581184550679142652995778917102143
-0.0352795768871918755116290355999808525667
-0.0352605335578932629903015083527861861512
-0.0352301421601329753374720610281656263396
-0.0351854424889020758748792161441087955609
-0.0351228047651305150256284548504481790587
-0.0350393950799218478753260797020629979670
-0.0349299531287823594727370846158009953797
-0.0347893916564513613898235178112372523174
-0.0346083568566452753900719585544720757753
-0.0343771612092026862539384524097840767354
-0.0340795252050227065465648479403171222657
-0.0336937855954129381053085978692251956090
-0.0331835551390668448412668567470973357558
-0.0324948088617639171959972088643553433940
-0.0315338256011034323567088222262100316584
-0.0301423927996788826311203024488349910825
-0.0280204241133422821130594115857093129307
-0.0246085060461233330608710190290366881527
-0.0188746214109454940599519545685325283557
-0.0094580236273920145068094811335868143942
-0.0002216973535739574677032315275226892481
-0.0065335995366383745400207239129031222546
-0.0159312678211761642177446418600084143691
-0.0220176547755054942412389351602541864850
-0.0257591416821120397506739152504451340064
-0.0281278680563184918517194432752148713917
-0.0296806958549807112235363604213489452377
-0.0307308674641052388676332185468709212728
-0.0314552750873589581637190804030979052186
-0.0319600982648850090450665106800443027169
-0.0323118695658481530630368183665268588811
-0.0325517518231469363265695449172199005261
-0.0327087261964717629370014151390932966024
-0.0328023290296574690505515548011317150667
-0.0328461329097228527107432682896615006030
-0.0328494210025396873864345081983628915623
-0.0328199223540226736606228996606660075486
-0.0327633673102335140625562814875593176112
-0.0326830831764296780850287404973641969264
-0.0325824760186294720698541027559258509427
-0.0324636839633016746620164383330120472237
-0.0323288581543987943445195298863836796954
-0.0321789230308303156324889471306960331276
-0.0320146877628473963683930492152285296470
-0.0318370924914802636007671310380828799680
-0.0316469559273237222019048431320698000491
-0.0314435818856314830416209815666661597788
-0.0312268878439742533781320332764153135940
-0.0309967982210847814439347303050453774631
-0.0307529878997881145341608544185874052346
-0.0304940783029972808937380079896684037521
-0.0302190064328511677482769215430380427279
-0.0299259438395357395268359113060796516947
-0.0296133139119742275213731375060888240114
-0.0292779947552772937258147578631906071678
-0.0289166383809619405298452221586558152921
-0.0285250423779831625836767017290185322054
-0.0280974979945534733549727945955964969471
-0.0276275352120355054130751426555434591137
-0.0271056457289669157362244078512958367355
-0.0265205462892162367738446704379384755157
-0.0258571723703676613348445556539445533417
-0.0250964917047802223148966760390976560302
-0.0242128145844587895629818063980565057136
-0.0231739602110737526186046153497954946943
-0.0219372387324796060126264052314581931569
-0.0204494348122258098876535825638711685315
-0.0186444435749643297461908275636233156547
-0.0164472099441225483307249533027061261237
-0.0137826586784041780348042394166441226844
-0.0106050802316871271846476787459323531948
-0.0069702679249457281246415973896546347532
-0.0032349404488789933881376370550242427271
-0.0005192489904715369680027192700322302699
-0.0004191716130518519339669125667313664962
-0.0024984190756089843382659054782379826065
-0.0051102694210428010676561250136273883982
-0.0074795026707725085698963418678886228008
-0.0094200126681175180842764405042544240132
-0.0109327931725761509640371116347523638979
-0.0120672241091111537986124702115375839639
-0.0128820593491274174718919098836522607598
-0.0134294454855528599956926427694270387292
-0.0137516287442493549686428622180756065063
-0.0138812198600253306618457216359274752904
-0.0138424771472553647527758968749367340934
-0.0136526028057083886890765711541462223977
-0.0133233554408908119737198205712047638372
-0.0128610397055312925679304569825944781769
-0.0122697128563011778612512614472507266328
-0.0115506238250602487338536406014100066386
-0.0107035740503273173879206225933558016550
-0.0097290240968744660932099321826171944849
-0.0086298577860025975361235595073594595306
-0.0074142065718469218199571102445588621777
-0.0061000007459468229276122741566723561846
-0.0047232087590725127523860749079176457599
-0.0033472103243489081773887061643790730159
-0.0020806640322693303012113741345956441364
-0.0010779974776734446619691487612158198317
-0.0005036360920836746839918118823220538616
-0.0004290603651025470875561562689171068996
-0.0007731363200370844042733087242424971919
-0.0013631485508588192870349509178140579024
-0.0020356429640970021520407495785320861614
-0.0026752939843292301326516113846309963265
-0.0032097531933499533207676535084829083644
-0.0035922201229986973000651850895792449592
-0.0037912960421462725719987663097754193586
-0.0037828459227259012866151355325428085052
-0.0035493376085977022468820329947902791901
-0.0030819692288398359107659540967460998218
-0.0023945917413888805763688694128177303355
-0.0015509777488111776023310683925160446961
-0.0007257914873928794641244621743680909276
-0.0002550310334418237644994731372349860976
-0.0004875844391404449270840948393868075073
-0.0014173669571820003091483508583792172431
-0.0027233938271964386844403716025908579468
-0.0041222867749631728062631452758068917319
-0.0054638599420617850813131077813977753976
-0.0066842545940697852685508095760269497987
-0.0077655129413260661624951453063658846077
-0.0087097366833421546034044169459775730502
-0.0095292245257204716973875591179421462584
-0.0102395662496535914953721402298469911329
-0.0108556763946776289875284504660157836042
-0.0113921425355770506576691403211043507326
-0.0118605041810202482821523517486639320850
-0.0122715858428543000274713037356377753895
-0.0126336479465837831642760491490662388969
-0.0129537045262718801541534929810950416140
-0.0132379020642472717411708416079818562139
-0.0134910349337188373297635735070798546076
-0.0137171529202014322312841443363140570000
-0.0139195917064530456236370881129005283583
-0.0141009816816694971697287996903469320387
-0.0142635225694819293279502758764465397689
-0.0144091546902739148228178578392544295639
-0.0145390971368427358856312281432110466994
-0.0146543793172903349941726958149956772104
-0.0147559698990307255894727234135643811896
-0.0148441255146531374958795979068781889509
-0.0149190396115237173396694814186957955826
-0.0149804112758428423918255489866169227753
-0.0150279621292251572284293104075914015993
-0.0150605683616542810471239377534402592573
-0.0150770884205526957411169775014059268869
-0.0150756003673856529140318016857236216310
-0.0150538354547365711005868504912541538943
-0.0150086862677150326833563909190161211882
-0.0149360829188547577367485175159345089924
-0.0148308523563752455570741162205194996204
-0.0146867605726055654863371202623056888115
-0.0144950963715218747451807246306998422369
-0.0142444948834275827292961125181136594620
-0.0139207705480358899519099935560006997548
-0.0135029718057059766600502825895091518760
-0.0129630230679742639715579244352738896850
-0.0122565799675084224212850969593091576826
-0.0113104012234583085894090714873527758755
-0.0099855436384070055816364330780743330251
-0.0079518415418372116743039867969855549745
-0.0041770554473312725488054475420085509541
-0.0004708094487525071977947199730607508172
-0.0061624314803180044522457059485986974323
-0.0093064787529096686113927461292405496351
-0.0112386157916936728351497976063910755329
-0.0126313366833112547538142678149597486481
-0.0137166105080493757467641202651975618210
-0.0146021880984527115815430065026703232434
-0.0153480788283279889067101109390023339074
-0.0159917038553161194869289829512126743793
-0.0165581053623926922890863266957239829935
-0.0170648979755918250855728501846897415817
-0.0175255568501126793301558848270360613242
-0.0179497338739321894707234861243705381639
-0.0183449901669330908693389403651963220909
-0.0187174073444172708868826759953662985936
-0.0190715026675659718446986801154707791284
-0.0194109815670327513770221372624291689135
-0.0197386777086768043509845682592640514486
-0.0200568906638946761744612956590572139248
-0.0203670980868428247445578449514869134873
-0.0206706840536242386630050305029726587236
-0.0209682588051984288013418478158200741746
-0.0212602094676299958886378504985259496607
-0.0215465853275858126858466334851982537657
-0.0218271512504438908175430356095603201538
-0.0221012509329263674706655962154400185682
-0.0223682312403790904686839979831347591244
-0.0226268755599862460281546105989036732353
-0.0228761521273784934615846964334195945412
-0.0231148997562374801384432743134311749600
-0.0233420114689358373927241530054743634537
-0.0235565871573035663655293348028862965293
-0.0237580451685704685527156243551871739328
-0.0239461702906299499227227300934828235768
-0.0241213157316336711255555513844228698872
-0.0242843584956132646501814065231883432716
-0.0244368006160395265236040529543970478699
-0.0245805797499814536466455905383554636501
-0.0247182043203294406208403444225041312166
-0.0248525726456396735264409159071874455549
-0.0249870364006529489808716704146718257107
-0.0251254159053090619924120119321742095053
-0.0252719232731931538193936859215682488866
-0.0254316111428296576235652537434361875057
