-0.0000073637438585616446441901861152956599
-0.0002513627659260420283728054702265808373
-0.0005867683748450924557590879793167459866
-0.0008101879920692068139456698538936052501
-0.0009476387107637828949996405825118017674
-0.0010351574892862246916186430567563547811
-0.0010951622340187438381375883977852936368
-0.0011393175667079990381891363426802854519
-0.0011743006875136962306738208638989817700
-0.0012036532982480307139849795561303835711
-0.0012293172268076713385398512912161095301
-0.0012532572656108575525485404611458761792
-0.0012759674853400893284466333099658186256
-0.0012984666642286758243829414283254664042
-0.0013206414349311002519316016190487061976
-0.0013431263345453070805896045314398179471
-0.0013658418890061185205914151552519797406
-0.0013886335029537511410319128302148783405
-0.0014116916897211739118089823818991135340
-0.0014344448387032882399894084812785877148
-0.0014565636792113090692418753135939368804
-0.0014771539336679705579219445965577506286
-0.0014957022362324435584002291221850100555
-0.0015100908496991538761122786382884441991
-0.0015195090896949969231505273015159218630
-0.0015207201766656997920373894928047775466
-0.0015124857369815524355677327505986795586
-0.0014887249710860794675582052803974875133
-0.0014465449352025893259982014527054161590
-0.0013805004589090774051035603875448032341
-0.0012852365397494458065102973520765772264
-0.0011567312273712082679871793189363415877
-0.0009910943636751068288454069588055972417
-0.0007923290750178568720915595058329472522
-0.0005715418696508778491349733741344607552
-0.0003531858232369611315729085454506730457
-0.0001697555846155895844639543978971119031
-0.0000537670697015668605576836636128490454
-0.0000290901916747232643187682371577196250
-0.0001068277961724040049564660170844376808
-0.0002696257755414222141709945645970947226
-0.0005010399181690594443139286084942796151
-0.0007701492423296185316217155047979758820
-0.0010553979292878979540093453692861658055
-0.0013403195511234745201933904468205582816
-0.0016165756398687314374790213733490418235
-0.0018681019063078330849636543575797986705
-0.0020950530566663161033402751343146519503
-0.0022876222602904693059766572105218074284
-0.0024445662529248091479616711296785069862
-0.0025609969265565357687819414422847330570
-0.0026319258357625583549799230809185246471
-0.0026504723162443654012332405756069420022
-0.0026150359796449198016010662115604645805
-0.0025207159235373088890241888293530791998
-0.0023657455787701219332430646602460910799
-0.0021470388279474028961346654398312239209
-0.0018698637442989452135677641564370787819
-0.0015466797995133019401337026721421352704
-0.0011909688350612746172985101367203242262
-0.0008298261463789180806746581531285755773
-0.0004967856876878839816544242147244858643
-0.0002342230334179329278177644768632603700
-0.0000891751118407491040647461222334868580
-0.0000970660579827975543518864265379875178
-0.0002864497343522232172992325605065389027
-0.0006638791347204243010332591623523512681
-0.0012130317131465418682007006978551544307
-0.0019024386626081280903671766324691816408
-0.0026879775826979092692714523593622288899
-0.0035307288913067093327757817178280674852
-0.0043907919604405324515150610409364162479
-0.0052395610804528390536116688736001378857
-0.0060552452170523247965139290727165644057
-0.0068248899290079337309755658225185470656
-0.0075348991408906674724366148154786060331
-0.0081777651111414623869011464307732239831
-0.0087456072050536362572081827693182276562
-0.0092318335730805292649314708341989899054
-0.0096303550511804333206233863506895431783
-0.0099306641825790149119557170820371538866
-0.0101199720681291790297384736163621710148
-0.0101815159050793850592508960062332334928
-0.0100931804331428516541269146955528412946
-0.0098287994428968693955139812601373705547
-0.0093499584838783421358865410866201273166
-0.0086134926722479417116051791936115478165
-0.0075780502520678269182119457525459438330
-0.0062096362190236153652533879210295708617
-0.0045231858173052329197272314331712550484
-0.0026485522840299681457398861539331846870
-0.0009370554673531250643517265253024106642
-0.0000457043527126166360119441378628835082
-0.0006859941996262719932780926868076676328
-0.0028497620586552074688213576081352584879
-0.0058252145850295452070288781953877332853
-0.0089264402344700500419039101984708395321
-0.0117671460176701700439672038100979989395
-0.0142146011845670858925183566157102177385
-0.0162670637720451032037782823636007378809
-0.0179755473447404355569201328535200445913
-0.0194013330009208395665609714342281222343
-0.0206034045668296583730949578239233233035
-0.0216284046619387021470615195539721753448
-0.0225145741400440274615490920950833242387
-0.0232905094477654645013231515804363880306
-0.0239784508938081890316862399004094186239
-0.0245959901345793874316569826987688429654
-0.0251556497342311086162780497943458613008
-0.0256676877168034341114566387886952725239
-0.0261401464851281593870790942446546978317
-0.0265788150686155251467557292244237032719
-0.0269887531041339244486376713894060230814
-0.0273737682647077172626293162238653167151
-0.0277367998099690739322031873825835646130
-0.0280803303154384502338114515396227943711
-0.0284063616798445259248317995570687344298
-0.0287164486936023685692553897297329967842
-0.0290119722541076312249952451338685932569
-0.0292938532730164687134521983580270898528
-0.0295630135180045758303002401135017862543
-0.0298201872777888836452131471332904766314
-0.0300658755423083116908866685434986720793
-0.0303006357553226371437382624662859598175
-0.0305246955283109376588779326766598387621
-0.0307384688644958894987446740287850843742
-0.0309420800758019448606361834208655636758
-0.0311357337938557923728843945809785509482
-0.0313195985321671754864070180701673962176
-0.0314936185431311729820968992044072365388
-0.0316579097624813884936934016423037974164
-0.0318124131289396691602000544207839993760
-0.0319571134427576314385177624899370130152
-0.0320919552957158737971354867113404907286
-0.0322167963320862810183697888533060904592
-0.0323314990394408113827395823136612307280
-0.0324357877389940540968638060803641565144
-0.0325296191060800779504269542030669981614
-0.0326125897418647683889680877200589748099
-0.0326845073273250713574711312503495719284
-0.0327449433848340867858617286856315331534
-0.0327935249362065403544441721805924316868
-0.0328299273715046691091146158214542083442
-0.0328531583641514246529879983427235856652
-0.0328631348176114251868895621555566322058
-0.0328584757098996579904870429800212150440
-0.0328386531293161434974514634177467087284
-0.0328022645169590010283400260959751904011
-0.0327480894348541953786657643377111526206
-0.0326740077788792090962566305734071647748
-0.0325778196589131888161183780994178960100
-0.0324565260768394925339208612058428116143
-0.0323057360701496723565107060949230799451
-0.0321205110469159130226479703651421004906
-0.0318928947638916007734088964298280188814
-0.0316118572274355705276072114884300390258
-0.0312616724149117758413396472860767971724
-0.0308180027789168378693496208597935037687
-0.0302435860645157185422338130820207879879
-0.0294749019741093742918991438273224048316
-0.0284044491346101060647022507055226014927
-0.0268354787798062155435019349170033819973
-0.0243890284984134772527930579144594958052
-0.0203124722801063632704465788947345572524
-0.0132969485383261608324456659602219588123
-0.0032008383722517529806905756117885175627
-0.0019910876698424929964748031352428370155
-0.0124624327439870237477226311284539406188
-0.0199485287041085423975772528137895278633
-0.0239014904452085653885351490544053376652
-0.0259513691548145346288389845312849502079
-0.0270251621739922842646564049573498778045
-0.0275752253496279152444881077599347918294
-0.0278208389221954802139613605049817124382
-0.0278787181252788777985340828990956651978
-0.0278121084200647732120881272521728533320
-0.0276598959746769124112830695594311691821
-0.0274445827728836411196766675857361406088
-0.0271814885217920507165523247294913744554
-0.0268786970848100374709144233520419220440
-0.0265453145968890941164275432129215914756
-0.0261855030239758410082195894119649892673
-0.0258030747513141867077735014390782453120
-0.0254011990140399247783964398195166722871
-0.0249807780347959147715375394227521610446
-0.0245468248087675651458727799081316334195
-0.0240986330669180973118592703485774109140
-0.0236383364377527258048949931890092557296
-0.0231685989264100340723206983284399029799
-0.0226896525394708475920069190578942652792
-0.0222044322641853086874874634304433129728
-0.0217142322902639066384278265786633710377
-0.0212215071534869008373913601417370955460
-0.0207281057352102435209495467915985500440
-0.0202365580799546626589169306953408522531
-0.0197493689079737445857265498716515139677
-0.0192696100244598121642436439060475095175
-0.0188013538973940477760926626160653540865
-0.0183472521657981023357475436341701424681
-0.0179128724858850681134203597366649773903
-0.0175027378666768700099520827961896429770
-0.0171222907502505475307863491707394132391
-0.0167777231347763511326576235660468228161
-0.0164774919786518682374154565195567556657
-0.0162296483674479845304983172127322177403
-0.0160440084165810320504519381756836082786
-0.0159320904288548712002260288045363267884
-0.0159070777112932278118950790712915477343
-0.0159862553327155126892122893877967726439
-0.0161876587997457840883974711232440313324
-0.0165324922128934279075274105252901790664
-0.0170473047461411689185162288140418240800
-0.0177619900274181806432149954844135208987
-0.0187162113492403935077756926830261363648
-0.0199518561432420228618500601669438765384
-0.0215231778898602940652828863221657229587
-0.0234883408553369851801129186696925899014
-0.0259204894988205210293319424863511812873
-0.0288972715868656936100133947320500737987
-0.0324957460159265298926811738056130707264
-0.0367858502419809232919511998716188827530
-0.0417812766119095291283969118012464605272
-0.0473969070310522183619994507353112567216
-0.0533247471412695156489647274611343163997
-0.0588842937544496181079267671520938165486
-0.0628839644542122516712723268028639722615
-0.0637458982691422176847240166353003587574
-0.0602364884561782804039964389630767982453
-0.0525429173467784615958464655705029144883
-0.0425026757450995135156901483242108952254
-0.0321741993626605340961255308229738147929
-0.0230659971649626142908839909750895458274
-0.0157805349810634654161844991904217749834
-0.0103023512648715096645668509722781891469
-0.0063974758501846862301931651018094271421
-0.0037999255286317889547531567728810841800
-0.0022691386296136363716346995289541155216
-0.0016211347708704048221212135061364278954
-0.0017218950015669509754495658526707302372
-0.0025705416629398492554814392718753879308
-0.0038716193342893069281873685838490928290
-0.0058513814891503757031898658169666305184
-0.0084415979188604307881238497657250263728
-0.0116859122691069811789121857259488024283
-0.0156356256044574426500304298315313644707
-0.0203432220955723150335181514947180403396
-0.0258471419931317718254870641203524428420
-0.0320897060546608339781649021915654884651
-0.0388336570040787448787611424450005870312
-0.0455293150878921110136232641707465518266
-0.0511259190719323686202812950796214863658
-0.0544935549468166594011542258613189915195
-0.0548860275420048199235267816220584791154
-0.0525458609455219521899849155488482210785
-0.0485446641598943628981288611612399108708
-0.0439922120194344637433836453510593855754
-0.0395973771426766582570699881671316688880
-0.0357536432351625299563835369553999044001
-0.0325743781508777835442813852750987280160
-0.0300600289755840500982575491661918931641
-0.0281569898406322932649104018310026731342
-0.0267762023126089689084583511657911003567
-0.0258302474325972572510856650751520646736
-0.0252484339102162641532700604329875204712
-0.0249632127995384860141836469438203494065
-0.0249177994367551086662970760698954109102
-0.0250653288412899834247671293496750877239
-0.0253674120426956445362165482038108166307
-0.0257945291697135835329302011587060405873
-0.0263218689586699645943657088764666696079
-0.0269267366735783941766868565537151880562
-0.0275902370236746456721999010142098995857
-0.0283015922288545676566151598763099173084
-0.0290484995651553515316756204356352100149
-0.0298189902276209742315593587136390851811
-0.0306066097472981815674764050072553800419
-0.0314040938513047429569979840380256064236
-0.0322060247373664246262059407399647170678
-0.0330056857712763135337397102375689428300
-0.0338012122449031157667143077105720294639
-0.0345872738364086523832341413253743667156
-0.0353612644619775706722464292397489771247
-0.0361217991576830779743012556082248920575
-0.0368642027624996454493455644296773243695
-0.0375883569717897769724146428416133858263
-0.0382901778581343429919137122396932682022
-0.0389709010844839151554985789971397025511
-0.0396272803967870346220081501087406650186
-0.0402568494313519931182554500992409884930
-0.0408594443115974717550820116684917593375
-0.0414323261865691544469925133853394072503
-0.0419734109219596293605114567526470636949
-0.0424812676479900674930689774555503390729
-0.0429533645835408137148014873218926368281
-0.0433864657676277590270252915161108830944
-0.0437749776539564372512813861249014735222
-0.0441146520310012821286527184838632820174
-0.0443994099343881232222486232785740867257
-0.0446182396004786846477330186644394416362
-0.0447595408064473537779193179630965460092
-0.0448049509451773977919408764591935323551
-0.0447313379436772573516378770364099182189
-0.0445031042183937700085216704337653936818
-0.0440669181776215182488876109800912672654
-0.0433450055345118920313574051306204637513
-0.0422144579066147940249464909356902353466
-0.0404870148805833787730712458596826763824
-0.0378596545917245300150177911291393684223
-0.0338574621934567832060025693863281048834
-0.0277962430697899637310754883401386905462
-0.0189758782120489563616239081511594122276
-0.0079477207524565329777033184655010700226
-0.0003025554550846654058154916455691818555
-0.0044140330981650753930378705547354911687
-0.0141583089276026436592603729991424188484
-0.0229249086055746606471750226319272769615
-0.0294574057874205444407245124693872639909
-0.0341258090491443066838428421760909259319
-0.0374768593033721411633685249853442655876
-0.0399179470353483514810655208293610485271
-0.0417339706760574552513176627144275698811
-0.0431062979638286714045847247689380310476
-0.0441587631377105896413048924387112492695
-0.0449751144007809050551216500934970099479
-0.0456083851701668124833943807061586994678
-0.0461006838545262795370227593139134114608
-0.0464804362971798779025078829363337717950
-0.0467680886955780458769105223382211988792
-0.0469788032978763411828815321769070578739
-0.0471252286933240144284340544800215866417
-0.0472153545357867354681502547464333474636
-0.0472548349508592827050712514846964040771
-0.0472504133289181546540014267065998865291
-0.0472052832692331642006067227157473098487
-0.0471219262470079225391117461185785941780
-0.0470029203006282619847766568454972002655
-0.0468492904898503773059026400460425065830
-0.0466617667945834133091942419468978187069
-0.0464407921130806783382993785380676854402
-0.0461854713798022023518718981449637794867
-0.0458955701190088688479207235104695428163
-0.0455693304064690996035835723887430503964
-0.0452040429372028082499745949007774470374
-0.0447978336859367332056791610739310272038
-0.0443466087215577328684013025394961005077
-0.0438461063814422555284799898345227120444
-0.0432902277556413209169683398158667841926
-0.0426719175872860290166244112697313539684
-0.0419824761374773813837890656941453926265
-0.0412103821634760628112026381586474599317
-0.0403429981250026312156187202617729781196
-0.0393627753490976006744972437445539981127
-0.0382485854537253228135895710693148430437
-0.0369749701643397737926832746779837179929
-0.0355098696056527635134258957805286627263
-0.0338140924128383854596613389276171801612
-0.0318414414867719819390856628160690888762
-0.0295369818981431296600614899716674699448
-0.0268415671401031827314476174706214806065
-0.0236981154436832139320578960450802696869
-0.0200673811790035121205288959345125476830
-0.0159627388869888996170143258268581121229
-0.0115078935124057046140988447291420015972
-0.0070206268255423066870779535975088947453
-0.0031019695738316822516966730916010419605
-0.0006234390202716655771802978236451053817
-0.0003012355080095496947210909066683370838
-0.0018625038964681572481452143108526797732
-0.0043849018236839110845837197416585695464
-0.0071394457268825293333458503752808610443
-0.0097198115593231902697990420847418135963
-0.0119419194369179519632506725201892550103
-0.0137481908418983674036173425747620058246
-0.0151411707833073831686032661991703207605
-0.0161491775814870848482218690378431347199
-0.0168093924116034000582065033313483581878
-0.0171576566593001147986718990523513639346
-0.0172252895693632036844267219066750840284
-0.0170391066814728035783144122206067549996
-0.0166186937597585064618765926525156828575
-0.0159820507424112169536645211564973578788
-0.0151435242019477816349803944717677950393
-0.0141176132735916989857649639361625304446
-0.0129176253016893040348467280864497297443
-0.0115631670261718902392722441163641633466
-0.0100783248192001084059254978342323738616
-0.0084977005812938606610362768378763576038
-0.0068696517021116362475274819132664561039
-0.0052600225727284753707291287128100520931
-0.0037507301109366776754872052634937062976
-0.0024406986688908062846370405907237000065
-0.0014345667426322750853673326787429687101
-0.0008156627336194843726907555137017880043
-0.0006121958980136743295324963654024941206
-0.0007787210589782955685173027049472693761
-0.0012154647485610014633755637802892124455
-0.0018063271330351305873906930798966641305
-0.0024411146043238907132888471096521243453
-0.0030276370716083912150440315969035509625
-0.0034860722953046429338497258498819064698
-0.0037571619836279592126448978461894512293
-0.0037950818621852611817191203158472490031
-0.0035734199316694061077104294099626713432
-0.0030900759617213213563402529615586900036
-0.0023848108330776617708179898613707337063
-0.0015593876716959575046833608169549734157
-0.0008033153436850536989466409210081110359
-0.0003887361202455097159563779385393900156
-0.0005728498392189873295726743052114215971
-0.0014284792974104099615162422054481794476
-0.0028166675950835728253762724193620670121
-0.0045215964521464150488450073339663504157
-0.0063505640235962321216156567516009090468
-0.0081690111552427599472814279124577296898
-0.0098981839070934347218910787091772363055
-0.0115009095613653727213643307436541363131
-0.0129661580071872718084025066787035029847
-0.0142953232090338479276514505045270198025
-0.0154981581232964613081826144025399116799
-0.0165867206167927550009011383735924027860
-0.0175730597251405155911907485233314218931
-0.0184692243061816765981042465227801585570
-0.0192860383255253481360469436367566231638
-0.0200327626555318050183274181108572520316
-0.0207171433533041501884319757209595991299
-0.0213466489014032222149008788392166025005
-0.0219269180060343779614662196308927377686
-0.0224633360606101388501354421123323845677
-0.0229598828275309058133402118073718156666
-0.0234203033840076728366863534347430686466
-0.0238472944624158189608209568177699111402
-0.0242433515476240674102470507023099344224
-0.0246103459746672276198253825896244961768
-0.0249493853236316676103001555020455271006
-0.0252612181944183306070428329803689848632
-0.0255463483332812671400269266541727120057
-0.0258042348241795636842876859873285866342
-0.0260340697115429356434113117302331374958
-0.0262343223030776090398674682546698022634
-0.0264022772497004877545467849131455295719
-0.0265349462588279384755995948808049433865
-0.0266278699027523470255207627133131609298
-0.0266746096862773805769020185607587336563
-0.0266674610028629632818564232366043142974
-0.0265963402415936890632597311423523933627
-0.0264480172183654584083800642702044569887
-0.0262048042750754953122971357970527606085
-0.0258436622236907012628570612378098303452
-0.0253327442202229656531553558806990622543
-0.0246289115198572716725067266452242620289
-0.0236699287701398475292080547660589218140
-0.0223589138936072934216170438048720825464
-0.0205364211479253204462036563882065820508
-0.0178978205649336988281028482106194132939
-0.0137618828031200995248850560415121435653
-0.0064446185492965614091676052055390755413
-0.0006124560170415738191707077930914238095
-0.0103267635599049792394232838432799326256
-0.0168385892814034050790628072036270168610
-0.0209100413690089699525476163444182020612
-0.0238127646692866574984481786714241025038
-0.0260519383382242022961783334267238387838
-0.0278666431434150090040713365624469588511
-0.0293887236247653595155870931421304703690
-0.0306990865712919412666703777858856483363
-0.0318522484814485959403462800310080638155
-0.0328858915968518183969848678316338919103
-0.0338277528968808569032056254854978760704
-0.0346983428333489454797877726832666667178
-0.0355134129010641064194686578048276714981
-0.0362851913825028432603048145210777875036
-0.0370229124294337574863078543785377405584
-0.0377343064674675598979547430644743144512
-0.0384249151732045587936958952468557981774
-0.0390990814344193415852402040400193072855
-0.0397603172827129258681821966092684306204
-0.0404106940393131608413312960692564956844
-0.0410519604817600469726102119238930754364
-0.0416846742212802837124208110708423191682
-0.0423089072830488341359078674486227100715
-0.0429238706142008458188641384367656428367
-0.0435282839093092122073613836619188077748
-0.0441200493607114274663416608746047131717
-0.0446968186823324051260009071029344340786
-0.0452556397507587193640432587926625274122
-0.0457935434052255535553044296648295130581
-0.0463072306434531566488033149653347209096
-0.0467942977161611636804927627508732257411
-0.0472523872206592338018893428852607030421
-0.0476801922973179304054980320870527066290
-0.0480777979432850319230219326982478378341
-0.0484465119412923542197013659915683092549
-0.0487891857661301858728464253545098472387
-0.0491099722873700184067047302960418164730
-0.0494144129270489076977135312063182936981
-0.0497090734539632622679405926646722946316
-0.0500014129924153602479997005048062419519
-0.0502991717482453998266933581362536642700
-0.0506107984305683156200927896861685439944
-0.0509444160865201098320476091885211644694
