-0.0000087037821335944619993317192263582172
-0.0004159846453444115835576533335427029670
-0.0009943485208969394476691272544144339918
-0.0013940358336356740119599262328620170592
-0.0016487985785987057697765667541034417809
-0.0018196345380603940779240534908467452624
-0.0019425898380777061828089680162179320178
-0.0020379356341323428235268178099204305909
-0.0021167678201651474699518384881002930342
-0.0021853996756846559915143934915704448940
-0.0022475338173099878268101914358112480841
-0.0023055193165859590685717872560189789510
-0.0023610923513984706165191873594721982954
-0.0024149983276510232979572556644143332960
-0.0024676461056380837727486365906770515721
-0.0025195167004065342764018708976436755620
-0.0025702808991652781323011822678381577134
-0.0026200603058067952616516649300137942191
-0.0026682983681752679878951273195752946776
-0.0027140191792988399045738479031797396601
-0.0027563654867685939524324378879782670992
-0.0027936779573304927094812288856928716996
-0.0028240730506372581365415186382961110212
-0.0028447954112245767491207182331436342793
-0.0028527002692245863151032647664351316052
-0.0028435224443886875436704464448212092975
-0.0028117466669002810428223959604565607151
-0.0027505097735655991038339340803986488027
-0.0026524450296971811488755399466299422784
-0.0025091200669784454596600298259545525070
-0.0023113760151882000587475474162602040451
-0.0020541827398967791445949515605207125191
-0.0017356693787137532965919595184800527932
-0.0013644471523886637226441465031712141354
-0.0009647861392186518267322092867743776878
-0.0005814524368536710648494580944145582180
-0.0002662810286781680697842933369656748255
-0.0000767158459985228769698745177052501276
-0.0000496933518144149216503105415121410715
-0.0001904414848857682981877331718223445023
-0.0004742643784351230394971676851412212272
-0.0008619669821562525200905890976343926013
-0.0013128764118622538673714084112020827888
-0.0017866506695395955109373353764112835051
-0.0022558274130686406695744938843972704490
-0.0027007571939365094572382819393396857777
-0.0031077673694875464563414091401227778988
-0.0034657409615749946822649274480454550940
-0.0037676678720334113442680390448913385626
-0.0040051298141663216681451764600296883145
-0.0041721806353626810295875948497723584296
-0.0042630290549636410540879083441723196302
-0.0042697097397400600102268519719928008271
-0.0041874044356393662000281885582353424979
-0.0040109342160457341075474602121175848879
-0.0037364937294601619985345841712387482403
-0.0033694226759677413721161265414139052154
-0.0029154275211388312565030656031694888952
-0.0023935790122566768557688110519166002632
-0.0018291700079787487093901932055928227783
-0.0012645356517931394344650408712027456204
-0.0007518737348168524556313307982691185316
-0.0003550138162925598026183060529348267664
-0.0001407946721800579193643182529527280167
-0.0001696722871321432277603308280689020648
-0.0004820265241216148519205753064653663387
-0.0010921448963331693328415727961555603542
-0.0019735853684588766134011539321591044427
-0.0030737900090329617341922130435705184937
-0.0043255483828153360945090177835936628981
-0.0056632160992693145531995391195323463762
-0.0070291819376006167349735243021768837934
-0.0083787984257686007327770028041413752362
-0.0096781253511320514820726046423260413576
-0.0109025745756850360457246296164157683961
-0.0120337561865318971865423947065210086294
-0.0130567933407416784941101894901294144802
-0.0139604007816912754902372029164325795136
-0.0147315377847406642208838434271456208080
-0.0153570922672991820590038258842469076626
-0.0158206339689811459336965526745188981295
-0.0161003520774776892610091749702405650169
-0.0161685979038891022852020284972240915522
-0.0159902879678167908483743531178333796561
-0.0155216898585519083586525823648116784170
-0.0147073061279579982152387884752897662111
-0.0134889784042216184095641651197183819022
-0.0118058256579103518918438808782411797438
-0.0096251540072214772369996182987961219624
-0.0069859720198730277176957237372789677465
-0.0040946786630802001552553726071437267819
-0.0014656585201848560187642966923249332467
-0.0000731470521527044465837433251387267319
-0.0011003354900184381809369327243075531442
-0.0045072264210410150145347252248484437587
-0.0091584796055864045594141487072192830965
-0.0140712475691315702652772756664489861578
-0.0186780970641979987556524633873777929693
-0.0227490858779191389149598734320534276776
-0.0262463170206625427682833873177514760755
-0.0292214338597024253507683511088544037193
-0.0317531149064735410125770442846260266379
-0.0339219055695086368906743246043333783746
-0.0357978844219110151070317726862413110211
-0.0374392819377444424633338826424733269960
-0.0388924572053961012385592255213850876316
-0.0401939142455354572747161512324964860454
-0.0413721456657464084494257861024379963055
-0.0424495702608186503690390622978156898171
-0.0434437077473573199370981967604166129604
-0.0443683204059547170450272801645041909069
-0.0452343107601943794637833207161747850478
-0.0460502810356704581074005488972034072503
-0.0468231982607806573870590227670618332922
-0.0475585802979861527184368696907768025994
-0.0482610251708402854253776581572310533375
-0.0489340646806938478485804466799891088158
-0.0495807223506133029622411356740485643968
-0.0502033733211533772511359074997017160058
-0.0508040283862503452838588202666869619861
-0.0513843581133895180301784932908049086109
-0.0519456124117493173164561426347063388675
-0.0524888874229361562795403983727737795562
-0.0530151053678598743745808974381361622363
-0.0535249686170213914704341107153595658019
-0.0540189665537874480483182537682296242565
-0.0544975806371723880960900032732752151787
-0.0549611163245115122433226417797413887456
-0.0554097917593004279934731926005042623729
-0.0558437161239628485076558206401386996731
-0.0562629870380633445581253226919216103852
-0.0566675112778017645021044756958872312680
-0.0570572460951723689492887103824614314362
-0.0574319667878892062273799012928066076711
-0.0577914734716659175828290528897923650220
-0.0581354310392280110297846817957179155201
-0.0584634541704056945321532623438542941585
-0.0587750758678067253271137815318070352077
-0.0590697083341188977634317325282609090209
-0.0593467222534838287351099950228672241792
-0.0596052758305620142276204376230452908203
-0.0598444725605075944496746842560241930187
-0.0600632418814267265982920207534334622324
-0.0602602427970990450756261225251364521682
-0.0604340048358925421845277980992250377312
-0.0605825939600592791589583896438853116706
-0.0607038105971256236603750267022405751050
-0.0607948172490800006761979545899521326646
-0.0608521822860365324547871068716631270945
-0.0608715887299294752810219222283194540069
-0.0608474389195236137206634907670377288014
-0.0607724417571472927401821095827472163364
-0.0606370273547027216487492751184618100524
-0.0604280685938309164439985465833160560578
-0.0601275678972213456496831440745154395700
-0.0597098235006139968494842662494193064049
-0.0591377981262631094439008450081018963829
-0.0583552106739043952021717132083722390234
-0.0572748869386631651035024503926251782104
-0.0557574070549132008722814646262122550979
-0.0535676758743698425146995134582539321855
-0.0502963793842626585850474896233208710328
-0.0452073314800146147662829321234312374145
-0.0369884973136817701844236694341816473752
-0.0237122092495129742351078760975724435411
-0.0058379128375248053733903574880059750285
-0.0037034247350762970057980183469226176385
-0.0227105973503782115896498794427316170186
-0.0374496116671488021854230510143679566681
-0.0461429071193210221801805914765282068402
-0.0511231501485759631808747371906065382063
-0.0540211940343229973793270914939057547599
-0.0557306839222295041791355174609634559602
-0.0567287002251848707090609025271987775341
-0.0572762444926391556254685610838350839913
-0.0575248534950435902457499537376861553639
-0.0575629776906375761891254683177976403385
-0.0574469590106563982034870718962338287383
-0.0572117622538477269000800617959612281993
-0.0568805826545994430709640710119856521487
-0.0564698703724938605441607819557248149067
-0.0559891678753122040701484252167574595660
-0.0554468118913098231836933393879007780924
-0.0548478429701116515504466519814741332084
-0.0541962834556374006833578960140584968030
-0.0534942574785259930547631768149585695937
-0.0527438367876077937590473254658718360588
-0.0519468515967409505407204051152803003788
-0.0511038338340782521962424311823269817978
-0.0502156510734782374205664723376685287803
-0.0492825117910326918058139256118010962382
-0.0483055087643713410017198839341290295124
-0.0472844776091778107307561640482163056731
-0.0462200066840334558571079526245739543810
-0.0451120190574450241616233370223199017346
-0.0439615658412348328520913298689265502617
-0.0427689340993324049189361346634541405365
-0.0415347800667783054184845070722076343372
-0.0402599485661937553371281239833479048684
-0.0389455534769642189307781166007771389559
-0.0375929252655910484115509007096989080310
-0.0362044202405819859347246847391943447292
-0.0347814165505611477824388089175045024604
-0.0333275666673988613109003154022502712905
-0.0318456872193017201388975934150948887691
-0.0303403453776944879993759940361996996216
-0.0288168499677120826252263441347167827189
-0.0272814281514446137222318355952666024677
-0.0257426971020871774020744027211549109779
-0.0242102915151980804808751202017447212711
-0.0226975438955708506971742366431499249302
-0.0212192311514593952292973000339770806022
-0.0197956089435949028620953527024539653212
-0.0184519558263333445513598718434877810068
-0.0172188812404428237545772617522743530571
-0.0161384450062791659497030138936679577455
-0.0152622812982287341804221725283241539728
-0.0146598169284893019292947968779117218219
-0.0144134990969410538980133296149688248988
-0.0146370974796948358914727705837321991567
-0.0154570517783422442525953499625757103786
-0.0170298310712668106436940007597513613291
-0.0194926644463783126093314734816885902546
-0.0228992934389464566913297005612548673525
-0.0271080311523577768828552336799475597218
-0.0315433006770381232919397973546438151971
-0.0350990210956432582833919298082037130371
-0.0364614978239250348002187251950090285391
-0.0349904310751130223633431626240053446963
-0.0311791212755998040084826072870782809332
-0.0260777072875662992157419495242720586248
-0.0207593994848031815347866313459235243499
-0.0158791233838666834277120187834952957928
-0.0117083624480664519329486950027785496786
-0.0083274611948420899226741553889041824732
-0.0057079250819119468213225232489094196353
-0.0038038026249518994831300133796503359918
-0.0025561192895185748386044366498026647605
-0.0019226987568498211250700435925864439923
-0.0019608670612232927468743248766713804798
-0.0024102437877663840902486835915397023200
-0.0035439246608975306582212105865892226575
-0.0053125685318232366421975498838037310634
-0.0077893113554915304613812665479599672835
-0.0110692525337752513403533072278150939383
-0.0152667640918347849443570396488212281838
-0.0205074856521649702412180005239861202426
-0.0268649454747184948666394177507754648104
-0.0342784381076825170331368042297981446609
-0.0423962005069239700194572151303873397410
-0.0503686800087709343753950008704123320058
-0.0570800007711369586371752404829749139026
-0.0616367567148775052920939288014778867364
-0.0636600781211724559005560308833082672209
-0.0633738752613616784792327507602749392390
-0.0612994211986273088155208199623302789405
-0.0581079250406973182863090698901942232624
-0.0544691782561229145831482867379236267880
-0.0508743339263590318988228489160974277183
-0.0476007531820421617152483406698593171313
-0.0447840906769850707891400531934777973220
-0.0424412191037749769728648630007228348404
-0.0405484216249558243605477514392987359315
-0.0390590000956286612088241838591784471646
-0.0379166457545039650711693468565499642864
-0.0370712972639062263158216126157640246674
-0.0364732325704545598532568817518040305004
-0.0360797507659690250281236956197972176597
-0.0358571344288973609115700469374132808298
-0.0357734526401622746072384018134471261874
-0.0358038522614307561098279109046416124329
-0.0359271284744079114070736125086114043370
-0.0361255080843744802443495700572384521365
-0.0363844254453684415318015510365512454882
-0.0366912514709285958458551135663583409041
-0.0370357536470306281106701362659805454314
-0.0374085460038004954941293078718445030972
-0.0378025781370948527060349420025886502117
-0.0382124936101886011896588968284049769863
-0.0386314755685517943750717506645742105320
-0.0390559126855082247575801090988534269854
-0.0394822416670939924099315021521761082113
-0.0399055774258283563193927534484828356653
-0.0403242319367166160426485532752849394456
-0.0407354823371727930991781363445625174791
-0.0411375079651926933710370803964906372130
-0.0415268055752576331629555284052912611514
-0.0419028643685457405365646366135479183868
-0.0422631294894823539287642688577761873603
-0.0426063854908600436743881800794042646885
-0.0429303573334583465914704447641270235181
-0.0432330452998058167857209355133818462491
-0.0435128475551786811359455953152064466849
-0.0437668878674522879301811428831570083275
-0.0439929717250413798712571633586776442826
-0.0441861865820460247844536638694989960641
-0.0443438781796547040747746848410315578803
-0.0444590466841447012891208601104153785855
-0.0445249748186951066486471972893923521042
-0.0445314373406824129397740819058526540175
-0.0444641781183411632927260370706790126860
-0.0443044470736770890084699203725904226303
-0.0440232594472983948530320219560962868854
-0.0435790415766933864061272174694749992341
-0.0429075777895756085844602978340844856575
-0.0419107243224324105268507878463424276561
-0.0404242934578848620019719817264558514580
-0.0381806041871179668856228772710892371833
-0.0347293796741224569668560206991969607770
-0.0293489942558171970632407976609101751819
-0.0210627275905486410767508687058580107987
-0.0095896421223691415136602955726630170830
-0.0003136596726201434882572161022551426868
-0.0060124839016748917591703715856965573039
-0.0166424555196748868990397340894560329616
-0.0250365291016832851311857410792072187178
-0.0308483574112841316128275082064646994695
-0.0348141896539544137834099046813207678497
-0.0375645206680327442549938155025301966816
-0.0395198283471860992155377800827409373596
-0.0409398827201630441385837855250429129228
-0.0419901611904460181357023884629597887397
-0.0427772765533591045605810165852744830772
-0.0433703935258273470809697869299270678312
-0.0438166417713481970430677847616607323289
-0.0441500221179362481449537369826430222020
-0.0443933962003358467685032451299775857478
-0.0445633556337005770631165546546981204301
-0.0446734301567467892435381315863196505234
-0.0447323592100095437928963804097293177620
-0.0447469830521582956350812310120090842247
-0.0447232075398239434238512046704272506759
-0.0446642350530795650964677179217687807977
-0.0445741544369442424522453904955909820274
-0.0444545255967856156598116967870737425983
-0.0443070687640382127048255256340780761093
-0.0441331595658948361293738571475842036307
-0.0439330851546772746529789799296850105748
-0.0437071064526946551076491687126690521836
-0.0434547364872947400327163336442026775330
-0.0431754500692905218706130199279868975282
-0.0428680067903009290319893409559881547466
-0.0425305541628148014998700432443001773208
-0.0421607462349681064162076893353514606133
-0.0417557130660706488090028187798452563584
-0.0413117086743230721435082841708208434284
-0.0408236112206700682558668802357715321705
-0.0402857422344695750848764248530642362311
-0.0396902570011935726390639445071428781375
-0.0390276697436765795945490253870957531035
-0.0382865746505677700950442954308527987450
-0.0374514886962086512856018316597328521311
-0.0365038780277071109314768193598865764216
-0.0354201336503999833493772086967510404065
-0.0341706973131309307833980426494235871360
-0.0327181705529353411554538411110115703195
-0.0310166430974263378217425923821792821400
-0.0290103178320676134693822945109786815010
-0.0266339997830492385133549504416805575602
-0.0238170171102474181878960735048167407513
-0.0204952539742863232286040897633938584477
-0.0166382814361943701109147752958961063996
-0.0123056482482946909912113753193807497155
-0.0077410207818744700483670762025667499984
-0.0035096702065418729048207335807774143177
-0.0006514862651568353478157002989235024870
-0.0004064132712058277064302858061495271613
-0.0023806646753822069753625534360708115855
-0.0051988115026549257258192682229491765611
-0.0080647744640499671037181528276960307267
-0.0106253653221983559995500456807349110022
-0.0127558532871281590792555959978926694021
-0.0144412581295870028064154411140407319181
-0.0157116827799405577026359281944678514265
-0.0166106727724893155073715433900360949337
-0.0171826315311571081734243193750444334000
-0.0174660438273617213411625925800763070583
-0.0174920574436072603918823631374834803864
-0.0172853324570776192836696338872570777312
-0.0168644986447417898067779873372273868881
-0.0162432446086692265641016064137147623114
-0.0154316808151005752797191306058266491164
-0.0144392207847519344482423164777173951734
-0.0132742831591766870247273146787847508676
-0.0119487083480012950403859051107247069012
-0.0104798178517415026267389777103744563647
-0.0088953254820205995834214718342991545796
-0.0072358401790521484353568837377679301426
-0.0055625869469565093067275896032697346527
-0.0039590048980940404504957896847372467164
-0.0025350605900245470197829078529139223974
-0.0014244902890246358660719661060056751012
-0.0007605771913997427541992424337990996719
-0.0006029640343820808368741070992768982251
-0.0008788143546438953110366831822375388583
-0.0014378832128167063578866313733328752278
-0.0021309350321919206042164951497852598550
-0.0028373388614779584265823686450858076569
-0.0034638879795039277491308649103984862450
-0.0039375351419611301709289286065995838726
-0.0042033470015795694474380894689602428116
-0.0042203664215092499475967535715881240321
-0.0039636735386451467377799673386107315309
-0.0034294734998483655460943531068096490344
-0.0026514020394968261344625926057005926850
-0.0017269406614637871147377445879556034924
-0.0008569970959511108475961660424502497335
-0.0003717574709169047127675644670574683914
-0.0006094460622713703847053157147684032680
-0.0016055007084506867261197715635034910520
-0.0031240379838473118605246536816366642597
-0.0049030363593216084311388058836200798396
-0.0067433426955060670610064832430907699745
-0.0085211551067693961508675570826198963914
-0.0101741268510412482400928624315383785870
-0.0116794054758629969187344599390598887112
-0.0130364189412480527274773578483291203156
-0.0142551576999167713133420676285822992213
-0.0153497228530252924350030241384956752881
-0.0163348319866855710980058091763567063026
-0.0172242857556363024307266584855824476108
-0.0180305053652374536188318643326056189835
-0.0187643819632140954056787052195431897417
-0.0194349505235542202585818927218497265130
-0.0200500680284254433061175149077826063149
-0.0206163746547548230869661978204021579586
-0.0211393160274877811577454167490941472352
-0.0216235984117129353965225391220883466303
-0.0220729460456141647617389622837436036207
-0.0224905135734535556457647231809460208751
-0.0228787612685813629420650272550119552761
-0.0232398119700106958740448703792935702950
-0.0235749818554164790318505851018926477991
-0.0238852671664452863298233609157250612043
-0.0241711590362458511593857224397652316839
-0.0244326313849349829876445028276066295803
-0.0246690921566957918620310863389022415504
-0.0248793443274217401794956572302908170968
-0.0250616609589062420970773104045292711817
-0.0252132779742474250062045371123531367630
-0.0253306759200655831620885294341860571876
-0.0254091104283803749519510262189214699902
-0.0254423826095719306239484325260491459630
-0.0254224875794763598146897010110478731804
-0.0253392436169739138085432728075829800218
-0.0251792528098771298261659978834359208122
-0.0249251430704168705498879887727525783703
-0.0245543292764187626175953482743352651596
-0.0240366469279554052784764195394018315710
-0.0233306321064952956745308654262771597132
-0.0223775293233027042227867298151977593079
-0.0210887746772191186916955984997912310064
-0.0193202454914053987911071175176402903162
-0.0168054437517673252444616593948012450710
-0.0129576359679680515324395884135810774751
-0.0062409986982317876974546422275125223678
-0.0006263667651235627596706390107783590793
-0.0098278072049537163606958145578573748935
-0.0158263410791714236036664686935182544403
-0.0196853091219861345284591891413583653048
-0.0225000391168128817398486063439122517593
-0.0247031773392179659909473343759600538760
-0.0265057198346368670660577748776631779037
-0.0280277724097544658765635006147931562737
-0.0293449816517216237332643657964581507258
-0.0305082922461609486186606687851963215508
-0.0315539525018186176041901092048647115007
-0.0325085602582719027098256958652200410143
-0.0333921466161092792002129669981513870880
-0.0342200657744754568878597922321205260232
-0.0350042339891645654104124218974902760237
-0.0357539057130690021701902026052266592160
-0.0364764549959003953061298375359911005944
-0.0371775087320609098906487588465097360313
-0.0378614566674700531168085149147373158485
-0.0385315558508107017243737857370433630422
-0.0391901431716154824425046854230458848178
-0.0398386299052048628577260558358830166981
-0.0404777490345719359599030440222122706473
-0.0411074510829524328303641311777028022334
-0.0417269447504491006184501600273506483063
-0.0423348977861942310507714637424214743078
-0.0429293731344959905715796821823460049927
-0.0435079180166323548073492588628141675144
-0.0440677323845301491256343240365822566673
-0.0446059019690551242232068318571691634133
-0.0451195385162993026217925773835304426029
-0.0456060799284895776462001037998561514542
-0.0460635650076969480060107287044957047328
-0.0464910195267068185320802342630486236885
-0.0468885378086448326162560817920166300610
-0.0472574939686107170500051211092795711011
-0.0476005789739066612065165884359885239974
-0.0479217001908832235246293862473976332694
-0.0482258775983044341018057821202091872692
-0.0485188797259353613022803131116233998910
-0.0488071372551739171563589536617655539885
-0.0490973822109440141692182635324570583180
-0.0493963709066454481622088223957689478993
-0.0497105460469313975568894647949491627514
