-0.4550437558992233011423422794905491173267
-0.4566760613332002671782561264990363270044
-0.4594813969477734016955139395577134564519
-0.4617462070649821503920406939869280904531
-0.4630765957420750478235049740760587155819
-0.4643588063204929783367447271302808076143
-0.4654349510396378342136358696734532713890
-0.4665779494324764908874669799843104556203
-0.4677339968458934515993519198673311620951
-0.4691998449431998841063773397763725370169
-0.4706065591572397566189067674713442102075
-0.4718903098648365990186448470922186970711
-0.4730171538964409450045423000119626522064
-0.4739209610552975182606871840107487514615
-0.4746725856879852600833658016199478879571
-0.4751231063656405351203204645571531727910
-0.4752391158133647541816912962531205266714
-0.4751978597392110814645604932593414559960
-0.4749531303997808762140664384787669405341
-0.4740402673529464094848151489713927730918
-0.4725697910453830474786229842720786109567
-0.4704809720167118514133619555650511756539
-0.4676740461300700757441006771841784939170
-0.4640476401429783903651582477323245257139
-0.4594949615263759223893202943145297467709
-0.4539012800491858956597468477411894127727
-0.4471404085841502729081753386708442121744
-0.4390622775169543690054752005380578339100
-0.4294372930098643292851079422689508646727
-0.4177828657239787690791388286015717312694
-0.4029604710997597427635241729149129241705
-0.3824332473804063492472948837530566379428
-0.3502578868423708580159825487498892471194
-0.2888678809712655337627040808001765981317
-0.1300761627505660211756577382402610965073
-0.1413523095067119039747183251165552064776
-0.3026983572148949641622550643660360947251
-0.3621470473904257469932588264782680198550
-0.3941231344574132045011083391727879643440
-0.4159114345924949662780534254125086590648
-0.4319074174652669517726621961628552526236
-0.4438173707216110930318109240033663809299
-0.4527426946093666693116119859041646122932
-0.4594304970080687611222458599513629451394
-0.4641515920743644052492982154944911599159
-0.4677841235021986676656524650752544403076
-0.4702763336409399586024449035903671756387
-0.4715925534494654347561493068496929481626
-0.4717673569731062332976989637245424091816
-0.4717433398959031132235963923449162393808
-0.4688890974039908732251547007763292640448
-0.4661700663280534673305055548553355038166
-0.4653348066419127904147501340048620477319
-0.4624462757810443580552828279905952513218
-0.4584276710239846286398801566974725574255
-0.4531469667361415210038444456586148589849
-0.4463136905809841903369772353471489623189
-0.4387376993046456230551655153249157592654
-0.4296459727030715325390985981357516720891
-0.4185208503557978909626058339199516922235
-0.4044925827445688959471681300783529877663
-0.3860914690466619170194917387561872601509
-0.3602765289451010377597128808702109381557
-0.3193417634581233732760097154823597520590
-0.2382896316603701769576417746065999381244
-0.0167134670492499401439623341047990834340
-0.2111783967065716249855711339478148147464
-0.2936761804656886631903489615069702267647
-0.3254088328710045829872399281157413497567
-0.3423989110259033630256908509181812405586
-0.3535551070910533666413755327084800228477
-0.3617403776596651021613126886222744360566
-0.3682315824240370849551595711091067641973
-0.3738027604092574174288188260106835514307
-0.3790114391857399289698093980405246838927
-0.3840452227661874662345553588238544762135
-0.3891195171879975323037115231272764503956
-0.3951178766125022501221053516928805038333
-0.4014239510526764753706174815306439995766
-0.4075460533858660250317029749567154794931
-0.4131975623202220893048774996714200824499
-0.4188258719260703477615948031598236411810
-0.4248614675280633634635307771532097831368
-0.4307928535879327891500167879712535068393
-0.4358013027472833478270786145003512501717
-0.4396591482296245412264568130922270938754
-0.4428196659832679404900090958108194172382
-0.4455811902280830683054091423400677740574
-0.4481904336843537950407778680528281256557
-0.4503830289437249501105497984099201858044
-0.4521996847296347876721256398013792932034
-0.4535548342721926196041692946891998872161
-0.4541501030522932524924328845372656360269
-0.4537622169001507277386053829104639589787
-0.4523608939264090467169410203496227040887
-0.4500617272600021534501024689234327524900
-0.4470476027279400299541123331437120214105
-0.4436465212152714276960807637806283310056
-0.4401617988167101369612055350444279611111
-0.4367377184032475434527498237002873793244
-0.4334338696343098540353366843191906809807
-0.4301139243546968637943450630700681358576
-0.4267415477026668124693742356612347066402
-0.4233663901358840075950240589008899405599
-0.4200951349389612232698709703981876373291
-0.4169253185128354299848751907120458781719
-0.4139314235128848107336807515821419656277
-0.4111343952372135124306851139408536255360
-0.4083752900880559533192126764333806931973
-0.4056543488297466582004346946632722392678
-0.4030308101561427269743376200494822114706
-0.4005432248396623706732100345107028260827
-0.3981951747299647959010826525627635419369
-0.3959356155630143203616455593873979523778
-0.3936773996240956474679251186898909509182
-0.3914688065392326055125238326581893488765
-0.3894039312077680614621044696832541376352
-0.3875224591494167425409500538080465048552
-0.3857929586680806655074604805122362449765
-0.3841659685278627223148362190840998664498
-0.3827037952609792514913067407178459689021
-0.3814145749822975273168879084551008418202
-0.3801757097711586652621917892247438430786
-0.3788863991962998500895309916813857853413
-0.3775436496742253233982467008900130167603
-0.3762098191800698487874399233987787738442
-0.3749453985798690824893242279358673840761
-0.3737555770909939401036581330117769539356
-0.3726171792707003715960922818339895457029
-0.3715166315843683730868463044316740706563
-0.3704859224528506689289031328371493145823
-0.3695508105925274233705124515836359933019
-0.3686533770720537006582162575796246528625
-0.3677520394021667193840130494209006428719
-0.3668606765644683020965999276086222380400
-0.3659937417361714406816020073165418580174
-0.3651541821925461395181855550617910921574
-0.3643287083501952072772667179378913715482
-0.3635248103690048582237182017706800252199
-0.3627680231702615221145435953076230362058
-0.3620641321820465274861078341928077861667
-0.3613783011505373177207900425855768844485
-0.3606616395786454432048628859774908050895
-0.3598908767554629406504318467341363430023
-0.3590687514763727938849058318737661466002
-0.3582191437951777190917823645577300339937
-0.3573729989638757542635971731215249747038
-0.3565380335273519718519708021631231531501
-0.3556878827039912649432551461359253153205
-0.3547905762666979101460640322329709306359
-0.3538348244005478648865903323894599452615
-0.3528254389846181560130844445666298270226
-0.3517731079300270846665910084993811324239
-0.3507069493595773024274819817946990951896
-0.3496428260353610650845723739621462300420
-0.3485633892689766200057022160763153806329
-0.3474614819886739369714234726416179910302
-0.3463281907538927617551394178008195012808
-0.3451695026030713875364597242878517135978
-0.3440021342943477278275565822696080431342
-0.3428344475576872163458119757706299424171
-0.3416867020861193982028680693474598228931
-0.3405506408394638473424720359616912901402
-0.3394337236403265345430213528743479400873
-0.3383405561928522486958570425485959276557
-0.3372746269677553421217908180551603436470
-0.3362418045609381067606591386720538139343
-0.3352440018445038694139270774030592292547
-0.3342733357615886302660612727777333930135
-0.3333219736365299334934775288274977356195
-0.3323922343213146501916810393595369532704
-0.3314932852489249626160017214715480804443
-0.3306286761543488772474574943771585822105
-0.3297983819211075529054255639493931084871
-0.3290063497184056995337186890537850558758
-0.3282572415235459617477431493171025067568
-0.3275597762508155041949464703066041693091
-0.3269174930866367567716679332079365849495
-0.3263186244768014887540630297735333442688
-0.3257606853496470278308549950452288612723
-0.3252472986587987002771171773929381743073
-0.3247756781287812199998654705268563702703
-0.3243609482888936690336834089976036921144
-0.3240277050672433767353197708871448412538
-0.3237821566979763310278883636783575639129
-0.3236143850420740708528910545282997190952
-0.3235258987829556787119145155884325504303
-0.3235042632514716354208417214977089315653
-0.3235581749158703002144932270311983302236
-0.3236833355775540765897346773272147402167
-0.3238692751534045788375237862055655568838
-0.3241354709263252198425675487669650465250
-0.3244962069941425553132319237192859873176
-0.3249460457461046947180705046775983646512
-0.3254648530905769887588974143000086769462
-0.3260381308813443679284205245494376868010
-0.3266645756204729078575610401458106935024
-0.3273293888209778956799311799841234460473
-0.3280191723061421371632206955837318673730
-0.3287239450153326969505940269300481304526
-0.3294209055232488747577690446632914245129
-0.3301187561147431726027434706338681280613
-0.3308498722305411310351530573825584724545
-0.3316221947395260882807122015947243198752
-0.3324296641027897902809229435661109164357
-0.3332651622821040104938106196641456335783
-0.3341119960598205040902541895775357261300
-0.3349507217156059146745405996625777333975
-0.3357742059080216501243398852238897234201
-0.3365801816891254016894663436687551438808
-0.3373759247664196991856044860469410195947
-0.3381711221134747202832215862144948914647
-0.3389684981191431467628660811897134408355
-0.3397613935967527254433662164956331253052
-0.3405326559965537458474216236936626955867
-0.3412623386210135723040082211809931322932
-0.3419492168559133404848182635760167613626
-0.3426325595502926479873906373541103675961
-0.3433536508513598262126720328524243086576
-0.3441172310313501681022785305685829371214
-0.3449027141480637270731790522404480725527
-0.3456773227326024877648080746439518406987
-0.3464048985586933859792679868405684828758
-0.3470628058348348421446871725493110716343
-0.3476619296938707748267916031181812286377
-0.3482242980049869429670650333719095215201
-0.3487387905700879420223259330668952316046
-0.3491745553764393772411267491406761109829
-0.3495098102834560682694586830621119588614
-0.3497385545450846233705988197471015155315
-0.3498675798370514122836993919918313622475
-0.3498893251294144524088380876492010429502
-0.3497895630625876828290188313985709100962
-0.3495490606221590690338985041307751089334
-0.3491453970961063135725055417424300685525
-0.3485782153448414022456347538536647334695
-0.3478770363336306514767670705623459070921
-0.3470509320033310918240943010459886863828
-0.3460600557635499785469335165544180199504
-0.3448835943458641306591516695334576070309
-0.3435441227306532119278870140988146886230
-0.3420669678659385981589480252296198159456
-0.3404771155304483487569200406142044812441
-0.3387730127090206044826459219621028751135
-0.3369528671060452174046417894714977592230
-0.3350135254679283969281300414877478033304
-0.3329739722743401686422259899700293317437
-0.3308869063502649643382369504251983016729
-0.3287633236022587390756655167933786287904
-0.3265494231123098889391087595868157222867
-0.3242178542708060717814078088849782943726
-0.3218406327629132479550833068060455843806
-0.3194423527828198494660227879649028182030
-0.3169891807918946979860663759609451517463
-0.3144553791560186772890972406457876786590
-0.3118090013135935700816503413079772144556
-0.3090723293631527646141421428183093667030
-0.3062290387578190942186040501837851479650
-0.3033047538720102243026133237435715273023
-0.3003183592193803819192510218272218480706
-0.2971734783315994055108433258283184841275
-0.2938368927051836498876014047709759324789
-0.2904180554503660860454772318917093798518
-0.2869325812617921633851381102431332692504
-0.2833712989683467853296860994305461645126
-0.2797424534501851689505258491408312693238
-0.2760928194076889274910513449867721647024
-0.2722909624075999790449031934258528053761
-0.2682534399460899110501088671298930421472
-0.2641180657634790152066273094533244147897
-0.2599158101319934965900415591022465378046
-0.2556355363189035667659254613681696355343
-0.2512381343116252274683120049303397536278
-0.2467676292044853614271460173767991364002
-0.2422394255700034970679723755893064662814
-0.2376613886391796548469557137650554068387
-0.2330272226742038932378875415452057495713
-0.2283010050129483381464723379394854418933
-0.2235378783187534357246306626620935276151
-0.2187517071450269801058396978987730108202
-0.2139526227423599880061999556346563622355
-0.2091539856614411940771702802521758712828
-0.2043711085826917517316303474217420443892
-0.1996208857916452472647250715453992597759
-0.1949217879142462472863428502023452892900
-0.1902938517340393709265100596894626505673
-0.1857585368414238491396872632321901619434
-0.1813384587238290601707291216371231712401
-0.1770570334749091701009859889381914399564
-0.1729379822852820935974449412242393009365
-0.1690045597701364255005529457775992341340
-0.1652784109483351471237000396286020986736
-0.1617781114884035142953422337086522020400
-0.1585176077946660877504569953089230693877
-0.1555049367066086984934258907742332667112
-0.1527418254811903353118651693876017816365
-0.1502248664194344718314511055723414756358
-0.1479483295775479434475130346982041373849
-0.1459072099746784867413396113988710567355
-0.1440983413671796942168157329433597624302
-0.1425184761023086943421134265008731745183
-0.1411593763213494223673905025862040929496
-0.1400008204106349407602749579382361844182
-0.1390049650142174131328687280984013341367
-0.1381157145048292345101970113319111987948
-0.1372587447405030358638100551615934818983
-0.1363289633183150106887637775798793882132
-0.1351460864238185344277098920429125428200
-0.1333297305607062388510541950381593778729
-0.1299310736987170922240864001651061698794
-0.1221331628430304544474793715380656067282
-0.0991157459084810593674674805697577539831
-0.0056780473363466331393478725431123166345
-0.0904547186546454662359195708631887100637
-0.1193488698520739910158283691998803988099
-0.1293132637464869394428035320743219926953
-0.1339978517503029875612696741882245987654
-0.1367740333006313702135514631663681939244
-0.1387542668559255676363761722313938662410
-0.1403787118630152874754202230178634636104
-0.1418478960313168668605499078694265335798
-0.1432659817167350191358110578221385367215
-0.1446911004812671541763791083212709054351
-0.1461550199107055914016228825857979245484
-0.1476733957443747968785174862205167300999
-0.1492523820881408169736204172295401804149
-0.1508929904859247494997021021845284849405
-0.1525937968386978649260043994217994622886
-0.1543524643202225099525293217084254138172
-0.1561664696549065201036654570998507551849
-0.1580333502879594786971750863813213072717
-0.1599508360549599661482034207438118755817
-0.1619180733222491397338416163620422594249
-0.1639404547200899731063117314988630823791
-0.1659352713155118064225490570606780238450
-0.1679846809615924141390053137001814320683
-0.1701256534557100408289187498667160980403
-0.1721964253184721793665801214956445619464
-0.1741967621449889147555722956894896924496
-0.1761899291506207054780475118604954332113
-0.1780852888888323215521580777931376360357
-0.1798490520082033639059915230973274447024
-0.1815281117506341579392881158128147944808
-0.1831056514914521093917443295140401460230
-0.1845907059824523355207048780357581563294
-0.1859952717383766551684232126717688515782
-0.1873302898362997070957902678856044076383
-0.1886053495852714756431112164136720821261
-0.1898218950926740256068825374313746578991
-0.1908479971982465772661896608042297884822
-0.1919359678915978084656757118864334188402
-0.1930899772816596360325291925619239918888
-0.1939857385414418267099989634516532532871
-0.1947371012271596479870083840069128200412
-0.1952879658093157611009615948205464519560
-0.1955476917327381158884236356243491172791
-0.1953907130775149048051986255813972093165
-0.1946364245253627278664509958616690710187
-0.1930183101731759998109794196352595463395
-0.1901295376489047506129992370915715582669
-0.1853221996852967845548221248463960364461
-0.1775109570458047181240601730678463354707
-0.1647416818987756936820687769795767962933
-0.1430620756897627021686503212549723684788
-0.1034446819626249347567892300503444857895
-0.0296890555984042625592422837144113145769
-0.0462036246107835127383545170687284553424
-0.1191368944298800275349847765937738586217
-0.1627873532128334133073366274402360431850
-0.1919872714881777631124037952758953906596
-0.2139876512463377566941602481165318749845
-0.2321020684434716985222735274874139577150
-0.2480027725183940878750377123651560395956
-0.2625403540948198499727084254118381068110
-0.2760592612628655628803642230195691809058
-0.2885249823829535986696726013178704306483
-0.2996228415131632627499413956684293225408
-0.3088823297534211698156525471858913078904
-0.3159503598221485853869694437889847904444
-0.3210220873692277709920972483814693987370
-0.3245164427266408191385949066898319870234
-0.3264722537639360711025915406935382634401
-0.3264436397396203726195551553246332332492
-0.3239225963976069544436597880121553316712
-0.3186982510625195330611347799276700243354
-0.3104915135356079991524325123464222997427
-0.2985487244661817474167264663265086710453
-0.2817054756476971566492295551142888143659
-0.2583200817109065350329899501957697793841
-0.2257028853561509063041512490599416196346
-0.1796206900355674929148364071807009167969
-0.1119028717188352978206822285756061319262
-0.0152286265831305441670329159364882798400
-0.0793399843422937511849823977172491140664
-0.1695011279949971694236410257872194051743
-0.2352812701072101719823592702596215531230
-0.2866419522536487463071352976839989423752
-0.3278807486908209001263969639694551005960
-0.3612557079236370372044007126532960683107
-0.3884110138899506958765073250106070190668
-0.4099991291757631994840949118952266871929
-0.4287052309680033923555697583651635795832
-0.4435582746200950610138136198656866326928
-0.4555927689400334212876941819558851420879
-0.4653054464946814183790024799236562103033
-0.4730285253225289254785934645042289048433
-0.4788705769995860173082746769068762660027
-0.4818561940989234404497665309463627636433
-0.4801019867823264619666190355928847566247
-0.4751750800640763272575384235096862539649
-0.4686449918854032614667914913297863677144
-0.4610429858665767155478931726975133642554
-0.4527891171439491491135242995369480922818
-0.4440858442560664531839620394748635590076
-0.4353002583355289889510686407447792589664
-0.4265525119389338426501012691005598753691
-0.4177064698217561322657331857044482603669
-0.4084552370468996218555446375830797478557
-0.3985627829962654078421735448500839993358
-0.3879677554812961393082559879985637962818
-0.3765466108673267142670226803602417930961
-0.3646291094563662293914774181757820770144
-0.3527676714953436043487045026267878711224
-0.3413219006511303832418491310818353667855
-0.3304322853169333051859268834959948435426
-0.3201253084452486130651038820360554382205
-0.3103717474311816215681858466268749907613
-0.3010941159012527901239764105412177741528
-0.2921450389969739158679828960885060951114
-0.2833074883069052751771721432305639609694
-0.2744111269539544206708114870707504451275
-0.2654857507041679665071853833069326356053
-0.2566954191786414152254280907072825357318
-0.2481749814383739094481029496819246560335
-0.2399865805974755184060143164970213547349
-0.2321468920435133809210270783296437002718
-0.2246530070397850242791548680543201044202
-0.2174949348502455415133027827323530800641
-0.2106600926020668618221520773658994585276
-0.2041343062387691864589811530095175839961
-0.1979015247476882677357679085616837255657
-0.1919432166775177639461702483458793722093
-0.1862379188628842663355555941961938515306
-0.1807611778773606237002979924000101163983
-0.1754858677199281902225891371926991268992
-0.1703824546913759174771030302508734166622
-0.1654182592474978674701446834660600870848
-0.1605541997423219346963207954104291275144
-0.1557367389741881880116380898471106775105
-0.1508814374903732213883955637356848455966
-0.1458415642067912021406783651400473900139
-0.1403444539176352257037194704025750979781
-0.1338374280580125197381846646749181672931
-0.1250370924484126011755336094211088493466
-0.1103238643204431518318742178053071256727
-0.0756739274445895337972700644968426786363
-0.0152156314214141712148897767065136577003
-0.0880007901816466514555159506016934756190
-0.1060102696327560739542050782802107278258
-0.1113753138343543530597301582929503638297
-0.1125274782237941223472788010440126527101
-0.1119700094450283844871307792345760390162
-0.1106465212452320684421991359158710110933
-0.1089729150114125549864141362377267796546
-0.1071522042534508029065776213428762275726
-0.1052886160700588769056906812693341635168
-0.1034371929427273101298467850028828252107
-0.1016286602794255616855068069526168983430
-0.0998822062626861795209265437733847647905
-0.0982115886340766824913472987645945977420
-0.0966277258129944055520255119517969433218
-0.0951396180313777012349518713563156779855
-0.0937545096117877313490751589597493875772
-0.0924777182795693403205561367030895780772
-0.0913124026182020043229670136497588828206
-0.0902594649630687750896385068699601106346
-0.0893176725960663220327262479258934035897
-0.0884839615059416356723787089322286192328
-0.0877538265094742614413902970227354671806
-0.0871217076278913010733973010246700141579
-0.0865813240411473644675410810123139526695
-0.0861259511645215691810761882152291946113
-0.0857486659981768484239950112169026397169
-0.0854425959408590257604387829815095756203
-0.0852011977531572511912472123185580130666
-0.0850185704271115422203664024891622830182
-0.0848897757285648896230512150395952630788
-0.0848111140915443900700765311739814933389
-0.0847802937601249834154160112120734993368
-0.0847964455529254257371007952315267175436
-0.0848599715028413442707844183132692705840
-0.0849722586209709779270227159031492192298
-0.0851353218799317107423618722350511234254
-0.0853514573110764757091217802553728688508
-0.0856230190409289770858691781540983356535
-0.0859527430231275257899170583186787553132
-0.0863479592216121472070256004371913149953
-0.0868162404326067727033944265713216736913
-0.0872782113084874938691015699987474363297
-0.0878281318627485985128799939047894440591
