-0.4693788149025521772017555122147314250469
-0.4789593467649154723275728429143782705069
-0.4893397089747298922546292487822938710451
-0.4996316002469042283351541300362441688776
-0.5093652688318376364762229968619067221880
-0.5189842538317747111520361613656859844923
-0.5284985074054259213127693328715395182371
-0.5378687663760883808095059066545218229294
-0.5471008962014233256709871966450009495020
-0.5562216948182576725656645066919736564159
-0.5652531562727695080283751849492546170950
-0.5742011279588046246402655015117488801479
-0.5830540307593624627102713020576629787683
-0.5917859625162102954476495142444036900997
-0.6003632743628792844958752539241686463356
-0.6087587885341892990354040193778928369284
-0.6166579172562753896613685355987399816513
-0.6242406268875447805655198862950783222914
-0.6316841071364048820768744008091744035482
-0.6386233513874511880104023475723806768656
-0.6446975951655414815988365262455772608519
-0.6500477892708989013925702238338999450207
-0.6545204611791681781340912493760697543621
-0.6579554556259986641819637043226975947618
-0.6601592439683554580653890297980979084969
-0.6608717483623663957459370976721402257681
-0.6597242418589773782500174093001987785101
-0.6561651017855584244742317423515487462282
-0.6493512488343848865213203680468723177910
-0.6379825530424071411417230592633131891489
-0.6198330518745355233178884191147517412901
-0.5903616972671628104762930888682603836060
-0.5387016319768980210369591077324002981186
-0.4341494117490566351236225273169111460447
-0.1722052227633782128801698263487196527421
-0.1953602368542535494544409857553546316922
-0.4711169881888179755691226091585122048855
-0.5791655287247791106253202997322659939528
-0.6364429349375473332628416756051592528820
-0.6718431007596019632899242424173280596733
-0.6939148490437203609104699353338219225407
-0.7069148482994931370626545685809105634689
-0.7135402262440674325816303280589636415243
-0.7155959381288510279262027324875816702843
-0.7143232931538867624965405411785468459129
-0.7105989562621476407500153982255142182112
-0.7050932803355409728141012237756513059139
-0.6978474835105121787393045451608486473560
-0.6898410259067268013311036156665068119764
-0.6816469096405998184806662720802705734968
-0.6724300721865098529050897013803478330374
-0.6614629247700688496891530121502000838518
-0.6513864680873335810673552259686402976513
-0.6445035324605838944478364282986149191856
-0.6361511701660323980789257802825886756182
-0.6257990814815266311654795572394505143166
-0.6156462308327212973324549238895997405052
-0.6047880044872878668726912110287230461836
-0.5936659672612841776029313223261851817369
-0.5814176482835461401421639493491966277361
-0.5668766643498375223941820877371355891228
-0.5478399840552559130202325832215137779713
-0.5192013016531890068350207911862526088953
-0.4668430000201854723762551202526083216071
-0.3425363923697196111284313246869714930654
-0.0166025489714619854664245934827704331838
-0.2911789778788451688029681463376618921757
-0.4163038617117612583129471204301808029413
-0.4579003161778246178137408151087583974004
-0.4748274751646567315432889699877705425024
-0.4825875777296572133323593334353063255548
-0.4863648451110122450380401915026595816016
-0.4882317819487511090237319422158179804683
-0.4891645793178329149064609282504534348845
-0.4897060189638813842982756341370986774564
-0.4901521139749764888193794831749983131886
-0.4902746142291464215290375250333454459906
-0.4911789386985852545741693120362469926476
-0.4923658754135727955159040902799461036921
-0.4933526516364570291273139446275308728218
-0.4948247074713090221109723643166944384575
-0.4966384621473657334789209016889799386263
-0.4984723514354189588537735744466772302985
-0.5004592152626347045796251222782302647829
-0.5022279825545222786686849758552853018045
-0.5032103264198369840798363838985096663237
-0.5037873453623860076078244674135930836201
-0.5038090767723499840968770513427443802357
-0.5035622355414587358879430212255101650953
-0.5032455444922733223123145762656349688768
-0.5028072378289063504297473627957515418530
-0.5023041382360491358127774219610728323460
-0.5010244052794289304486596847709733992815
-0.4990699405766237384263206422474468126893
-0.4962212820776488175766871790983714163303
-0.4927314899660293345817763110972009599209
-0.4887393428580575349684522734605707228184
-0.4846653298570357537577990569843677803874
-0.4805633291611951518618184309161733835936
-0.4764597496138835985846071707783266901970
-0.4724638851931954319773865336173912510276
-0.4683834204876678453111082944815279915929
-0.4639549204413688232584433990268735215068
-0.4593505944379289718249026464036433026195
-0.4548135687917823632986369375430513173342
-0.4502777905910324562910318491049110889435
-0.4458296300452334048891600559727521613240
-0.4415818655739965348239195463975192978978
-0.4372191666435892853925793133385013788939
-0.4326132467835038242220946358429500833154
-0.4279334807641177462755877058953046798706
-0.4231959263264344350830015173414722084999
-0.4184824419029957720539414367522113025188
-0.4138555019373127419335389731713803485036
-0.4093114967213522525923963257810100913048
-0.4048166400972262324309269843070069327950
-0.4003390631879394367942381904867943376303
-0.3959104704023344578622811695822747424245
-0.3915823884472452443006318389961961656809
-0.3873465801215635884169330438453471288085
-0.3831551044241127135236979484034236520529
-0.3789708968287948676056942076684208586812
-0.3748057915498631542661200910515617579222
-0.3706976139308635342928255340666510164738
-0.3666141002716520325144244907278334721923
-0.3625378346983755273313931866141501814127
-0.3585064187416514003281520217569777742028
-0.3545521476125956250591286789131117984653
-0.3506836047178416571057368855690583586693
-0.3468910577582707266408590385253774002194
-0.3431674889851972221066489510121755301952
-0.3395189152409550659150738738389918580651
-0.3359368843692921435817311248683836311102
-0.3324038531017087794161568581330357119441
-0.3289023742022512686311586094234371557832
-0.3254171239842032492539658505847910419106
-0.3219650769638783271986426370858680456877
-0.3185678538281652705244084700098028406501
-0.3152548287204941512840150608099065721035
-0.3120663651293724139001994899444980546832
-0.3090252764477925406794156515388749539852
-0.3061303372308683545810481518856249749660
-0.3033674418586689847110449136380339041352
-0.3007298329859648400308458349172724410892
-0.2982212607005979565499842465214896947145
-0.2958504946252372147519338341226102784276
-0.2936179282477791030459002286079339683056
-0.2915230624097675526940065537928603589535
-0.2895487951210927168865794101293431594968
-0.2876771156267121098970562798058381304145
-0.2859051500839859816238686107681132853031
-0.2842334708309188218144925031083403155208
-0.2826624361133908691634530896408250555396
-0.2811985451421135095984027429949492216110
-0.2798378092998559107940081958076916635036
-0.2785641040875953544642129600106272846460
-0.2773619558634777826355843899364117532969
-0.2762421447495393977966671172907808795571
-0.2752070061426524216763311869726749137044
-0.2742494198711637465315504869067808613181
-0.2733701681091944557522310788044705986977
-0.2725464487572146210503376551059773191810
-0.2717758903889537225317951651959447190166
-0.2710566740468878244030292989918962121010
-0.2703833302998167043007526899600634351373
-0.2697500236639411297367985298478743061423
-0.2691511615354628128571334855223540216684
-0.2685816065687264275751999775820877403021
-0.2680368503991885087422986089222831651568
-0.2675131537603271936198723324196180328727
-0.2670075977829307611877140971046173945069
-0.2665179021059003172666734826634638011456
-0.2660417697143226400946502963051898404956
-0.2655767386497023818670015771203907206655
-0.2651252180727967089346464035770623013377
-0.2646965686267054862490510913630714640021
-0.2642953251311025986147740240994608029723
-0.2639250320414738837371260160580277442932
-0.2635944097133147701050859268434578552842
-0.2633124637437626591740524872875539585948
-0.2630809341433443804270098098641028627753
-0.2628952410391234284503525486798025667667
-0.2627541716417604589217660304711898788810
-0.2626691779210443278280706635996466502547
-0.2626627711102590412295398891728837043047
-0.2627258658733725993350560656836023554206
-0.2628668278472623964781007543933810666203
-0.2630679938104305004564764658425701782107
-0.2633334158986046502626265919388970360160
-0.2636681833770636584901581045414786785841
-0.2640710719094390146466366786626167595387
-0.2645388063343268036931021924829110503197
-0.2650666186278101688067465602216543629766
-0.2656481950195346830589926412358181551099
-0.2662752184672422250955037270614411681890
-0.2669361694252229133539344729797448962927
-0.2676157699475675277867026125022675842047
-0.2683058021677408588878677164757391437888
-0.2690169189803217064671514435758581385016
-0.2697522520567826598281158112513367086649
-0.2705060320761404346612266635929699987173
-0.2712734351795998422041122921655187383294
-0.2720441539676153874793840259371791034937
-0.2728110718424182623564888672262895852327
-0.2735688673504110823841983801685273647308
-0.2743106515554355473440750756708439439535
-0.2750370755155441826467210830742260441184
-0.2757452723434707930749709703377448022366
-0.2764324625407312274738558244280284270644
-0.2770977790467623602665980797610245645046
-0.2777376445882759892214153296663425862789
-0.2783400057299199037430526004754938185215
-0.2789259908767519058336858961411053314805
-0.2794970542848964623061647216673009097576
-0.2800501391855460542323896788730053231120
-0.2805598778717710017893693930091103538871
-0.2810254582762933273087924135325010865927
-0.2814515759512770110006840695859864354134
-0.2818631549144324788258586522715631872416
-0.2822760465572985433269082022889051586390
-0.2826679913750421713203309082018677145243
-0.2830157131629486566559705806866986677051
-0.2833008615375093852684074136050185188651
-0.2835198418571531209231295633799163624644
-0.2836849533035529224989090835151728242636
-0.2838085555643397595027010993362637236714
-0.2838797825724085899246063036116538569331
-0.2838661957720738926447268113406607881188
-0.2837577714593819688815301560680381953716
-0.2835683111419119994955906349787255749106
-0.2833114069532182699440170381421921774745
-0.2829924625927665582381109743437264114618
-0.2826108590931327158024544132786104455590
-0.2821698215874916537693195550673408433795
-0.2816667158789402658491951569885713979602
-0.2811012074965057450093297575222095474601
-0.2804772591526270564266098972439067438245
-0.2797844605467998402303919647238217294216
-0.2790198591137213468549305162014206871390
-0.2781833183885891180864291527541354298592
-0.2772103919239943259356095950352028012276
-0.2760851126520942333542052438133396208286
-0.2749308985460955923052495109004667028785
-0.2737947681616005324300999745901208370924
-0.2726562916273042591619457652996061369777
-0.2714635235824675585369902819365961477160
-0.2702188868240430474898516877146903425455
-0.2690029453004846859975884854065952822566
-0.2677754106511019971392784100316930562258
-0.2663894492125348234523585233546327799559
-0.2647498283068568936116093937016557902098
-0.2628387284288409841970235447661252692342
-0.2608411101542459920032968057057587429881
-0.2588263718393431500608414808084489777684
-0.2567552566450759798932779176539042964578
-0.2546503061220462549307796962239081040025
-0.2525459746128723703684215706743998453021
-0.2504193144333960452385667849739547818899
-0.2481722192130901005757692701081396080554
-0.2457211248610632059463654286446399055421
-0.2430982835091367588731259274936746805906
-0.2404307392530387887941145663717179559171
-0.2376929923122688137482327874749898910522
-0.2348955397008054557517198190907947719097
-0.2320017280516842583804049127138569019735
-0.2288866415774299667429403370988438837230
-0.2256863145974241924296421757389907725155
-0.2223826621839581907380534175899811089039
-0.2189306898484468522081414221247541718185
-0.2152757198174280739433328335508122108877
-0.2114279557740127435394583699235226958990
-0.2074275829784005820144443532626610249281
-0.2032556085553822167177884239208651706576
-0.1989008793787027384869503521258593536913
-0.1943585391343267965158503329803352244198
-0.1896271523905677380827938804941368289292
-0.1847084753197194006979486857744632288814
-0.1796077928742014495622214553804951719940
-0.1743343913285794744005841039324877783656
-0.1689020751144089116380087034485768526793
-0.1633296989078286409746709750834270380437
-0.1576416892432097038856397830386413261294
-0.1518685128691514563126219172772835008800
-0.1460470214164708291360028624694678001106
-0.1402205698150479629138231985052698291838
-0.1344387774043040162386120073279016651213
-0.1287567887767923913155954096509958617389
-0.1232339143405958153953960731996630784124
-0.1179316049116569675714316645098733715713
-0.1129108329221927969898686683336563874036
-0.1082290508492910058313540844210365321487
-0.1039368600028340583474317782020079903305
-0.1000743233910332125047304430154326837510
-0.0966668111708136323922957444665371440351
-0.0937209764443872606065610852965619415045
-0.0912228685693817487045720326932496391237
-0.0891405111799228738744815814243338536471
-0.0874304526426431527497129536641295999289
-0.0860439612976823114953717208663874771446
-0.0849296066608751787363473795267054811120
-0.0840343690748828475722831399252754636109
-0.0833063502479774314890548225776001345366
-0.0826980216773761239723583571503695566207
-0.0821675335553125191223600154444284271449
-0.0816766555579236663842124244183651171625
-0.0811839547191837707096340182033600285649
-0.0806309868753828928866767000727122649550
-0.0799147056231720998020762181113241240382
-0.0788213064553090203556706683230004273355
-0.0768254495796878850155664508747577201575
-0.0723177639604720978727669944419176317751
-0.0585272788915298380896246044358122162521
-0.0027546112176665095080951850547990034102
-0.0528582424683001414478233925819949945435
-0.0702746906811314575591609354887623339891
-0.0759000322866183602110723427358607295901
-0.0784676062143185581998494626532192341983
-0.0799535301687707145035233224916737526655
-0.0809835931977663792125099462282378226519
-0.0818083035709068484564454593055415898561
-0.0825461376244632921705957073754689190537
-0.0832597533812710344225394010209129191935
-0.0839851209132864151563069299299968406558
-0.0847443463929924978295105120196240022779
-0.0855512744493032439851987192014348693192
-0.0864137972370095375218568278796738013625
-0.0873349945297753338380175591737497597933
-0.0883140634706397753550533025190816260874
-0.0893472921453952600989723009661247488111
-0.0904290330176169693254806247750821057707
-0.0915525756817554825506277893509832210839
-0.0927108536131626831400254218351619783789
-0.0938969670256757094062294299874338321388
-0.0951045355213294141272228898742469027638
-0.0963279088316537496217151215205376502126
-0.0975622668717944230287741902429843321443
-0.0988036369063902825127243545466626528651
-0.1000488500602531027894315229787025600672
-0.1012954530294333105322479582355299498886
-0.1025415850977822174172615632414817810059
-0.1037858252432350830707363797955622430891
-0.1050270094813363780383852486011164728552
-0.1062640145613752001851892714512359816581
-0.1074954987258109201375688712687406223267
-0.1087195853577375831422457963526539970189
-0.1099334675254851068082473375397967174649
-0.1111329004412753979069705678739410359412
-0.1123115339591763545135094659599417354912
-0.1134600159564609772600007886467210482806
-0.1145647699816365883140889536662143655121
-0.1156063161916187492783691936892864760011
-0.1165569627027007587605211824666184838861
-0.1173776421461780183896905782603425905108
-0.1180135876188060373159771643258864060044
-0.1183884055249083827598965967808908317238
-0.1183958633680605582183531510054308455437
-0.1178882578191620678076390049682231619954
-0.1166594668934810563598603039281442761421
-0.1144195413818489548418710910482332110405
-0.1107559323642810095167376971403427887708
-0.1050743349610777782610071540148055646569
-0.0965108796445673378094909367064246907830
-0.0838128553754484834081850408438185695559
-0.0652239687633550668799387040053261443973
-0.0386647757431100233538323607263009762391
-0.0062111482096409778574930271588527830318
-0.0130590030395668372370510113000818819273
-0.0478659237878002463695281676336890086532
-0.0755929433824606145098101706025772728026
-0.0965706148362296262765980259246134664863
-0.1128051824299731581424666160273773130029
-0.1257175486101430872398765359321259893477
-0.1362236846066132434085460545247769914567
-0.1449005802931648823062005249084904789925
-0.1521025169415598232713904280899441801012
-0.1580315666607383096042838133143959566951
-0.1627800568977299522366308792697964236140
-0.1663575521457291706006742515455698594451
-0.1687090105288531205474100715946406126022
-0.1697280288135663839366173988310038112104
-0.1692680848906744084381159609620226547122
-0.1671538066678652512120351047997246496379
-0.1631933363503084433165923883279901929200
-0.1571917962917029343294927912211278453469
-0.1489631817989944262414780951075954362750
-0.1383386735144310208944773421535501256585
-0.1251747642167246321598383929085684940219
-0.1093606208319783806848235485631448682398
-0.0908275857437592232246359458258666563779
-0.0696847919284601796663380923746444750577
-0.0467001282776811355024193517238018102944
-0.0243749752103141585635182053692915360443
-0.0096867889890805154023967205034750804771
-0.0122406623644150999025148607302071468439
-0.0257570803181986461571906232848050422035
-0.0410402674810371320690549623577680904418
-0.0548203162542216307362430427474464522675
-0.0661328734270597434763416799796686973423
-0.0747328796143762047465841646953776944429
-0.0804923676606874999306384665942459832877
-0.0832400479381103092224591932790644932538
-0.0827476836348209066063219552233931608498
-0.0786838148799226255736272150898003019392
-0.0705984478153027644742323332138767000288
-0.0579953280896303643987543807725160149857
-0.0405750755737667098688170597142743645236
-0.0193515428467410759150180155074849608354
-0.0021630970505153637034601032951286470052
-0.0070506149475688629710279364815050939796
-0.0247581059459039652670409026313791400753
-0.0422423823346298535352794090158567996696
-0.0567131048317615280018877399470511591062
-0.0681145973069289673018644748481165152043
-0.0769202377490844635410383034468395635486
-0.0836410100943872636403142450944869779050
-0.0887151068184400953819945812028890941292
-0.0924930326965696658625404324993724003434
-0.0952479070464629096193220902932807803154
-0.0971906622644016088274909748179197777063
-0.0984841135578817805651397065958008170128
-0.0992544296359090666426183702242269646376
-0.0996000301615659611176312182578840292990
-0.0995983355177567364346913336703437380493
-0.0993108374022888124033059398243494797498
-0.0987868960034196663677619199006585404277
-0.0980665825358568860048436022225359920412
-0.0971828110335114375706311307112628128380
-0.0961629369562479602295823610802472103387
-0.0950299623615477317972732862472184933722
-0.0938034413078832618460012326977448537946
-0.0925001624042433301386978428126894868910
-0.0911346613280447220839519673063477966934
-0.0897196029091183733239489583866088651121
-0.0882660641672564361126518406308605335653
-0.0867837417569896490965319912902486976236
-0.0852811024273634060710591597853635903448
-0.0837654918808897475113184327710769139230
-0.0822432141526236448747511076362570747733
-0.0807195887972934622567322549002710729837
-0.0791989879222059073304862408804183360189
-0.0776848450726981692993078354447789024562
-0.0761796176459089979804417680497863329947
-0.0746846706455790848577791507523215841502
-0.0732000398032059268471627433427784126252
-0.0717240279588832463364411751172156073153
-0.0702525911243955941687389099570282269269
-0.0687784519015733480928886933725152630359
-0.0672897347318669875049224060603592079133
-0.0657674275512587919179097184496640693396
-0.0641798362423147417121782609683577902615
-0.0624698700001243903412451174972375156358
-0.0605249236993469497125630596201517619193
-0.0580982684655234823956071466000139480457
-0.0545685166652969053102673058219806989655
-0.0480276620044324462077689474881481146440
-0.0308866868255182960845139916727930540219
-0.0046374821680249663988226949129511922365
-0.0379244031571432521632303291880816686898
-0.0471883154955615169434679501136997714639
-0.0498507725829858208688172283018502639607
-0.0505031983038840004418545959197217598557
-0.0503878366691695306345266658354375977069
-0.0499343138447831749737737538907822454348
-0.0493198953771026918357911483781208517030
-0.0486277640564561144942423709380818763748
-0.0479013129926720918061455734004994155839
-0.0471655687405781731680320945088169537485
-0.0464363150896495366359850720527902012691
-0.0457241415127748740410140726453391835093
-0.0450364849155643481859456755955761764199
-0.0443789341608944384875989896954706637189
-0.0437561734154368886517971759531064890325
-0.0431726215919732564385569162368483375758
-0.0426327936993680378652271656392258591950
-0.0421414393455288097123379031927470350638
-0.0417035179187336957351561750328983180225
-0.0413240552331246221995364464874000987038
-0.0410079224799203695406291103608964476734
-0.0407596017127153931181027246566372923553
-0.0405830289402832888878691619538585655391
-0.0404815750858818212964962413025205023587
-0.0404581253857760961278877687163912924007
-0.0405151474269970710007093828153301728889
-0.0406546891046719385820473746662173653021
-0.0408783714507667123028156197506177704781
-0.0411875063117161099857099770815693773329
-0.0415834146201325416392080569494282826781
-0.0420678990046562117921524759367457590997
-0.0426437232095358276229291050185565836728
-0.0433149236439364232476023630624695215374
-0.0440868283539531599646288384519721148536
-0.0449657544740950168571380629600753309205
-0.0459584518581980308593593065324967028573
-0.0470714210611930874983421801971417153254
-0.0483102473346916638785586428639362566173
-0.0496790865870419540151203818822978064418
-0.0511805221942463542394996522943984018639
-0.0528156528433583460913069984599133022130
-0.0545690244877966718073381002795940730721
-0.0564491840132197789103862817228218773380
