-0.0000047664874024100357919556808505845424
-0.0004613266728433673604520270927764613589
-0.0007021630291456603919011958403473272483
-0.0008041457113291838485966134264515403629
-0.0008569379274591215449319303587571994285
-0.0008882690229853185256633785193969288230
-0.0009087621454270910755293688687572739582
-0.0009230483164479191815487979511090088636
-0.0009332895182996570060396379631129093468
-0.0009405876806743623591219871649116157641
-0.0009456139866860857959296460251152893761
-0.0009486152295789084930993650957020690839
-0.0009497378392076227500775975620683766465
-0.0009490676808249359774904974074161145836
-0.0009464925710419503290457554633974268654
-0.0009419819766602610666694772589835338295
-0.0009353063945040452145662790428559674183
-0.0009262261262298926867836401655154077162
-0.0009145351391397976226552146705728318921
-0.0008998099510852397564519833395024761558
-0.0008816427567670359448370742683209755342
-0.0008595696420043729725490866400150480331
-0.0008328485309990529611087750616604807874
-0.0008006809420042892543739609934050349693
-0.0007622299744286132206633199714929105539
-0.0007163739320526629891436320995978803694
-0.0006619338284075016332758112369560876687
-0.0005978096932010212513630698083488823613
-0.0005232763332322420751427372032082985243
-0.0004383770538586062625110995050192741473
-0.0003456369843447848499463914695439825664
-0.0002506279931319954894924917354614990472
-0.0001635411521229190911011497355787014385
-0.0000977986495832738905341005586357994162
-0.0000636025693334873966269110701077238446
-0.0000603817527625505321201525299468215735
-0.0000759627267445872546465512886726401121
-0.0000923672876796222081874701559378593174
-0.0000982938356528961803453350865034110484
-0.0000916330255934449879225145441097311050
-0.0000776022308509527404714323228773764640
-0.0000680534494971407556609260813829109793
-0.0000761046827776379374366766406012629886
-0.0001119687006948133517090712696351317845
-0.0001833664068187301711323339281634048348
-0.0002903175051603867798215297124642120252
-0.0004277187001078974911381924695064071784
-0.0005861515321349819451768325961893424392
-0.0007555897793982602108492363512937117775
-0.0009263814303327799282508636657951228699
-0.0010910660842747366226085370399800922314
-0.0012435520230222741732556412941335111100
-0.0013795302331974868340069839689476793865
-0.0014950808963078521338779802718477185408
-0.0015868245646489421030872479789763929148
-0.0016508692000603885155496364234295469942
-0.0016821835851975352506271210728527876199
-0.0016754804464383177622921472504913253943
-0.0016240467601461427288311867300762969535
-0.0015195622179694622672085912995498802047
-0.0013532490944554310518394002471609383065
-0.0011177138632658899751459724569713216624
-0.0008123182328043077569945662474992786883
-0.0004614093213228076355292284205233954708
-0.0001459008200853917347743909926904848362
-0.0000234260580927436746752432622509232374
-0.0002305983834256264441205791504430067107
-0.0007221541143167975896483001818637603719
-0.0013301380444546006143885508166135878128
-0.0019295280061735365240843664835779236455
-0.0024717647574523105014066004514461383224
-0.0029493028594856974568261254177059527137
-0.0033683293185969918719091520387109994772
-0.0037382014802027994232469509938709961716
-0.0040677832090122642560992005655862158164
-0.0043638381807286439478810180503387528006
-0.0046319374327481385722471429744473425671
-0.0048763456912652072133829150857309286948
-0.0050998875941377259934927934637016733177
-0.0053042601887716023939534082387581293005
-0.0054903894886104889078159985160709766205
-0.0056578183914995370043521383252027590061
-0.0058048985888137826297250576601527427556
-0.0059280601093506550200440408104896050645
-0.0060211417376612522134315952371252933517
-0.0060738423365117545291158585030188987730
-0.0060689351935474689786476076847065996844
-0.0059775920086326018998423847961021238007
-0.0057489530965318226887750263642828940647
-0.0052895536507398021111581165598636289360
-0.0044188697601153124547290751422679022653
-0.0027884666405041634573702680199858150445
-0.0003292044343014710757432117471665833364
-0.0014036252175719532171022096989076999307
-0.0042381773851902192207230513076865463518
-0.0060258424620115488140603687838847690728
-0.0071482162859127810691783899699203175260
-0.0079083021833987604543025895509344991297
-0.0084638609071395493749223604140752286185
-0.0088990658243017408540742607669926655944
-0.0092606244860707655208731381435427465476
-0.0095756741846854641353470327658214955591
-0.0098605189520538667063975779569773294497
-0.0101253583809469346888043617127550533041
-0.0103767755777631805885752314111414307263
-0.0106191986850048009777269797382359683979
-0.0108556403419019890932428751284533063881
-0.0110882529748771042205079950804247346241
-0.0113185857402671192356580220916839607526
-0.0115478046882664994038369954409972706344
-0.0117768012207349979242332338458254525904
-0.0120062807066508830250439743281276605558
-0.0122368184192974335799952712022786727175
-0.0124689175727422524309062623615318443626
-0.0127030608551518247456568744269134185743
-0.0129397615315789311918326376371624064632
-0.0131795986813911490675987892018383718096
-0.0134232212295268427820760237523245450575
-0.0136713247923731344435349654986566747539
-0.0139246100260372474705095058311599132139
-0.0141837438778133952815840856942486425396
-0.0144493286084848519129630872726011148188
-0.0147218932929146627958116866352611395996
-0.0150018996874290381354777323963389790151
-0.0152897622590820805865696740966086508706
-0.0155858749865690898728232127723458688706
-0.0158906446172129671434714026645451667719
-0.0162045248076616126009508178640317055397
-0.0165280556412957940759511643591395113617
-0.0168618987986915817856026222898435662501
-0.0172068726735478093325948378833345486782
-0.0175639794014299556457192608149853185751
-0.0179344203078812686191767511445505078882
-0.0183195949977501097716281464045096072368
-0.0187210825451398672758518415548678603955
-0.0191406061973578116297556306335536646657
-0.0195799863294594950202665017968683969229
-0.0200410844120726371053731185156721039675
-0.0205257483369425085262260921581400907598
-0.0210357652901161616687542021963963634335
-0.0215728343429171728895532567094051046297
-0.0221385969298346536870969458732361090370
-0.0227348704874925609809022120089139207266
-0.0233647905229037548824333470065539586358
-0.0240372955335881495486649583881444414146
-0.0247567229620719274352236283220918267034
-0.0254544188469005179531468030518226441927
-0.0261784251901244248428302086040275753476
-0.0269634308942150735521892102042329497635
-0.0277880809424046228139904002318871789612
-0.0286786164765276997690168769850060925819
-0.0295647160795415968326249611664024996571
-0.0304503814349512541559406031410617288202
-0.0313806632858462733470794603363174246624
-0.0323466560755027096596414537543751066551
-0.0333421290511993692606829142732749460265
-0.0343642768260926725898407596559991361573
-0.0354111827567688483564545265380729688331
-0.0364811156172851827617087394628470065072
-0.0375723349057655447991166397514462005347
-0.0386830253249456010311568832094053504989
-0.0398112712950356578689437014872964937240
-0.0409550464847905359988544660154730081558
-0.0421122113192373900836251721102598821744
-0.0432805197487949044887756144817103631794
-0.0444576347864892515437951203693955903873
-0.0456411576356114331853852661424753023311
-0.0468286706888576542695545867900364100933
-0.0480177972040981490553512855967710493132
-0.0492062768139441622516905283646337920800
-0.0503920540637819713847278535467921756208
-0.0515733731684517235360765141649608267471
-0.0527488696370114265588036062126775505021
-0.0539176500959765922504907109669147757813
-0.0550793468245901682300846857742726569995
-0.0562341405200211322257253243606101023033
-0.0573827494083841288530223323505197186023
-0.0585263830157746606230872998821723740548
-0.0596666722775163194114611542318016290665
-0.0608055843223546180209559963714127661660
-0.0619453287489971915480424513589241541922
-0.0630882752563759335862059174360183533281
-0.0642368789948394303124246107472572475672
-0.0653936228888870318964876560130505822599
-0.0665609792217117246515556416852632537484
-0.0677413853535870497113435817482240963727
-0.0689372341789220022256756692513590678573
-0.0701508758773771445849121164428652264178
-0.0713846280483697026575384825264336541295
-0.0726407909315304883834940596898377407342
-0.0739216669678570276191820198619097936898
-0.0752295835711328381156803857265913393348
-0.0765669175734203927286003477092890534550
-0.0779361205867365597343976446609303820878
-0.0793397458527224791469123488241166342050
-0.0807804779322657401374740970823040697724
-0.0822611632039799561821880047318700235337
-0.0837848429651703169307452867542451713234
-0.0853547922730588659590011957334354519844
-0.0869745642893527681760446057523950003088
-0.0886480363371037194397672465129289776087
-0.0903794764419245527653501426357252057642
-0.0921736034136282494921843522206472698599
-0.0940356823949003162166349056860781274736
-0.0959716250556246763814272071613231673837
-0.0979881138530147161036509828591078985482
-0.1000927761695319662127445781152346171439
-0.1022943639794774151052791921756579540670
-0.1046030347671108584606258773419540375471
-0.1070306715835967342753676234679005574435
-0.1095913023459799962022742647604900412261
-0.1123016762066150059373725866862514521927
-0.1151820082373092024585758963439729996026
-0.1182569602730997593287298741415725089610
-0.1215569968897849545408362814669089857489
-0.1251202846587587125259943832134013064206
-0.1289952351144657560766404458263423293829
-0.1332442327741203136337588830429012887180
-0.1379488839845894321278763072768924757838
-0.1432175011266655917374635009764460846782
-0.1491962393520582796924145441153086721897
-0.1560844564704910175656493720452999696136
-0.1641555932468185541317495790281100198627
-0.1737778487509063218841021125626866705716
-0.1854051596859406236816880664264317601919
-0.1993951693133654279321831381821539252996
-0.2150051151843365426774568049950175918639
-0.2255194533699634018564239568149787373841
-0.1976880700513467259415989474291563965380
-0.0737524697087533764872091524011921137571
-0.0476386877892790022714919473401096183807
-0.0605397857772995984237951461182092316449
-0.0755862131218635324714227863296400755644
-0.0887705368594669808057773252585320733488
-0.1000543394355309922971741798392031341791
-0.1099187863333400960730301676449016667902
-0.1188519677611641484071824947932327631861
-0.1273008087887314565556096113141393288970
-0.1365133563443334530074224630880053155124
-0.1432747400518859792750703263664036057889
-0.1541774232701561830882752701654681004584
-0.1581619010078564591115224402528838254511
-0.1654889954754990566421213316061766818166
-0.1737629178737541413291012304398464038968
-0.1826876824926245979074934666641638614237
-0.1924060293809685684429666707728756591678
-0.2030913618670723841397318665258353576064
-0.2148173994912868367546110448529361747205
-0.2272322037273750428010288260338711552322
-0.2385130233579480230066138801703345961869
-0.2419778048330626096795725743504590354860
-0.2163702185750470130543021696212235838175
-0.1222802487061588339045670181803870946169
-0.0599351376807617242103987109658191911876
-0.0710925456863758103986938863272371236235
-0.0886236586624607053375157761365699116141
-0.1041395680157316400160638636407384183258
-0.1171428808053347619955175673567282501608
-0.1280708132771728180454573475799406878650
-0.1373922192546656873002319798615644685924
-0.1454741216144663229492550726718036457896
-0.1525858788635309493120217894102097488940
-0.1589226697551218148163343357737176120281
-0.1646266013016954299352789803378982469440
-0.1698032609704309414677680933891679160297
-0.1745325272472717514915530045982450246811
-0.1788762212786762506588900123460916802287
-0.1828834833033992912643128647687262855470
-0.1865941607189015305490187301984406076372
-0.1900414057542019752311546199052827432752
-0.1932531402790901853272487187496153637767
-0.1962533260925993783274634552071802318096
-0.1990622762876715079460865354121779091656
-0.2016975883745994735374296169538865797222
-0.2041741639739328151303965341867296956480
-0.2065046452180704095180630019967793487012
-0.2086997484289981608096553600262268446386
-0.2107683425657935760710870454204268753529
-0.2127177855917844750965883804383338429034
-0.2145540751406528889866365261696046218276
-0.2162821439827204983430419815704226493835
-0.2179058775582974893936238913738634437323
-0.2194283462487887359504412643218529410660
-0.2208519673023971452430203044059453532100
-0.2221784792491092452859646755314315669239
-0.2234091412023440914591532191479927860200
-0.2245447491304516096644050549002713523805
-0.2255856532721626228621403242868836969137
-0.2265317565443881742126563949568662792444
-0.2273825791599065615500308012997265905142
-0.2281371254450070273911421736556803807616
-0.2287938467972259748428598413738654926419
-0.2293504447163621506877717592942644841969
-0.2298037367691440624462018149642972275615
-0.2301493264252679749048979829240124672651
-0.2303811418841817393321491636015707626939
-0.2304908393336349559099573980347486212850
-0.2304667878898811472776486652946914546192
-0.2302927795457809234669355191726936027408
-0.2299458034140295925595864900969900190830
-0.2293927669160897298006318578700302168727
-0.2285849651937398863132955284527270123363
-0.2274495194710705048279919537890236824751
-0.2258738198593470414277106783629278652370
-0.2236789054140596311182065392131335102022
-0.2205691483023982657485362324223387986422
-0.2160348728681363295045514405501307919621
-0.2091525497339100647664622556476388126612
-0.1981523342504729612301161978393793106079
-0.1794469624243551497677628958626883104444
-0.1455137470511742581180669731111265718937
-0.0823204319525072669705423322739079594612
-0.0017103706324483613793879799302999344945
-0.0597232541360375179806396772619336843491
-0.1239307865184885865117436765103775542229
-0.1594927273921122878874712114338763058186
-0.1792060101480019151942713051539612933993
-0.1906795246617210559669786107406252995133
-0.1976426830298751713410609909260529093444
-0.2019758976290792762409154192937421612442
-0.2046825085100649477265477571563678793609
-0.2063293142853202255526667840968002565205
-0.2072533866496874266349692561561823822558
-0.2076643653002077927194335416061221621931
-0.2076977410087968434204697132372530177236
-0.2074441648741131016819849719468038529158
-0.2069659466821634208333335891438764519989
-0.2063071341588283424961502987571293488145
-0.2054993289213541962645592775515979155898
-0.2045657440722634112795219607505714520812
-0.2035235769754506762740930980726261623204
-0.2023856419117517901895553222857415676117
-0.2011614889027886488026553024610620923340
-0.1998582083882454452083976548237842507660
-0.1984808561949262528667503602264332585037
-0.1970328642752676162608338472637115046382
-0.1955162460088478160180613940610783174634
-0.1939317293599034375262135654338635504246
-0.1922788169181455508738309845284675247967
-0.1905558386833913486757552391281933523715
-0.1887598342203810342088132756543927825987
-0.1868864216909410791433998610955313779414
-0.1849296871032450051419715464362525381148
-0.1828818953725077911531826657665078528225
-0.1807331202306264039680883115579490549862
-0.1784707835448367807540392959708697162569
-0.1760791045069243221377064401167444884777
-0.1735381763860021908651987132543581537902
-0.1708230131889280078993920142238494008780
-0.1679020582447326437325330061867134645581
-0.1647353703315025119646719531374401412904
-0.1612720531742002361141885558026842772961
-0.1574470921737441686527603224021731875837
-0.1531767933652911639619276229495881125331
-0.1483530833647533353492065089085372164845
-0.1428359448535226616794346909955493174493
-0.1364438694047956923682818342058453708887
-0.1289424354777330972154913979466073215008
-0.1200325835107700772619310214395227376372
-0.1093425456532296224931855022077797912061
-0.0964349856522063592079163640846672933549
-0.0808571669158928835186017636260658036917
-0.0623019447922738695000433040149800945073
-0.0410545828171819254803764920325193088502
-0.0191738738886951358419974411617658915929
-0.0028360207475095688609001420843469531974
-0.0025050750192697557663934482263812242309
-0.0150802015662993907363365053697634721175
-0.0302768651731520725689517092860114644282
-0.0438762212334179030337466542732727248222
-0.0548504393695712633149952353051048703492
-0.0632532576851742300849679168095462955534
-0.0694227464728426335582867068296764045954
-0.0737247891682618339270760543513461016119
-0.0764775571844670404297872323695628438145
-0.0779355994327642909169640006439294666052
-0.0782938493626379738987708378772367723286
-0.0776970187565431680276617498748237267137
-0.0762491242256524981435461540968390181661
-0.0740219259554088931940540874165890272707
-0.0710623379428855783679352953186025843024
-0.0673985457147454752879767170270497445017
-0.0630461594199809433058945273842255119234
-0.0580149103964470377881035290101863211021
-0.0523169659654966340278647862760408315808
-0.0459785149541313137300235780458024237305
-0.0390569587538935683590501923845295095816
-0.0316668020605677946743838901966228149831
-0.0240188216321259896679496392835062579252
-0.0164729265805133064104470719257733435370
-0.0095903876508242162646222794819550472312
-0.0041242793033545452688337640267945971573
-0.0009126133374261402499832973589377616008
-0.0006086451880321974488782799106445509096
-0.0025822034058306563356066654080223088386
-0.0058032957234454762493469637263387994608
-0.0094733947078533102537090115902174147777
-0.0130082216395537870329279783732090436388
-0.0160142444972672694236681678603417822160
-0.0182272272553808817319165314074780326337
-0.0194585387205087577411344312849905691110
-0.0195629991794009430727818710238352650777
-0.0184304364765960453087512149750182288699
-0.0160064586938366663904087516812069225125
-0.0123614686273006216254977118751412490383
-0.0078391219653903918690440733030300179962
-0.0033052588526867278037602027040975372074
-0.0003791444162134438512941347898532740146
-0.0010437371826853203068963260591317521175
-0.0050665353233912925265403082164539227961
-0.0109323081629924701713152401794104662258
-0.0172932590467632964215116686546025448479
-0.0233620008906564417816564827035108464770
-0.0287940749400111065114948871723754564300
-0.0334899921018813190309870719829632434994
-0.0374679996474916524040743581736023770645
-0.0407956606115035050330597243828378850594
-0.0435554465519810557472268897072353865951
-0.0458286885731469320615083518077881308272
-0.0476889064946919918885903655336733208969
-0.0491997262358495751621845215595385525376
-0.0504150208899452334510016271451604552567
-0.0513798801174062819141497016062203329057
-0.0521318554327604988252176099194912239909
-0.0527021940954266396306415742856188444421
-0.0531169194159147456391067976255726534873
-0.0533977777580587203987150246575765777379
-0.0535630039423525550201787837067968212068
-0.0536279482105535970637433251795300748199
-0.0536055944246860358037842786416149465367
-0.0535069632430208927398318508039665175602
-0.0533414540605199258282986818358040181920
-0.0531171039605304665109919426413398468867
-0.0528408103026897779663784149306593462825
-0.0525184988872568134232743375378049677238
-0.0521552657613374576195397480660176370293
-0.0517554820500375281633331780994922155514
-0.0513228791560153760342721795950637897477
-0.0508606088826563246252376870870648417622
-0.0503712777973626749106195177319023059681
-0.0498569560408368486759123072715738089755
-0.0493191559371505758302411948079679859802
-0.0487587695733960116428740150240628281608
-0.0481759372109917122228850416831846814603
-0.0475698192083332249691096649257815442979
-0.0469381902009754770066507489900686778128
-0.0462767377545273278505177927399927284569
-0.0455777700393439899606562448752811178565
-0.0448277773026377265863651189192751189694
-0.0440024985146978200867273756102804327384
-0.0430561925636175624187984567470266483724
-0.0418959682713800213305077591030567418784
-0.0403124853781574032929313489148626103997
-0.0377620563977555112611383947296417318285
-0.0325449745080352431658710088413499761373
-0.0185117511699870798680400696412107208744
-0.0018733980110362845935417785980803273560
-0.0249740860507169509796554507374821696430
-0.0333342701752132597459166163389454595745
-0.0358451383782788582377243358223495306447
-0.0365745600087462874316912575523019768298
-0.0366395394381312106135695216835301835090
-0.0364115297573439633538328052964061498642
-0.0360377475032641336749605898148729465902
-0.0355849331082827222139108869214396690950
-0.0350866316230538655140946957544656470418
-0.0345611289828460163664480830902903107926
-0.0340190692597221525095285699080704944208
-0.0334669947002704526450855837538256309927
-0.0329091163734472613722203959696344099939
-0.0323482553801977407159640165446035098284
-0.0317863689092852189088667103078478248790
-0.0312248583434957503734974437747951014899
-0.0306647563774522409485445706422979128547
-0.0301068456361295901102526073600529343821
-0.0295517377043267720493346928378741722554
-0.0289999287628783519732422746528754942119
-0.0284518421430883794442934231483377516270
-0.0279078626189682051095264370133008924313
-0.0273683644260187368402181817828022758476
-0.0268337323367384868177953904933019657619
-0.0263043738200056526066461515256378334016
-0.0257807206091288827753960077870942768641
-0.0252632198707028812756369973158143693581
-0.0247523174207744077468529297902932739817
-0.0242484373776053613314118706512090284377
-0.0237519633570702527747275922820335836150
-0.0232632254278138765613004323995482991450
-0.0227824953283805690940067023575466009788
-0.0223099900604526481251443925657440559007
-0.0218458825247169058370033667415555100888
-0.0213903180155333542955542469599095056765
-0.0209434383109543577339284325944390730001
-0.0205054204682730140119062411940831225365
-0.0200765431913215580683740313361340668052
-0.0196572948076470487011047083569792448543
-0.0192485279697353524330782903462022659369
-0.0188516452022072927841023215478344354779
-0.0184687735378866769997419083892964408733
-0.0181028720290888067712131714870338328183
