0.0691354051554274873225836017809342592955
0.6254211139362714222400541075330693274736
0.7859952602470271498802389942284207791090
0.7741776450324771019495528889819979667664
0.7869261834700328472891328601690474897623
0.1092988982299230305006432217851397581398
0.1078790800740424410397721999288478400558
0.7860764928885172198036457302805501967669
0.1581077645872270565075012882516602985561
0.7857707694301705458883589017204940319061
0.4643924775861643094998498781933449208736
0.4794187959745422888957477880467195063829
0.4795169230087146794438979213737184181809
0.4795180396160129143723338529525790363550
0.4794869329969361215759704464289825409651
0.4795200384644370261710832892276812344790
0.4795100168507898663605715228186454623938
0.4795150729553080970468670329864835366607
0.4795092928635859563790688753215363249183
0.4795526538419127571266642462433082982898
