0.0000985474660561447301544701904418843696
0.0001506220365822508145629138320842344001
0.0003010434790919402979307573087197624773
0.0005174353710972612188992436621504111827
0.0007721662072100810361718892238513944903
0.0010421556192399305043605473031220753910
0.0013086306324003160045377214260042819660
0.0015568380012151838281964089105713355821
0.0017757197684164106182835851654999714810
0.0019575595639316880139380039338448113995
0.0020976077989463435755079778743947827024
0.0021936940136387784137939060968847115873
0.0022458347137274993488009755537859746255
0.0022558447650319248672934335786521842238
0.0022269600757072005418890636718742825906
0.0021634784449394350511197693265330599388
0.0020704249774606588163639031563434400596
0.0019532472367830332540816762332269718172
0.0018175443798223488503507105917833541753
0.0016688334438170681576357745612426697335
0.0015123546095508367138188221545647138555
0.0013529162745441690972325599062742185197
0.0011947795157006035112606801007473222853
0.0010415804748582925109284813558474525053
0.0008962882795574267629640230481413709640
0.0007611952152364299083175946947221746086
0.0006379350565521323991602375969023341895
0.0005275252521536266886795218944428143004
0.0004304279206448069624788010933968962490
0.0003466246265673067396967388376083363255
0.0002756999993962661195910646139139998922
0.0002169291230902237058511539125049694121
0.0001693645366543616826663504193462017611
0.0001319182401974705490070582936112941752
0.0001034359832878983847170503707069144639
0.0000827606019541393667354051144613436009
0.0000687828223964759310517236290394293974
0.0000604783866571856318947002228991749462
0.0000569311455016219280806516467308142637
0.0000573430634695593096738890082075812415
0.0000610318879017257548804178957091437496
0.0000674189342223829900842962947749015257
0.0000760091722877653770207642680567516891
0.0000863663879805232032960474186644717065
0.0000980865094842675550946067830615504590
0.0001107720062382755508816056799759053320
0.0001240101371381285714004527598319782555
0.0001373574915302033729209985057906351358
0.0001503327347024030382748732703745986328
0.0001624189371610062983426747695858693987
0.0001730757738799981618280782180718802010
0.0001817617280563643656580291585456166104
0.0001879648127720478980456908502105761727
0.0001912403958187014561126426670512046257
0.0001912533569018792865400885316873313968
0.0001878215918794423654799435885465186402
0.0001809576175614058311889170704844786997
0.0001709043050518510640893576901788719624
0.0001581615895168808736022392213982357134
0.0001435005599685923471410531337966176579
0.0001279622999202656441226216843531915401
0.0001128393170892327818230146951883341444
0.0000996384634071523157990146746243453890
0.0000900251434800014593319572586693766425
0.0000857498590792693461855311642949573070
0.0000885591903593829776752954785479232669
0.0001000945646411510763689259317921198544
0.0001217831578735339981278684717835858464
0.0001547261313553094375095042778411880136
0.0001995902609258060045847871233348769238
0.0002565092050818207542774163076870763689
0.0003250011008610842423369180487213725428
0.0004039087976605593177138742166931706379
0.0004913689452966951438234177729214025021
0.0005848147309067952808597778968646707654
0.0006810170928850767073370331416981571238
0.0007761667941355466105585181324499899347
0.0008659994507028789898633869270838658849
0.0009459630877925917415843803937036682328
0.0010114269906942663715399000068373425165
0.0010579285578922114578054314293353854737
0.0010814533698611005288481301533920486690
0.0010787428511940188539247609256221949181
0.0010476219691274879942249897979422712524
0.0009873391948817910983293710813768484513
0.0008989101359283080492496020852399851719
0.0007854557794480854010163439760106030008
0.0006525265912713274244968952864098810096
0.0005084039709068055188853629822176571906
0.0003643710583703452308805548209846847385
0.0002349460486414445335549838755895279974
0.0001380719578132971812715890091993742317
0.0000952583416318986077233471609915227418
0.0001316716709432319424091795134756921470
0.0002761725901527256631963480604241567562
0.0005612994757811584157006223883001894137
0.0010231995843459483919862806899914176029
0.0017015095885500298132642083004384403466
0.0026391891489303586151859981612233241322
0.0038823114439217485879818347882519447012
0.0054798157691434276270192604840758576756
0.0074832274464792722379335998539318097755
0.0099463507338464068885386382135038729757
0.0129249405094661422299662234536299365573
0.0164763581686803925463458142530726036057
0.0206592170454430040793525336084712762386
0.0255330221402809073860673549916100455448
0.0311578083390427751364626374197541736066
0.0375937807378957725146229051915724994615
0.0449009599390898100912394852457509841770
0.0531388346090861593551402108914771815762
0.0623660227747734260961287588997947750613
0.0726399429803348400946916285647603217512
0.0840164956354537695304429689713288098574
0.0965497547381226617346783314133062958717
0.1102916696942460444974543065654870588332
0.1252917767110595936852490694946027360857
0.1415969194335303937837267085342318750918
0.1592509780861137147489614562800852581859
0.1782946069914629894093138773314421996474
0.1987649801025085649630597117720753885806
0.2206955447016455407194257531955372542143
0.2441157837616186321305633555311942473054
0.2690509875106173454106794906692812219262
0.2955220354812774785635554053442319855094
0.3235451902842182425601436079887207597494
0.3531319049632157258677978006744524464011
0.3842886457662008092839300843479577451944
0.4170167325759961407527498522540554404259
0.4513121992602471266309294151142239570618
0.4871656762983343491590915164124453440309
0.5245622980269670776465318340342491865158
0.5634816367807830017611081530048977583647
0.6038976659622329323795497657556552439928
0.6457787539575118307411116802541073411703
0.6890876904516399781286395409551914781332
0.7337817463931094463802651262085419148207
0.7798127684544802207255997927859425544739
0.8271273084655278440280312679533381015062
0.8756667878351431788530589983565732836723
0.9253676965774245699591915581549983471632
0.9761618260817277459295837616082280874252
1.0279765344274311988925774130620993673801
1.0807350425612629596372471496579237282276
1.1343567593398369286461502269958145916462
1.1887576331258515871525105467298999428749
1.2438505272763378250999721785774454474449
1.2995456166539240960844381334027275443077
1.3557508021164483835718783666379749774933
1.4123721396892257029520578726078383624554
1.4693142811411745718430665874620899558067
1.5264809224864790415665538603207096457481
1.5837752570289094222744097351096570491791
1.6411004294867288511028391440049745142460
1.6983599878404793681596629539853893220425
1.7554583296054595553670196750317700207233
1.8123011393518069223063093886594288051128
1.8687958144176508579192841352778486907482
1.9248518759409067868659803934860974550247
1.9803813624822204086939336775685660541058
2.0352992037247670253918840899132192134857
2.0895235719382831973689462756738066673279
2.1429762090820285713732573640299960970879
2.1955827276874639863990523735992610454559
2.2472728838471258683284759172238409519196
2.2979808208877705588690787408268079161644
2.3476452825426292747579282149672508239746
2.3962097946744860266221621714066714048386
2.4436228148242240543197567603783681988716
2.4898378491235151344085352320689707994461
2.5348135363336394831890174828004091978073
2.5785136989998442835769765224540606141090
2.6209073619608811434034123521996662020683
2.6619687386613977153615451243240386247635
2.7016771859440895653392544772941619157791
2.7400171282013161544455215334892272949219
2.7769779519682513679867952305357903242111
2.8125538722261484991804536548443138599396
2.8467437718539283508789594634436070919037
2.8795510158261357069875430170213803648949
2.9109832418887622296210793138016015291214
2.9410521295711964384622660872992128133774
2.9697731494872225965764300781302154064178
2.9971652949588145631309998861979693174362
3.0232507980592755458815190650057047605515
3.0480548322069993538718790659913793206215
3.0716052034602721043654582899762317538261
3.0939320326659442983441294927615672349930
3.1150674305944563435843974730232730507851
3.1350451681614570631495553243439644575119
3.1539003437849104649615128437289968132973
3.1716690498722703850376092304941266775131
3.1883880403552264937161453417502343654633
3.2040944011176857308953458414180204272270
3.2188252250746902660694104270078241825104
3.2326172935770158822776920715114101767540
3.2455067657232201661088311084313318133354
3.2575288770775507884991384344175457954407
3.2687176491990204141302456264384090900421
3.2791056113074472655455338099272921681404
3.2887235353257491254908018163405358791351
3.2976001854626861842234575306065380573273
3.3057620834234602291701321519212797284126
3.3132332902658743201129709632368758320808
3.3200352058515654185555376898264512419701
3.3261863867770879998886357498122379183769
3.3317023836077157561419426201609894633293
3.3365955981752688508379378617973998188972
3.3408751616426632935485940834041684865952
3.3445468339780144439998821326298639178276
3.3476129254197881657262314547551795840263
3.3500722404549740929269319167360663414001
3.3519200447666639419708189961966127157211
3.3531480555419688194263017066987231373787
3.3537444554594810774972302169771865010262
3.3536939306012167882897756499005481600761
3.3529777324532177296134705102303996682167
3.3515737640714435841005069960374385118484
3.3494566903969040794208922307007014751434
3.3465980726012158896764958626590669155121
3.3429665262343961629198929585982114076614
3.3385279028271175327802211540983989834785
3.3332454944710634414661853952566161751747
3.3270802607625631353016615321394056081772
3.3199910773467267155467652628431096673012
3.3119350051419376157468832388985902070999
3.3028675791590078603121583000756800174713
3.2927431156562612102334242081269621849060
3.2815150361935785383593611186370253562927
3.2691362069666611844809267495293170213699
3.2555592916205533526863291626796126365662
3.2407371155611719437672491039847955107689
3.2246230396100448167828744772123172879219
3.2071713406825703707170305278850719332695
3.1883375970197898041647022182587534189224
3.1680790753702909867683956690598279237747
3.1463551174079817940310022095218300819397
3.1231275225855519295237172627821564674377
3.0983609245672130150239809154300019145012
3.0720231583597072955171825014986097812653
3.0440856152711388560305749706458300352097
3.0145235828736010041950521554099395871162
2.9833165672292771830598212545737624168396
2.9504485947609864204821406019618734717369
2.9159084913049029275100565428147092461586
2.8796901360751485654532189073506742715836
2.8417926884927933173230485408566892147064
2.8022207860830685710595844284398481249809
2.7609847119187738151424582611070945858955
2.7181005303809757656097190192667767405510
2.6735901903135248502962895145174115896225
2.6274815949601979525596107123419642448425
2.5798086383862885995199576427694410085678
2.5306112083935836665204988094046711921692
2.4799351562333908916002656042110174894333
2.4278322337002480324485986784566193819046
2.3743599984446710493557475274428725242615
2.3195816885714579669297563668806105852127
2.2635660677872353474526789796072989702225
2.2063872425240229624421317566884681582451
2.1481244525927412070132049848325550556183
2.0888618370097877807722852594451978802681
2.0286881766929312220781866926699876785278
1.9676966157382143052245737635530531406403
1.9059843629716106683247289765859022736549
1.8436523754191265211943573376629501581192
1.7808050252612250829997719847597181797028
1.7175497517362696697773571941070258617401
1.6539966993380565973836837656563147902489
1.5902583435205477346841007602051831781864
1.5264491049837161096291993089835159480572
1.4626849534757142556884446094045415520668
1.3990830019132058925634964907658286392689
1.3357610915012729790873891033697873353958
1.2728373684323113224081680527888238430023
1.2104298526659815760098126702359877526760
1.1486559992441014443897984165232628583908
1.0876322525822701425823879617382772266865
1.0274735942039083802512777765514329075813
0.9682930844503675471557357923302333801985
0.9102013988100315922125105316808912903070
0.8533063596649529403137535155110526829958
0.7977124644505194650534463107760529965162
0.7435204114665445729315251810476183891296
0.6908266248566229394967308508057612925768
0.6397227805893250796032134530832991003990
0.5902953356188769262757887190673500299454
0.5426250627704858331412651750724762678146
0.4967865942766596099033904465613886713982
0.4528479772768582156672323435486759990454
0.4108702449736417738890281725616659969091
0.3709070075018126022570186250959523022175
0.3330040669008806908379938249709084630013
0.2971990608768793618033043912873836234212
0.2635211402772512645498181882430799305439
0.2319906853802159996114085060980869457126
0.2026190661943231552388766658623353578150
0.1754084519767926675370972589007578790188
0.1503516750888377329076206478930544108152
0.1274321541145944647333010379952611401677
0.1066238808637729462702736782375723123550
0.0878914754588609459240444721217500045896
0.0711903131681752843196164803885039873421
0.0564667259929234957582799836472986498848
0.0436582812494406835579496828358969651163
0.0326941385150305921514224394286429742351
0.0234954853386031004003342559371958486736
0.0159760510654952808673456843280291650444
0.0100426970049450562522119767550066171680
0.0055960800013476093284214840650747646578
0.0025313852688690751530087297282989311498
0.0007391231414489896241193367387722901185
0.0001059831985982118146430788763190378177
0.0005157380737291017772094825488693459192
0.0018501881656630692063458809570875018835
0.0039901374761092947215934678695248294389
0.0068163899103457171665954028583200852154
0.0102107546350479472252459345327224582434
0.0140570484956908173246326043681619921699
0.0182420830850262873090716908563990727998
0.0226566238354014154454674212502141017467
0.0271963084925928716417686814565968234092
0.0317625125289799845051952331687061814591
0.0362631494724771838433774462373548885807
0.0406133947641795570171474594189930940047
0.0447363226134143421308664301250246353447
0.0485634463745318739613665570686862338334
0.0520351542299059138807493241074553225189
0.0551010333911997468581134285159350838512
0.0577200776242922999892392965648468816653
0.0598607746254383454864722580168745480478
0.0615010715970234905780600342950492631644
0.0626282192849906688136840671177196782082
0.0632384966685242827511004293228324968368
0.0633368204527108569212856536978506483138
0.0629362454328351583754397324810270220041
0.0620573636476558290753224866875825682655
0.0607276120030589283693700508592883124948
0.0589804996519960045286978811418521218002
0.0568547678670641154496934177586808800697
0.0543934963815814395693415406185522442684
0.0516431711779653315752547371175751322880
0.0486527294547428879045725125251919962466
0.0454725979699778168341417483588884351775
0.0421537411245900828227206602605292573571
0.0387467350185837500209373729376238770783
0.0353008832431092600678823600901523604989
0.0318633894155101807244001577146264025941
0.0284786003732094214480063953942590160295
0.0251873325683618538850527812655855086632
0.0220262925634080626580146855530983884819
0.0190276006155156197918731919571655453183
0.0162184242390375037146110770436280290596
0.0136207263407977802877057982300357252825
0.0112511301216317322754223440028908953536
0.0091209004430758480741481264431058662012
0.0072360388561769602502882214878354716348
0.0055974870268278827459274005207134905504
0.0042014309118439683091161818140335526550
0.0030396958524839833883091078092775205732
0.0021002207335419310549329274806495959638
0.0013675976748356078772916877284160364070
0.0008236622908415669377241163928715650400
0.0004481185600643766654346822342347422818
0.0002191817073145707519665065232672418460
0.0001142223042608692172659307084714441771
0.0001103950625823224514004614049689223521
0.0001852364484913038278606628450617677117
0.0003172164025678747534785217876418528249
0.0004862309682221455098272144823567941785
0.0006740245196930016958677955862810904364
0.0008645325189345309758667812438659439067
0.0010441381926593496388272486186110654671
0.0012018392037253589673534426296441779414
0.0013293231362810175970323722793864362757
0.0014209534439555660759874067267105601786
0.0014736702124612754104260314846897017560
0.0014868126858568863745552190991361385386
0.0014618728499774568188596113316179980757
0.0014021913956428621195887673778202042740
0.0013126090403090984615880332242454642255
0.0011990873997966321543029444285366480472
0.0010683143253963978732551387551552579680
0.0009273088754735226216241450458710460225
0.0007830407424213614055175103345618481399
0.0006420782237035327225452285837548060954
0.0005102774593813141912335140659706667066
0.0003925240090776594120008935462351473689
0.0002925356613241381011254749200389824182
0.0002127330010241457181052737723803147674
0.0001541816064808387821104262993543443372
0.0001166069582395579075015379366675460915
0.0000984803782419652068034696124065874301
0.0000971715473076351072103176709227057017
0.0001091606191439220498087120381214276676
0.0001303006078210833371035931582682110275
0.0001561187814711106805042745149236793623
0.0001821442372340120806166463562902890772
0.0002042477309522516728656355011750633821
0.0002189792503776377631443533777755305891
0.0002238887995171756585197075928306276182
0.0002178162613628131902450413281968621959
0.0002011372621013718517066215518696026265
0.0001759533571156457444021464775474328235
0.0001462167547330373083662446997976758212
0.0001177820413255825686893105141983539852
0.0000983798530058455111043519414337765738
0.0000975101660326349535578074889663469094
0.0001262556720647744947904483892031635150
0.0001970184956580012182632277717431179553
0.0003231862457916556837476951269394476185
0.0005187359177874939931279785199080833991
0.0007977864263217138065392708412559841236
0.0011741125117062357029185104551061158418
0.0016606342791812345790342098084124700108
0.0022688977709671310362127272242105391342
0.0030085625887435528229285619516986116651
0.0038869127476959452680005391300710471114
0.0049084066353159540654904624545906699495
0.0060742811336753233658614092860261735041
0.0073822237718720986124343319545459962683
0.0088261251391037690711138807841962261591
0.0103959218499617422892811191559303551912
0.0120775381243199177172531477708616876043
0.0138529316152431244274501054292159096804
0.0157002465382227590628971825026383157820
0.0175940745454899773181356437135036685504
0.0195058211505505264826698663682691403665
0.0214041729835642083323854478749126428738
0.0232556587616275581287261786656017648056
0.0250252946694543773609176184891111915931
0.0266773029096643334023841731550419353880
0.0281758905401821475866785959851767984219
0.0294860743957351713329106956962277763523
0.0305745369301975503106838516487187007442
0.0314104971792673604014112243021372705698
0.0319665808229136136353609742855041986331
0.0322196733867021051223034078248019795865
0.0321517410806317974203416554246359737590
0.0317506045011534399069574874374666251242
0.0310106514533843580228023029121686704457
0.0299334764180310304582111058380178292282
0.0285284356709742323299217048315767897293
0.0268131087045076522967779197870186180808
0.0248136583691545044294546329410877660848
0.0225650840042650596695139597613888327032
0.0201113637131606626251567604413139633834
0.0175054838114158534123632193768571596593
0.0148093553407834914448226726335633429699
0.0120936192802752803115984292503526376095
0.0094373437702212174815752376844102400355
0.0069276181834645855078802512139191094320
0.0046590502531960757345852464084146049572
0.0027331736767872215169983274307696774486
0.0012577746377308463444216757309845888813
0.0003461465186756407155094228400571410020
0.0001162827312979453048919983859654792013
0.0006900180341840434329950260128327954590
0.0021921289874628734073436220342045999132
0.0047494042828000911093955238584385369904
0.0084896956253952722548650200451447744854
0.0135409596189907683455588838228322856594
0.0200303007611400928078548844268880202435
0.0280830251850872521235391587879348662682
0.0378217142145934048791389159305253997445
0.0493653261562781928151188992615061579272
0.0628283340361368708437694863278011325747
0.0783199062335121765077161626322777010500
0.0959431361764704754291344102057337295264
0.1157943264584149062335072244422917719930
0.1379623319308657947157570333729381673038
0.1625279655324657346326944207248743623495
0.1895634698359252579002998118085088208318
0.2191320565506169604219621760421432554722
0.2512875155012290750988768195384182035923
0.2860738939317284401653296299627982079983
0.3235252463558906388385594254941679537296
0.3636654545849334341234282419463852420449
0.4065081170324607029442631755955517292023
0.4520565058994485685417430431698448956013
0.5003035903988508614759211923228576779366
0.5512321237777977334104662077152170240879
0.6048147915360700954678918606077786535025
0.6610144179210695192239199968753382563591
0.7197842275008217161058610145119018852711
0.7810681583711730491259572772833053022623
0.8448012233459568642857107079180423170328
0.9109099152990530745555020075698848813772
0.9793126526855163715978846994403284043074
1.0499202611477542745888058561831712722778
1.1226364870270535423202318270341493189335
1.1973585385401839253916023153578862547874
1.2739776503457351797266028370358981192112
1.3523796672185903755547542459680698812008
1.4324456425691587391213488444918766617775
1.5140524475886814048664064102922566235065
1.5970733868708473224273802770767360925674
1.6813788164554708259856852237135171890259
1.7668367603572598945049776375526562333107
1.8533135217859395549311329887132160365582
