4.5171950565075551509153228835202753543854
4.3739804522075340642572882643435150384903
4.2279498905284178533747763140127062797546
4.0791648031933229745504831953439861536026
3.9277099119089893264344937051646411418915
3.7736954083683915683877785340882837772369
3.6172591753150067361843866819981485605240
3.4585690163749776004920022387523204088211
3.2978248550918429771172668552026152610779
3.1352608579711431779912800266174599528313
2.9711474334936189833911157620605081319809
2.8057930603674088310128809098387137055397
2.6395459050891094676671855268068611621857
2.4727952022641539464586912799859419465065
2.3059723915959247086959749140078201889992
2.1395520324951098345422906277235597372055
1.9740525482946729152189391243155114352703
1.8100368818842982321370982390362769365311
1.6481131642032114115181684610433876514435
1.4889354932123322061698900142800994217396
1.3332048772222830912426161376060917973518
1.1816702951327018311644678760785609483719
1.0351296543255557036644631807575933635235
0.8944301834235642845172264969733078032732
0.7604675018232913696891728250193409621716
0.6341823085484737942962851775519084185362
0.5165534062658388991806646117765922099352
0.4085857190046661702176322705781785771251
0.3112921697922176877959543617180315777659
0.2256688203002964188126355793428956530988
0.1526635365298072977147114670515293255448
0.0931395411299154180051473872481437865645
0.0478363619739170103928316279962018597871
0.0173316441463391701649499054838088341057
0.0020078085203877461643873214569566698628
0.0020274299843543119002686747620600726805
0.0173204148987788457414449538873668643646
0.0475846829138934154790341324314795201644
0.0923003503259779145562191615681513212621
0.1507557047776848790920922738223453052342
0.2220818879925539335307149713116814382374
0.3052924114746849992840793674986343830824
0.3993235212467260430990734221268212422729
0.5030719440308111245485633844509720802307
0.6154275034295400015338373123086057603359
0.7352992409973970744374582864111289381981
0.8616347694983389482459301689232233911753
0.9934334430176542385382276734162587672472
1.1297544600675477610707275744061917066574
1.2697212201296244060699791589286178350449
1.4125231948749430443967867176979780197144
1.5574163481710032730376269682892598211765
1.7037228399891004571031771774869412183762
1.8508304540740720955938058978063054382801
1.9981919437256181470985438863863237202168
2.1453243126987131539351594256004318594933
2.2918079367965815684726749168476089835167
2.4372853734440780293368788989027962088585
2.5814596857960272480170260678278282284737
2.7240921120758621043478342471644282341003
2.8649989323696951615261241386178880929947
3.0040474215477366293214345205342397093773
3.1411508289792022807773719250690191984177
3.2762623943981519225587817345513030886650
3.4093684936676789121179353969637304544449
3.5404811031429415102422808558912947773933
3.6696298672078340175062294292729347944260
3.7968541365985770674740251706680282950401
3.9221954002505583503079833462834358215332
4.0456905466480943545093396096490323543549
4.1673663532261251418731262674555182456970
4.2872355128362915621664797072298824787140
4.4052943721751773864525603130459785461426
4.5215223944642710662833451351616531610489
4.6358831896761101276638328272383660078049
4.7483268049052202997017957386560738086700
4.8587928578974413085234118625521659851074
4.9672140449712216536681808065623044967651
5.0735195683295746249541480210609734058380
5.1776381043675341331322670157533138990402
5.2795000609172113570366491330787539482117
5.3790390268903625070606722147203981876373
5.4761924769196870244059027754701673984528
5.5709019310014671333419755683280527591705
5.6631128630803582169050969241652637720108
5.7527746891004758467147439660038799047470
5.8398411400366967427544295787811279296875
5.9242712450788852507344017794821411371231
6.0060310300170138830821997544262558221817
6.0850958974724047578774843714199960231781
6.1614535229763758295007392007391899824142
6.2351069955699598423848328820895403623581
6.3060778694449686199163807032164186239243
6.3744087813867373881748790154233574867249
6.4401653258376025945608489564619958400726
6.5034369556661966171873245912138372659683
6.5643367773937759679370174126233905553818
6.6230002181020539708811156742740422487259
6.6795826419952701868965050380211323499680
6.7342560761024490290083122090436518192291
6.7872052602858676806363291689194738864899
6.8386232650358316220717824762687087059021
6.8887069240934533098652536864392459392548
6.9376523129041602899746976618189364671707
6.9856504743075307217736735765356570482254
7.0328835554626438764103113499004393815994
7.0795214793524419150116955279372632503510
7.1257192334931653832086340116802603006363
7.1716148198087195098082702315878123044968
7.2173278742582294142948740045540034770966
7.2629589338801521236632652289699763059616
7.3085893033180049371821951353922486305237
7.3542814537435434729673033871222287416458
7.4000798750719560814559372374787926673889
7.4460122977297489299530752759892493486404
7.4920912023167911542032015859149396419525
7.5383155424959156221120792906731367111206
7.5846726156484454151041063596494495868683
7.6311400239512616749948392680380493402481
7.6776876724663747353361031855456531047821
7.7242797485515870548056227562483400106430
7.7708766182928483701175537134986370801926
7.8174365629982887071491859387606382369995
7.8639172667633001623244126676581799983978
7.9102769609967182873333513271063566207886
7.9564751401272095776562309765722602605820
8.0024727893515450460881766048260033130646
8.0482321117359756357245714752934873104095
8.0937158048474291405227631912566721439362
8.1388860079313456452609898406080901622772
8.1837031068365533315045468043535947799683
8.2281246308838174030597656383179128170013
8.2721044904013130150133292772807180881500
8.3155927769637436597349733347073197364807
8.3585362791453423625398500007577240467072
8.4008797619956343538660803460516035556793
8.4425679339236765486020885873585939407349
8.4835479011448473585232932236976921558380
8.5237718100742938531766412779688835144043
8.5631993218244915055947785731405019760132
8.6017995630109140847707749344408512115479
8.6395522560510258358590363059192895889282
8.6764478417768433615719914087094366550446
8.7124865495697072503844538005068898200989
8.7476765210911473502619628561660647392273
8.7820312270960076972414753981865942478180
8.8155665100909903486581242759712040424347
8.8482976236916286438827228266745805740356
8.8802366177802269930907641537487506866455
8.9113903432988443853446369757875800132751
8.9417592375822341210778176900930702686310
8.9713369223311207889537399751134216785431
9.0001105249724862034099714946933090686798
9.0280615404706967552783680730499327182770
9.0551669980199207543591910507529973983765
9.0814006900499713026420067762956023216248
9.1067342553084760226056459941901266574860
9.1311379720274388205325521994382143020630
9.1545811958945613184823741903528571128845
9.1770324548338368941813314449973404407501
9.1984592750978766417802034993655979633331
9.2188278524458002749497609329409897327423
9.2381026953637324083956627873703837394714
9.2562463566712462892382973222993314266205
9.2732193415669872393891637329943478107452
9.2889802421429408241237979382276535034180
9.3034861086047140332766502979211509227753
9.3166930324857570866470268811099231243134
9.3285568912854284207014643470756709575653
9.3390341890975268057673019939102232456207
9.3480829236476079557860430213622748851776
9.3556634148987143362319329753518104553223
9.3617390414641405982365540694445371627808
9.3662768456666558591905413777567446231842
9.3692479837541391418653802247717976570129
9.3706280126395817831053136615082621574402
9.3703970172812844907639373559504747390747
9.3685395928513255370262413634918630123138
9.3650447029668040244132498628459870815277
9.3599054396241712083792663179337978363037
9.3531187124814998412603017641231417655945
9.3446848951623380230557813774794340133667
9.3346074548190163255867446423508226871490
9.3228925886749145490739465458318591117859
9.3095488880529995157075973111204802989960
9.2945870467869173836561458301730453968048
9.2780196271551318432102561928331851959229
9.2598608927416918845665350090712308883667
9.2401267140444200975935018504969775676727
9.2188345493079744130682229297235608100891
9.1960034999726421034438317292369902133942
9.1716544373308721560533740557730197906494
9.1458101944248273440507546183653175830841
9.1184958149010633121633873088285326957703
9.0897388484184951096267468528822064399719
9.0595696802634364530604216270148754119873
9.0280218810753005698188644601032137870789
8.9951325610495906914820807287469506263733
8.9609427117011861696482810657471418380737
8.9254975173460682213999461964704096317291
8.8888466179613097040146385552361607551575
8.8510443051386236135158469551242887973785
8.8121496335315221415385167347267270088196
8.7722264316292779540162882767617702484131
8.7313431978730005056377194705419242382050
8.6895728711090249873905122512951493263245
8.6469924680696959029546633246354758739471
8.6036825848832432228618927183561027050018
8.5597267643600591924268883303739130496979
8.5152107357585098412755542085506021976471
8.4702215386298451704760736902244389057159
8.4248465468716648985036954400129616260529
8.3791724129938796039596127229742705821991
8.3332839555618285487526009092107415199280
8.2872630145912644650252332212403416633606
8.2411873002456061954035249073058366775513
8.1951292595123685913449662621133029460907
8.1491549837732399907963554142042994499207
8.1033231776523244604959472781047224998474
8.0576842066975356004832065082155168056488
8.0122792389153705272519800928421318531036
7.9671394935940247350458776054438203573227
7.9222856108361110472060317988507449626923
7.8777271571635090197105455445125699043274
7.8334622865788450241097962134517729282379
7.7894775820709787339524154958780854940414
7.7457481087091828442225960316136479377747
7.7022377144108578050918367807753384113312
7.6588996159018769560589134925976395606995
7.6156773027690363164765585679560899734497
7.5725057794305321579031442524865269660950
7.5293131418273757660131195734720677137375
7.4860224525866954081720905378460884094238
7.4425538373825803617478413798380643129349
7.3988266806170406297837871534284204244614
7.3547617569871430731609507347457110881805
7.3102831051510683835203963099047541618347
7.2653194389161139810084932832978665828705
7.2198049070858019149454776197671890258789
7.1736790589779317883767362218350172042847
7.1268859475926680246971045562531799077988
7.0793723998403086383746085630264133214951
7.0310855913139187478577696310821920633316
6.9819701662331938862848801363725215196609
6.9319652246269747308815567521378397941589
6.8810015436935705324117407144512981176376
6.8289993986421189120505914615932852029800
6.7758672973903832925657297892030328512192
6.7215018485004005555083494982682168483734
6.6657888551373583041481651889625936746597
6.6086055870820841207091689284425228834152
6.5498240471519588723481319902930408716202
6.4893149354058357047847493959125131368637
6.4269519375152448503740743035450577735901
6.3626159299789666334845605888403952121735
6.2961987056169244070247259514871984720230
6.2276058739862136803822068031877279281616
6.1567586754345482447092763322871178388596
6.0835945549648071661863468762021511793137
6.0080664627487374573888700979296118021011
5.9301409716575026465079645277000963687897
5.8497954181459475009319248783867806196213
5.7670143706693188789813575567677617073059
5.6817857991536824258105298213195055723190
5.5940973506935964820740991854108870029449
5.5039331242343463301835981837939471006393
5.4112712788368835248320465325377881526947
5.3160827107834975890909845475107431411743
5.2183309055874573800792859401553869247437
5.1179729291027689086490681802388280630112
5.0149613880026526757660576549824327230453
4.9092470844555666786845904425717890262604
4.8007820294689800277865288080647587776184
4.6895224734095126706279188510961830615997
4.5754316607159228880163936992175877094269
4.4584821094168560762227571103721857070923
4.3386573377004040708015963900834321975708
4.2159530878755671068347510299645364284515
4.0903782105175992001022677868604660034180
3.9619554496822537714706413680687546730042
3.8307224015383813942037249944405630230904
3.6967328995436514738059941009851172566414
3.5600590136809713293075674300780519843102
3.4207937507852825831378140719607472419739
3.2790544240471630743627429183106869459152
3.1349865410083732619739294023020192980766
2.9887679588290110288539835892152041196823
2.8406129884430559862096288270549848675728
2.6907761058982306856535160477505996823311
2.5395549544840214650776033522561192512512
2.3872923939115353597628654824802652001381
2.2343774656517108034847751696361228823662
2.0812452840517936536457455076742917299271
1.9283760140185908227294930838979780673981
1.7762932373411186581790843774797394871712
1.6255621182526973633741818048292770981789
1.4767878308584234670064461170113645493984
1.3306146839159196382240679668029770255089
1.1877262535708805746281768733751960098743
1.0488466017881237224429469279129989445210
0.9147423214219624343357395446219015866518
0.7862247331733384081431381673610303550959
0.6641511169809448666967455210397019982338
0.5494234712109216101083575267693959176540
0.4429830604343951150347891143610468134284
0.3457990455022587616973339663672959432006
0.2588498752666423263768535889539634808898
0.1830968898784429976789311922402703203261
0.1194506888267007904680383489903761073947
0.0687321028091189140107886146324744913727
0.0316308433719450152188379377093951916322
0.0086658149346046549343913767415870097466
0.0001514153695756648165555297014250868415
0.0061737791704139510784443700686097145081
0.0265798401532920530732084785086044576019
0.0609804837872475469229271993754082359374
0.1087672287908303808690035907602577935904
0.1691401851074262885354926311265444383025
0.2411438046327717132921719667137949727476
0.3237063775453875025256422759412089362741
0.4156793736548663464880348783481167629361
0.5158734690076254292279145374777726829052
0.6230892043423534865098645241232588887215
0.7361414214763910557337567297508940100670
0.8538776695625313051252192053652834147215
0.9751914947506993280867959583702031522989
1.0990318522146858004617797632818110287189
1.2244098316192439934724234262830577790737
1.3504035612466833704559121542843058705330
1.4761616892435387438098359780269674956799
1.6009053800827695024366903453483246266842
1.7239284397935901171905470619094558060169
1.8445950834026771936180466582300141453743
1.9623350139684192505740156775573268532753
2.0766358622345060247482706472510471940041
2.1870335483315197500076010328484699130058
2.2931016415409843922645904967794194817543
2.3944411708934882909716179710812866687775
2.4906724633097176990759180625900626182556
2.5814303961538995757507564121624454855919
2.6663639558485447977886906301137059926987
2.7451402689460069339588699222076684236526
2.8174524418634785405401999014429748058319
2.8830297606561172685246674518566578626633
2.9416482133944503729594543983694165945053
2.9931390351034310448596897913375869393349
3.0373931293016598331746536132413893938065
3.0743598213538416707990563736530020833015
3.1040393951978999531604586081812158226967
3.1264701066959936781586293363943696022034
3.1417116110275626894576816994231194257736
3.1498276907026343529594214487588033080101
3.1508715464674246220511122373864054679871
3.1448765472810125132241410028655081987381
3.1318542463455201207978007005294784903526
3.1117998894399163667401353450259193778038
3.0847039682289629780598261277191340923309
3.0505670585372439695959201344521716237068
3.0094145977204318498365864797960966825485
2.9613085516157502397049938736017793416977
2.9063539902381938517805792798753827810287
2.8447000927216157251109507342334836721420
2.7765365811325426470546062773792073130608
2.7020876206052957257952584768645465373993
2.6216055691586204190457465301733464002609
2.5353665993334715267337742261588573455811
2.4436693476309985229022458952385932207108
2.3468367057963241961715539218857884407043
2.2452199834940800293736629100749269127846
2.1392041742429905859523842082126066088676
2.0292130147967206710291065974161028862000
1.9157128595523116310062050615670159459114
1.7992149185294770141751996561652049422264
1.6802759358135590517235868901479989290237
1.5594977685986708415555312967626377940178
1.4375264987750384637621436922927387058735
1.3150516780501479985332480282522737979889
1.1928061289780034215368687000591307878494
1.0715664633038113340290919950348325073719
0.9521541850990741240323700367298442870378
0.8354369444394798005504298998857848346233
0.7223292069188339548091448705235961824656
0.6137913171448345917013966754893772304058
0.5108256930290384634218980863806791603565
0.4144687542595521523303148114791838452220
0.3257772466449083137440823065844597294927
0.2458079567510783325356982231824076734483
0.1755904651316092246471356475012726150453
0.1160935378915118887377389000903349369764
0.0681868905604779002027626688686723355204
0.0326011748057736042150089872393436962739
0.0098898873425171378997999838134091987740
0.0003972448733152900320064748740378490766
0.0042357560894843611365434554727471549995
0.0212762395787140685954330621143526514061
0.0511515324065257639962744917738746153191
0.0932733882966706867589934404350060503930
0.1468604200282056237991668012909940443933
0.2109737147820145153342963340037385933101
0.2845561531179338632391306873614666983485
0.3664715470722541001968863838555989786983
0.4555403809484377397609478066442534327507
0.5505699784554416442716728852246887981892
0.6503780763984835511237747596169356256723
0.7538098271660141902472673791635315865278
0.8597490223832964240102683106670156121254
0.9671247642991854798211193156021181493998
1.0749149299804596768836972842109389603138
1.1821476527793288724410558643285185098648
1.2879017851896801261091241030953824520111
1.3913070000586558183641727737267501652241
1.4915439025495766944828801570110954344273
1.5878443026634536661134688984020613133907
1.6794916506078094720066928857704624533653
1.7658215593639758900224023818736895918846
1.8462223150650622915946996727143414318562
1.9201352881050492982240029959939420223236
1.9870551897990749168343427299987524747849
2.0465301581191170932072509458521381020546
2.0981616927939397143632049846928566694260
2.1416044897294459481429385050432756543159
2.1765662445661129176244230620795860886574
2.2028075045718074065348446310963481664658
2.2201416472752364406062497437233105301857
2.2284350544645064040594206744572147727013
2.2276075330482241199092641181778162717819
2.2176330117008213882456857390934601426125
2.1985405163884617074643301748437806963921
2.1704154009784493162271701294230297207832
2.1334007834502779488161650078836828470230
2.0876991160227724719788966467604041099548
2.0335738007621171341554600076051428914070
1.9713507529932985384846233500866219401360
1.9014198145479439538974020251771435141563
1.8242359287949845292331474411184899508953
1.7403200098843740750709230269421823322773
1.6502594690422154322106962354155257344246
1.5547083985957699248103835998335853219032
1.4543874547858097745489658336737193167210
1.3500835147844825190333040154655463993549
1.2426491993425794468919320934219285845757
1.1330023338214816330804524113773368299007
1.0221253490221009485594549914821982383728
0.9110644837157712006003862370562274008989
0.8009284370888548609812573886301834136248
0.6928858436088236594230238551972433924675
0.5881606434322690368787789338966831564903
0.4880241662946451230986610880790976807475
0.3937826278220869502533219019824173301458
0.3067588531829169573583726560173090547323
0.2282674710045165811234113562022685073316
0.1595835822280315674515094315211172215641
0.1019059421818771793422087057479075156152
0.0563168446463900781995270961033384082839
0.0237419346311061769949635191778725129552
0.0049138467328405941239588550217831652844
0.0003436554741805730641551752668760855158
0.0103035304822362457077833397534050163813
0.0348227643306867826189510140011407202110
0.0736976911471564632982733655808260664344
0.1265142557866710815162036851688753813505
0.1926804714310632327123329332607681863010
0.2714650016484106975767076619376894086599
0.3620377736909133892240220120584126561880
0.4635088650455236880532083887374028563499
0.5749627546032032299194725055713206529617
0.6954861557972944474670384806813672184944
0.8241887979530114760606807067233603447676
0.9602174868535604534969252199516631662846
1.1027644340581708171100672188913449645042
1.2510711672058014709563167343731038272381
1.4044293655594024539112751881475560367107
1.5621797946136153356633258226793259382248
1.7237102392877645673507913670619018375874
1.8884530411455180409774357030983082950115
2.0558825881862343720740682329051196575165
2.2255129140011575827884371392428874969482
2.3968954411731577813782223529415205121040
2.5696168416967082315238712908467277884483
2.7432969684069581361995915358420461416245
2.9175868189985232348249155620578676462173
3.0921665141417009614599464839557185769081
3.2667432935459546072820558038074523210526
3.4410495525727866628074025356909260153770
3.6148409542654231785263618803583085536957
3.7878946566890010494432772247819229960442
3.9600076938413311111730763514060527086258
4.1309955413934309476076123246457427740097
4.3006908877534000268383351794909685850143
4.4689426180698141877201123861595988273621
4.6356150053334372884705771866720169782639
4.8005870900287490599112061318010091781616
4.9637522188735747619148241938091814517975
5.1250177048229872411866381298750638961792
5.2843045651457938305384232080541551113129
5.4415472921672733974673974444158375263214
5.5966936121156285466327062749769538640976
5.7497041911086821386334122507832944393158
5.9005522532137275604213755286764353513718
6.0492230831559119508256117114797234535217
