-2.4999865384968877890514704631641507148743
-2.4916410421179238099398389749694615602493
-2.4830260606581284754668104142183437943459
-2.4741790275430974865855660027591511607170
-2.4651376397677462470880982436938211321831
-2.4559397499310282597662080661393702030182
-2.4466232568859034302022337215021252632141
-2.4372259953766479689818424958502873778343
-2.4277856250079432598454332037363201379776
-2.4183395189311145401234171004034578800201
-2.4089246526069114651136260363273322582245
-2.3995774930630866528247224778169766068459
-2.3903338889576080106280642212368547916412
-2.3812289619025235332117063080659136176109
-2.3722969993813625144696288771228864789009
-2.3635713496358752294668192917015403509140
-2.3550843189253356513290782459080219268799
-2.3468670714753367967375652369810268282890
-2.3389495325299605177349349105497822165489
-2.3313602947929092934487016464117914438248
-2.3241265286492360786496647051535546779633
-2.3172738964481234269499054789775982499123
-2.3108264712013140140811628953088074922562
-2.3048066599528778120031802245648577809334
-2.2992351321278103881695642485283315181732
-2.2941307531142203224305831099627539515495
-2.2895105233290071744534088793443515896797
-2.2853895229898677499136283586267381906509
-2.2817808627990312508870829333318397402763
-2.2786956407362599641430733754532411694527
-2.2761429051069814732954910141415894031525
-2.2741296240122665928140577307203784584999
-2.2726606613403710355214570881798863410950
-2.2717387593781310783924709539860486984253
-2.2713645281401793063480454293312504887581
-2.2715364414331076226005734497448429465294
-2.2722508396987173284742311807349324226379
-2.2735019396491567000850864133099094033241
-2.2752818506521772512485313200158998370171
-2.2775805978190932776783483859617263078690
-2.2803861517843033723806911439169198274612
-2.2836844649841041565707655536243692040443
-2.2874595144381077993500639422563835978508
-2.2916933508132939500967495405348017811775
-2.2963661536393162876379392400849610567093
-2.3014562925409505211860050621908158063889
-2.3069403942256303530200511886505410075188
-2.3127934150598417062383305164985358715057
-2.3189887189834283987011076533235609531403
-2.3254981605345146356000896048499271273613
-2.3322921726710048595521129755070433020592
-2.3393398591864627000802556722192093729973
-2.3466090913396011607972013734979555010796
-2.3540666084813235414685550495050847530365
-2.3616781222804679174487318960018455982208
-2.3694084242857336164433945668861269950867
-2.3772214964502764722453775902977213263512
-2.3850806242912447885373694589361548423767
-2.3929485123305154203876554674934595823288
-2.4007874014648038496488879900425672531128
-2.4085591879039087714886591129470616579056
-2.4162255433151447192585692391730844974518
-2.4237480358196679119942018587607890367508
-2.4310882514613276761394899949664250016212
-2.4382079158076348512906861287774518132210
-2.4450690153073884047785213624592870473862
-2.4516339180617521265048708301037549972534
-2.4578654936384261020521080354228615760803
-2.4637272316135097049993873952189460396767
-2.4691833584673061885439437901368364691734
-2.4741989525378720315984537592157721519470
-2.4787400566758956976798344840062782168388
-2.4827737883265994511816643353085964918137
-2.4862684466978568487149914290057495236397
-2.4891936167375772193111060914816334843636
-2.4915202696807345894569607480661943554878
-2.4932208598219434136922245670575648546219
-2.4942694173348871622408751136390492320061
-2.4946416368580885958294857118744403123856
-2.4943149616524564748942793812602758407593
-2.4932686630819800299718735914211720228195
-2.4914839152825187795770034426823258399963
-2.4889438647879496002701671386603266000748
-2.4856336949864732410730994160985574126244
-2.4815406852573511642390258202794939279556
-2.4766542646600084864871860190760344266891
-2.4709660600542537878254734096117317676544
-2.4644699385885142639551759202731773257256
-2.4571620444534367777578154345974326133728
-2.4490408298517376550762492115609347820282
-2.4401070801577908753188239643350243568420
-2.4303639332129765016077271866379305720329
-2.4198168927741985356760778813622891902924
-2.4084738361199855560812466137576848268509
-2.3963450158317303184674074145732447504997
-2.3834430557906434167136922042118385434151
-2.3697829414509290479884384694742038846016
-2.3553820044671831546168050408596172928810
-2.3402599017417253790540598856750875711441
-2.3244385890026553198595138383097946643829
-2.3079422890290253178591228788718581199646
-2.2907974546372300572727453982224687933922
-2.2730327265676688597295651561580598354340
-2.2546788864279210251595486624864861369133
-2.2357688048344321884997043525800108909607
-2.2163373849356284850387055485043674707413
-2.1964215014980958962098611664259806275368
-2.1760599357008580945205267198616638779640
-2.1552933059011674110649892099900171160698
-2.1341639944969053033219097414985299110413
-2.1127160711468824239034347556298598647118
-2.0909952125225079733183974894927814602852
-2.0690486188395356137448288791347295045853
-2.0469249273446048498215077415807172656059
-2.0246741230292664148748826846713200211525
-2.0023474467441944035783762956270948052406
-1.9799973009786904221130043879384174942970
-1.9576771534921066919565646458067931234837
-1.9354414390658798428290765514248050749302
-1.9133454595445167356615456810686737298965
-1.8914452824341210224190490407636389136314
-1.8697976382517467186517023947089910507202
-1.8484598168397092798898029286647215485573
-1.8274895628734184604979873256525024771690
-1.8069449707514317893242150603327900171280
-1.7868843790736628207582725735846906900406
-1.7673662649169750160638159286463633179665
-1.7484491380857953846117425200645811855793
-1.7301914355230596509471752142417244613171
-1.7126514160729116031944840869982726871967
-1.6958870557470517859144365502288565039635
-1.6799559436833086945028981062932871282101
-1.6649151789289837743979205697542056441307
-1.6508212682162310969147256400901824235916
-1.6377300248691413209201073186704888939857
-1.6256964689690192038540317298611626029015
-1.6147747289170455431417394720483571290970
-1.6050179445001810929483099243952892720699
-1.5964781715916869231364216830115765333176
-1.5892062885700106722453028851305134594440
-1.5832519045672566182503260279190726578236
-1.5786632696361391214878722166758961975574
-1.5754871869123916461319367954274639487267
-1.5737689268580572488076541048940271139145
-1.5735521436533697059445557897561229765415
-1.5748787937985020413123038451885804533958
-1.5777890569912784712869324721395969390869
-1.5823212593286271054893177279154770076275
-1.5885117988895385288117267919005826115608
-1.5963950737318297612432616006117314100266
-1.6060034123580226861349729006178677082062
-1.6173670066789296306808410008670762181282
-1.6305138475078413407004518376197665929794
-1.6454696626263367598141940106870606541634
-1.6622578574415423080523623866611160337925
-1.6808994582701672904079259751597419381142
-1.7014130582685820236577001196565106511116
-1.7238147660417177942093758247210644185543
-1.7481181569516144325149298310861922800541
-1.7743342271485025296584581155912019312382
-1.8024713503606129005873981441254727542400
-1.8325352374503161012597729495610110461712
-1.8645288987854855555781341536203399300575
-1.8984526094334994716916753532132133841515
-1.9343038772236800237891429787850938737392
-1.9720774137003531656375798775115981698036
-2.0117651080051750511756836203858256340027
-2.0533560037195486280836576042929664254189
-2.0968362787127712287826852843863889575005
-2.1421892280281791265394986112369224429131
-2.1893952498559823283130754134617745876312
-2.2384318346359677320833725389093160629272
-2.2892735573404463522706464573275297880173
-2.3418920729823966553340142127126455307007
-2.3962561154091481796513107838109135627747
-2.4523314994305458469625591533258557319641
-2.5100811263403564055352035211399197578430
-2.5694649928911177383383801497984677553177
-2.6304402037806000613784362940350547432899
-2.6929609877115474603215261595323681831360
-2.7569787170870938552980078384280204772949
-2.8224419314067672459600544243585318326950
-2.8892963644225373442964155401568859815598
-2.9574849751181950807676912518218159675598
-3.0269479825784522120102337794378399848938
-3.0976229047989933818030294787604361772537
-3.1694446015083119760902263806201517581940
-3.2423453210463146767494890809757634997368
-3.3162547513625715289720119471894577145576
-3.3911000751779116768602762022055685520172
-3.4668060293620950318427276215516030788422
-3.5432949685631762726245597150409594178200
-3.6204869331307691915355917444685474038124
-3.6982997213621371379588254058035090565681
-3.7766489660974609243737631913973018527031
-3.8554482156802714065690906863892450928688
-3.9346090192987244194000595598481595516205
-4.0140410167049660472571304126176983118057
-4.0936520323137326471396590932272374629974
-4.1733481736615569701598360552452504634857
-4.2530339342050522688509772706311196088791
-4.3326123004248913161973177921026945114136
-4.4119848631920168813280724862124770879745
-4.4910519333412555198492555064149200916290
-4.5697126613883458645659629837609827518463
-4.6478651613112154095119876728858798742294
-4.7254066383112061089377675671130418777466
-4.8022335204493087346122592862229794263840
-4.8782415940487204863984516123309731483459
-4.9533261427362047513156539935152977705002
-5.0273820899879000378973614715505391359329
-5.1003041450250563570989470463246107101440
-5.1719869519039409766492099151946604251862
-5.2423252416184764612694380048196762800217
-5.3112139870317927048404271772596985101700
-5.3785485604359788425199440098367631435394
-5.4442248935281796207164006773382425308228
-5.5081396395784691932817622728180140256882
-5.5701903375529537854049522138666361570358
-5.6302755779467634766888295416720211505890
-5.6882951700673336503655264095868915319443
-5.7441503104976323612618216429837048053741
-5.7977437524628818721339484909549355506897
-5.8489799758087288594765595917124301195145
-5.8977653572947259519310136965941637754440
-5.9440083408950101784284925088286399841309
-5.9876196077915357918186600727494806051254
-6.0285122457380593274933744396548718214035
-6.0666019174644949529806581267621368169785
-6.1018070277890448238622411736287176609039
-6.1340488890952897804709209594875574111938
-6.1632518848319568505189636198338121175766
-6.1893436306862898987901644431985914707184
-6.2122551330791937473918551404494792222977
-6.2319209446321313095040750340558588504791
-6.2482793162479000059761347074527293443680
-6.2612723454550778257043930352665483951569
-6.2708461206595806913810520200058817863464
-6.2769508609538391397109080571681261062622
-6.2795410511328269009823088708799332380295
-6.2785755715714319791231901035644114017487
-6.2740178226221861024214376811869442462921
-6.2658358431956706624532671412453055381775
-6.2540024231942581423027149867266416549683
-6.2384952094760706131637562066316604614258
-6.2192968050325347917350882198661565780640
-6.1963948610738306399525754386559128761292
-6.1697821617252088799432385712862014770508
-6.1394567010461571499035926535725593566895
-6.1054217520985591960425153956748545169830
-6.0676859277991495034143554221373051404953
-6.0262632333062047251814874471165239810944
-5.9811731097026497039337300520855933427811
-5.9324404687532759083978817216120660305023
-5.8800957185272588745306165947113186120987
-5.8241747796944283166453715239185839891434
-5.7647190923178186494624242186546325683594
-5.7017756129838490508632276032585650682449
-5.6353968021274303268342009687330573797226
-5.5656406014279493632557205273769795894623
-5.4925704011701403928213949257042258977890
-5.4162549974824321097344181907828897237778
-5.3367685393846455710331611044239252805710
-5.2541904655980626870359628810547292232513
-5.1686054310873341677279313444159924983978
-5.0801032233275389415894096600823104381561
-4.9887786683094139661420740594621747732162
-4.8947315263139739016651219571940600872040
-4.7980663775124776648794977518264204263687
-4.6988924974662635847266756172757595777512
-4.5973237226236651764565976918675005435944
-4.4934783059301510732552742410916835069656
-4.3874787626943509977195390092674642801285
-4.2794517068665536285720918385777622461319
-4.1695276779152665724836879235226660966873
-4.0578409585033696771461109165102243423462
-3.9445293831879446599941729800775647163391
-3.8297341383922662849670359719311818480492
-3.7135995539118646924237054918194189667702
-3.5962728862470623170111139188520610332489
-3.4779040940646974711114580713910982012749
-3.3586456061205196554908525286009535193443
-3.2386520819874591303744182368973270058632
-3.1180801659570231976204013335518538951874
-2.9970882345007598956954097957350313663483
-2.8758361376945695830897875566734001040459
-2.7544849350300939505586939048953354358673
-2.6331966260511974198266216262709349393845
-2.5121338762744578332331002457067370414734
-2.3914597388661320565006462857127189636230
-2.2713373725637855393699737760471180081367
-2.1519297563483323898481103242374956607819
-2.0333994013838938563765168510144576430321
-1.9159080607563461207121235929662361741066
-1.7996164375580088190531569125596433877945
-1.6846838918709132748574575089151039719582
-1.5712681472189158338181869112304411828518
-1.4595249970648946913343024789355695247650
-1.3496080119391613560964060525293461978436
-1.2416682477932110550966626760782673954964
-1.1358539561802465378548276930814608931541
-1.0323102968689170655380848984350450336933
-0.9311790535025223913834224731544964015484
-0.8325983529171601116303236267413012683392
-0.7367023887375597768212287519418168812990
-0.6436211498670211250683337311784271150827
-0.5534801544899032865743038200889714062214
-0.4664001902025644574756313431862508878112
-0.3824970608844411867899282242433400824666
-0.3018813409175029049968941308179637417197
-0.2246581373578280249603267293423414230347
-0.1509268606507179477649316368115250952542
-0.0807810044777343694288873621189850382507
-0.0143079353082224500909314102159441972617
0.0484113077795621932208902649108495097607
0.1073022024608751012753060649629333056509
0.1622969211737843864273855842839111573994
0.2133344972616254275887825997415347956121
0.2603609787457153434964141069940524175763
0.3033295692542037347294581195455975830555
0.3422007556449430110134812821343075484037
0.3769424218932598824594037978386040776968
0.4075299488309411244379987238062312826514
0.4339462993555047165550320187321631237864
0.4561820887570304239311269611789612099528
0.4742356398289545027502356333570787683129
0.4881130224756848878797654833761043846607
0.4978280775492816556671016314794542267919
0.5034024246852364381510369639727286994457
0.5048654539442162247908640893001575022936
0.5022543010980647926189135432650800794363
0.4956138064403757814702089490310754626989
0.4849964570343360814597133412462426349521
0.4704623123579816934558550656220177188516
0.4520789133347867805312603195488918572664
0.4299211747928653459815961923595750704408
0.4040712614252164880390694179368438199162
0.3746184473740612475012312643229961395264
0.3416589595984285687713111201446736231446
0.3052958052334601157795646031445357948542
0.2656385831872580260970551080390578135848
0.2228032802692322955628867475752485916018
0.1769120521855236660702104245501686818898
0.1280929897748492585218826889104093424976
0.0764798709153827055429175629797100555152
0.0222118985560711031113090285771249909885
-0.0345665746142102478510871321759623242542
-0.0937063343191952557997836947834002785385
-0.1550536050772685636722769686457468196750
-0.2184503621917931459606165844888892024755
-0.2837346546839695782260548639897024258971
-0.3507409384683509157021319424529792740941
-0.4193004190351525273250388181622838601470
-0.4892414028726375097022582849604077637196
-0.5603896568267537903196284787554759532213
-0.6325687745694297259291261070757173001766
-0.7056005493187940125210388941923156380653
-0.7793053519259106609595733061723876744509
-0.8535025134248747091803011244337540119886
-0.9280107111164501709765772829996421933174
-1.0026483572445779035575696980231441557407
-1.0772339893008147093667048466159030795097
-1.1515866609886129534601195700815878808498
-1.2255263328606433859135904640424996614456
-1.2988742616440569488389655816718004643917
-1.3714533872576748496641130259376950562000
-1.4430887165276664596547107066726312041283
-1.5136077026105605458639047355973161756992
-1.5828406191380255396694565206416882574558
-1.6506209281041575032134005596162751317024
-1.7167856405321426649379645823501050472260
-1.7811756689671149889164780688588507473469
-1.8436361708629278588489341927925124764442
-1.9040168819552942824913088770699687302113
-1.9621724387270595979515519502456299960613
-2.0179626891119735176971516921184957027435
-2.0712529906070846763554982317145913839340
-2.1219144949919170883845254138577729463577
-2.1698244189028010886488573305541649460793
-2.2148662995314736257057575130602344870567
-2.2569302347748303461116847756784409284592
-2.2959131071958926995080219057854264974594
-2.3317187912020211904007283010287210345268
-2.3642583429028003472183172561926767230034
-2.3934501721502328130952719220658764243126
-2.4192201963223567418026505038142204284668
-2.4415019754579421196183375286636874079704
-2.4602368284167503986736846854910254478455
-2.4753739297763530657903174869716167449951
-2.4868703872591204628861305536702275276184
-2.4946912995128105450248767738230526447296
-2.4988097941513127686619100131792947649956
-2.4992070460039088608539259439567103981972
-2.4958722755905493606576328602386638522148
-2.4888027278906945660708061041077598929405
-2.4780036315437188321197936602402478456497
-2.4634881386633247224438036937499418854713
-2.4452772455178295452071779436664655804634
-2.4233996943755404807063769112573936581612
-2.3978918568785880793825526779983192682266
-2.3687975993525363094249769346788525581360
-2.3361681305235859618107951973797753453255
-2.3000618321504955332557074143551290035248
-2.2605440731474364390862774598645046353340
-2.2176870077993724450493573385756462812424
-2.1715693587329938374352877872297540307045
-2.1222761853382317021043945715064182877541
-2.0698986383804598432334387325681746006012
-2.0145337015779243294844036427093669772148
-1.9562839209511218019343914420460350811481
-1.8952571227874921433453891950193792581558
-1.8315661210887228538268800548394210636616
-1.7653284153926787070076898089610040187836
-1.6966658798839242550116068741772323846817
-1.6257044447322976932213123291148804128170
-1.5525737705984099523703889644821174442768
-1.4774069172771799873800091518205590546131
-1.4003400074386711526841509112273342907429
-1.3215118864500436934861227200599387288094
-1.2410637792466012729875046716188080608845
-1.1591389452326603670684335156693123281002
-1.0758823321793655747313778192619793117046
-0.9914402300821129054853031448146793991327
-0.9059599259307499208304648163903038948774
-0.8195893603280264283483802500995807349682
-0.7324767868744049836848830636881757527590
-0.6447704352255655413372892326151486486197
-0.5566181786920824103859217757417354732752
-0.4681672072395504091701923243817873299122
-0.3795637067091491290149463111447403207421
-0.2909525450554700243266381676221499219537
-0.2024769663594618851476525378529913723469
-0.1142782933453511118315759631514083594084
-0.0264956390910497247004329324227001052350
0.0607343714166851261770929681915731634945
0.1472778692727625404756963689578697085381
0.2330039986140101382350309222601936198771
0.3177851620273773880498424659890588372946
0.4014972539208472301908159352024085819721
0.4840198814134041294110488706792239099741
0.5652365723560549559678634068404790014029
0.6450349701305302385634377060341648757458
0.7233070149279661187335932481801137328148
0.7999491112460431763153678730304818600416
0.8748622814015069026893911541264969855547
0.9479523048904980875306591769913211464882
1.0191298434800488692530961998272687196732
1.0883105519602469524187426941352896392345
1.1554151745281300289747150600305758416653
1.2203696268214647702166075760032981634140
1.2831050636594989455829818325582891702652
1.3435579325958895147152816207380965352058
1.4016700134234121311038734347675926983356
1.4573884438122122197967200918355956673622
1.5106657313036970791131352598313242197037
1.5614597519115562818114995025098323822021
1.6097337356272185537875429872656241059303
1.6554562391452032343863720598164945840836
1.6986011061723680359847321597044356167316
1.7391474156968600439654437650460749864578
1.7770794186359828437105079501634463667870
1.8123864632935715590633662941399961709976
1.8450629100911826174780117071350105106831
1.8751080360546574787861118238652125000954
1.9025259295540490889209195302100852131844
1.9273253758170800775673114912933669984341
1.9495197337491032563150383793981745839119
1.9691268046022607496325917963986285030842
1.9861686930531399220001276262337341904640
2.0006716612512072117624484235420823097229
2.0126659764111547445963878999464213848114
2.0221857525224136153951803862582892179489
2.0292687867563392600800398213323205709457
2.0339563911473295121368209947831928730011
2.0362932201263150844283700280357152223587
2.0363270944799047867945773759856820106506
2.0341088223040486582249286584556102752686
2.0296920175131107910715400066692382097244
2.0231329164595019953765131504042074084282
2.0144901932065657490511512150987982749939
2.0038247739852739215393739868886768817902
1.9911996513571184053148499515373259782791
1.9766796985839678590934909152565523982048
1.9603314846982682340126302733551710844040
1.9422230907438791103203357124584726989269
1.9224239276436549950233256822684779763222
1.9010045561315436213334351123194210231304
1.8780365091650597086925245093880221247673
1.8535921172162854730913750245235860347748
1.8277443368183714511587822926230728626251
1.8005665827215928675997247410123236477375
1.7721325639934693008115118573186919093132
1.7425161243728797266783203667728230357170
1.7117910871685344531556438596453517675400
1.6800311049659706341685705410782247781754
1.6473095143875196022520412952871993184090
1.6136991961259909977854931639740243554115
1.5792724404474622890148793885600753128529
1.5441008183421485178143939265282824635506
1.5082550584716398756057742502889595925808
