0.0000899210011538809138396249887037470216
0.0001145050895601196173576030723495478014
0.0001954784101880857691974080481145392696
0.0003142470971812772145663472667109772374
0.0004552971990869725087136554719791092793
0.0006059218494898744276910829142934744596
0.0007559460332772305422160963317423920671
0.0008974607669222401133343747225978859205
0.0010245592235551726108255810032687804778
0.0011330856350974104641143869187658310693
0.0012203927383441159296856293181576802453
0.0012851149606648969853095465509795758408
0.0013269531967370572743403212001567226253
0.0013464779117802949323645655965719925007
0.0013449466632525198216130402073531513452
0.0013241401625684191389192845278444110590
0.0012862140344261651942608937204681751609
0.0012335699035012348805800952433742168068
0.0011687418794184578109407457446877742768
0.0010943001682250531186868514055277046282
0.0010127703740073590137071857242290207068
0.0009265678550801892659344316527381124615
0.0008379462214266464445064364063853190601
0.0007489577419039683461171597045336056908
0.0006614269361787928052515139754063966393
0.0005769322134211707624878995304129603028
0.0004967987872552592559446948961010548373
0.0004220976185146696241408392769045576642
0.0003536516492991603559901958586664250106
0.0002920470016194531923808819229293476383
0.0002376487639127056064689696990299694335
0.0001906183530193983376773564364370372459
0.0001509356756724544734466625373059400772
0.0001184192008749329584008785909432504013
0.0000927503459339673624233293947050071893
0.0000734946943875858270996820342801925108
0.0000601245314267329100145487164041924188
0.0000520400575110535601724287557701131846
0.0000485895645834988335249639279656008739
0.0000490881453609315316450809052462034288
0.0000528353303012618646418430135014432381
0.0000591308217972796859780194866917923946
0.0000672891768884476004514844094117620443
0.0000766529328877618693462506205271722592
0.0000866047415792081697657328609452065393
0.0000965773620468546344693810956627544329
0.0001060630370022863709460192449540727466
0.0001146219857989594299906357943719115156
0.0001218885507768296982446243337250280092
0.0001275775258143596656377344311650290365
0.0001314877393005930853245311062948985636
0.0001335063893617949271844930203556600645
0.0001336084026507267108214299655699619507
0.0001318587507066526541901763103226130625
0.0001284095352413050636006253135690258205
0.0001234960103678916967361728351804117665
0.0001174314900984896315166289282316824938
0.0001105996347665882939808462692710122610
0.0001034439976442502707402321115992549494
0.0000964561937861274708121139820349299043
0.0000901609553930304803226816745542748777
0.0000851002853612969922293685076652991484
0.0000818145714542728447063804630978722798
0.0000808223984728240250983294368225529070
0.0000825997479686479962879275262821465731
0.0000875576425685853381884402035773007356
0.0000960201008374772491636706117645871927
0.0001082032049830106211311953057219170660
0.0001241937804388992783958395316190603808
0.0001439326893503389815081455749279371048
0.0001671993552002737446621205563701551000
0.0001936011888787802972394791467536379059
0.0002225685471724903150437385734861095443
0.0002533545414765558815087254096454216779
0.0002850439727018683395455556084385762006
0.0003165675660313427481652726047656187802
0.0003467276124012341775339207661232876490
0.0003742318914346975857604382653676111659
0.0003977372312662419461329332825982874056
0.0004159043334397249762346415735692062299
0.0004274637388425706172219442624538032760
0.0004312904345727064598162159292371597985
0.0004264910906757890681449685299497787128
0.0004124993310706059706192971869853636235
0.0003891815137259602088055931989885039002
0.0003569492422314501900958150226728093912
0.0003168792556872546259047473959924445808
0.0002708378098472819092354391123933510244
0.0002216095450805300002151271288042266860
0.0001730260831362695494745757018861809229
0.0001300940265636540862752290603765459309
0.0000991204335039119798292372998105292936
0.0000878306682902163559159558481326257606
0.0001054793472501325225440527155740255694
0.0001629481682312228154208694208548990900
0.0002728313921797375957330189510940954278
0.0004495029961929297495845658794166865846
0.0007091659363779801361279964133643716195
0.0010698786987850849358044902359665684344
0.0015515588242214350001707545700924129051
0.0021759598488303708886670850830569179379
0.0029666213956218490978289370474385577836
0.0039487894480733885804735194824388599955
0.0051493081327282476736262317729142523604
0.0065964797857596567040583401819731079740
0.0083198955041651426883797526556918455753
0.0103502351515205332638247526233499229420
0.0127190373772641737715183296586474170908
0.0154584429554918047905465172675576468464
0.0186009103897828119433821569828069186769
0.0221789078161933016219986569694810896181
0.0262245837541915556567762024542389553972
0.0307694184439857888746505665267250151373
0.0358438613914596401754941723538649966940
0.0414769565582794041969094678279361687601
0.0476959609073581147775655608711531385779
0.0545259603084514501980528677904658252373
0.0619894868648162844504412305468576960266
0.0701061427810975301699869532967568375170
0.0788922354629115751833978720242157578468
0.0883604282750190261896960919330012984574
0.0985194126360726535329703779098053928465
0.1093736040597877295921236395770392846316
0.1209228692373118668745846093770524021238
0.1331622856062074922167681734208599664271
0.1460819391584250170890157960457145236433
0.1596667628900244884082582075279788114130
0.1738964195153039904440106511174235492945
0.1887452302478609678093590673597645945847
0.2041821527643838951604493558988906443119
0.2201708089296123271871863380511058494449
0.2366695636304369521063506454083835706115
0.2536316550707882755411048947280505672097
0.2710053762916935227167414268478751182556
0.2887343070683852652713596853573108091950
0.3067575946136736897429386772273574024439
0.3250102813707829163547557982383295893669
0.3434236774580511908361302175762830302119
0.3619257738976855987012015702930511906743
0.3804416941994441803132076529436744749546
0.3988941795127371459095400041405810043216
0.4172041030612294587598398720729164779186
0.4352910094486874270636178607674082741141
0.4530736732576201020172845801425864920020
0.4704706724457640154568593970907386392355
0.4874009699958951613574242855975171551108
0.5037844994673286169728498862241394817829
0.5195427479096964562543803367589134722948
0.5345993313726675744135263812495395541191
0.5488805565674135245046727504814043641090
0.5623159647074641442898723653343040496111
0.5748388511062221262193361326353624463081
0.5863867564457945213973744102986529469490
0.5969019252142285791862263977236580103636
0.6063317269517525254229894926538690924644
0.6146290361758222076105084852315485477448
0.6217525690463158172249791277863550931215
0.6276671722645179585242658504284918308258
0.6323440630733649925332429120317101478577
0.6357610182295370115923560661030933260918
0.6379025104847996230361673042352776974440
0.6387597922273482442534486835938878357410
0.6383309258089568949401382269570603966713
0.6366207606277258790328232862520962953568
0.6336408589052378026451606274349614977837
0.6294093700473172292575441133521962910891
0.6239508560233459899535546355764381587505
0.6172960704626756500701389995811041444540
0.6094816934801888796968682981969323009253
0.6005500247494640619905226230912376195192
0.5905486398425323635308359371265396475792
0.5795300110491206080354231744422577321529
0.5675510992370450535915438194933813065290
0.5546729173553509584237986018706578761339
0.5409600739712526751290511128900106996298
0.5264802965512820343008115742122754454613
0.5113039426802714615405420772731304168701
0.4955035010445648646637550882587675005198
0.4791530872383649164447660950827412307262
0.4623279391927623271918434966210043057799
0.4451039156322246226338279484480153769255
0.4275570006617310792051966927829198539257
0.4097628208620648915250228583317948505282
0.3917961754953336872553393277485156431794
0.3737305855098469464792287908494472503662
0.3556378618432053384523783279291819781065
0.3375876995563495963637024033232592046261
0.3196472962075670443127251019177492707968
0.3018809995908785515084105099958833307028
0.2843499866483889526591610774630680680275
0.2671119716661395360191022518847603350878
0.2502209506908864011798243609518976882100
0.2337269792637699794557448740306426770985
0.2176759841349727442327832704904722049832
0.2021096117188184160262665045593166723847
0.1870651122562380641589641072641825303435
0.1725752580578997774640725992867373861372
0.1586682976851699344855717299651587381959
0.1453679454463383258211450765884364955127
0.1326934018947042992486728962830966338515
0.1206594089117765666863135720632271841168
0.1092763348457660849133432634516793768853
0.0985502887119976550556188499285781290382
0.0884832633696477771634292253111198078841
0.0790733025402489686506157795520266517997
0.0703146937564314289392797263644752092659
0.0621981817000211295587419613184465561062
0.0547112004991673825382569873454485787079
0.0478381238621758686502261070927488617599
0.0415605300164428800857585599715093849227
0.0358574767873555064201518405297974823043
0.0307057876875032748076321809094224590808
0.0260803445521036875165421520250674802810
0.0219543827705834769525861105421427055262
0.0182997908946968892984763499498512828723
0.0150874058770421766439984168073351611383
0.0122873073932219020049094737601080851164
0.0098691045104421885880707776550480048172
0.0078022150967745011046483583072586043272
0.0060561337404026090169839591226264019497
0.0046006862312817989324464917899604188278
0.0034062716090836665273899885875152904191
0.0024440858976998878701603068464009993477
0.0016863267493530287744613049838449114759
0.0011063808761861127199360721462539913773
0.0006789892488756254715354110373937146505
0.0003803900389937675606370770520214819044
0.0001884401730286056086439983037195133875
0.0000827139233959561803472687602223345493
0.0000445756794496743316753330221846596260
0.0000572337976681769320156344116323765547
0.0001057678575608234111020758416721321282
0.0001771349211239270403719925361940568109
0.0002601542379446053336079780482492651572
0.0003454711957309886268506493589569572578
0.0004255012437554661739076700133210806598
0.0004943562909599563725063231522938167473
0.0005477557461550608365261072485452586989
0.0005829209878890706866827464693869842449
0.0005984577639247045744222419649815947196
0.0005942294836620876400876123391014971276
0.0005712192615312216810788403797971568565
0.0005313880183217456389804800309661914071
0.0004775267537519933651324333112597742002
0.0004131059704970185602820875736540529033
0.0003421281476610183152481381441134544730
0.0002689784464149180646941328376442470471
0.0001982819321853268622942584320512082741
0.0001347654309309831324563411225625486622
0.0000831266264696228714169493057006832260
0.0000479137909753912777767806407958062209
0.0000334126462798600703954857160660196769
0.0000435473432440547356440073423211600812
0.0000817935030555316734852955296020127207
0.0001511013240427372525051530338657812536
0.0002538359457477978907771754002453690191
0.0003917302150095159068293737547605815053
0.0005658493382701790079536419142414160888
0.0007765724585176370575387294614699840167
0.0010235843121004827363518252525409479858
0.0013058829978688324489205507816791396181
0.0016217972185746277070245158213879221876
0.0019690157606699365024083281383582288981
0.0023446285589587166284242236713453166885
0.0027451750195327038854553602931218847516
0.0031667017658513919170504280486966308672
0.0036048280535089858959973962981848671916
0.0040548160739311226580250391293702705298
0.0045116449732514008960637674761073867558
0.0049700897997245127579724055522092385218
0.0054248025852561857981792847738233831478
0.0058703915968033948749593697868931485573
0.0063015037468628068081932802613209787523
0.0067129023432029553963840129426898784004
0.0070995437429280765229133720595200429671
0.0074566511343753380178234202446674316889
0.0077797813693212926680620178387925989227
0.0080648892085934467677255099715694086626
0.0083083829564844710602322663817176362500
0.0085071752771901827661071848751817015000
0.0086587256777838645521727656273469619919
0.0087610753446254550219629564367096463684
0.0088128745075130680841635211208995315246
0.0088134008415573731470837870460854901467
0.0087625687919340305986892758483008947223
0.0086609325728260605492536683414073195308
0.0085096779101956395580108605258828902151
0.0083106073587568603938668942987533228006
0.0080661161442896651962985998807198484428
0.0077791608541676240257123353671886434313
0.0074532211364428313168928319498718337854
0.0070922528590291597158645764409357070690
0.0067006362383637309287909289423623704351
0.0062831175189928646987458371597767836647
0.0058447456366892500817522559941608051304
0.0053908051262226393610110797283141437219
0.0049267446267991935396346470099615544314
0.0044581038726116918244346543076517264126
0.0039904385302208297131576486549420224037
0.0035292446383706453649775625081019825302
0.0030798838481760084338778593604502020753
0.0026475096655871419720762460769947210792
0.0022369967839317174938817966989290653146
0.0018528742502867468541077888843915388861
0.0014992619299468755780790907294885982992
0.0011798151732350214537098365141787326138
0.0008976735598481600008138880930630421062
0.0006554180662615749540858556265732204338
0.0004550370911875134733760861482920745402
0.0002978999565451179230672618114539318412
0.0001847405251226419539353762466760144889
0.0001156506599328332936292909605136003393
0.0000900827873161524949122136440848862549
0.0001068626564848118592641543211918531142
0.0001642132437690557711634092852293065334
0.0002597856507962337507117167589854034304
0.0003907012124084197090580217182065325687
0.0005536016538411691690138582977454007050
0.0007447057803261492026081214135047048330
0.0009598750926073984285000206817528578540
0.0011946822384264566083850178657144169847
0.0014444865527722195244764158417183352867
0.0017045113080088603041417627537157386541
0.0019699233183215537380805759681834388175
0.0022359127228814214445595798252952590701
0.0024977715371339924248228481218347951653
0.0027509706671261379036519389984505323810
0.0029912317817593738270010028656997747021
0.0032145947845249934517186662930043894448
0.0034174789897277379688289578041349159321
0.0035967359870492554736742807364180407603
0.0037496948296830145963554059562738984823
0.0038741970329824360237680469509768954595
0.0039686227695365696582774361900192161556
0.0040319053853357985500727167504919634666
0.0040635367127625828670423047128679172602
0.0040635607040964095634794084332952479599
0.0040325573527977588705883960074061178602
0.0039716169807277653530652727909000532236
0.0038823047433885495526018072354190735496
0.0037666168094447538203239922438569919905
0.0036269302073700382393894869892392307520
0.0034659451043557031220399000659426747006
0.0032866230158451826062759870694662822643
0.0030921218642613679597475062621469987789
0.0028857278360894956376059283797985699493
0.0026707874220507619479614280777468593442
0.0024506408182509396842529980631297803484
0.0022285565461365708893326509354437803268
0.0020076703693363028881135878833674723865
0.0017909293625888533883078190811488639156
0.0015810413148672930894883537078499102790
0.0013804317469745975167222384882848018606
0.0011912086710360370901684579081347692409
0.0010151352289739356410391835083828482311
0.0008536113181813354423149720062724554737
0.0007076646532153940943182801603938969492
0.0005779496726283639418397797271609306335
0.0004647556421916388064499714438682076434
0.0003680232351834655671676821420135183871
0.0002873669686876034919109645926482698997
0.0002221061190862494514469682727053623239
0.0001713002993605661108782178825293840418
0.0001337889196406516359796889936717434466
0.0001082356744271129077913234928232100174
0.0000931730683331233365887524833226507326
0.0000870493873400413070576600582661797034
0.0000882742979730011202623568555836186533
0.0000952633494942922704048701709744761956
0.0001064788839713370937386377468314435646
0.0001204679540391317906118662239833838612
0.0001358952621724895818214329246131910622
0.0001515703995957595718539062668028805092
0.0001664689771549632193049089723402289565
0.0001797483996155291178023483134040816367
0.0001907553335344047652430421457836473564
0.0001990287264215906512694609364899633874
0.0002042940545078497779560300351420210063
0.0002064545917270344086054401078200726261
0.0002055743418045041684232010492650033484
0.0002018584360702480170676742510238454997
0.0001956294427825877558450168303139093950
0.0001873003775061254797332233046347482741
0.0001773466449316663049850378852667631691
0.0001662767571303813717888131495925563286
0.0001546046452361205002842131639440026447
0.0001428226469638538232917457371229374985
0.0001313773385988925622522988101437135811
0.0001206497560164754322738905889522698089
0.0001109390756333983373092127999726130838
0.0001024516803500308281555525313777366136
0.0000952967668892235015643335516166700927
0.0000894861707321625827029135114010216512
0.0000849420692627056385295286622394428377
0.0000815091685688251803244483428834143979
0.0000789740039921138563218036554580692155
0.0000770874700410439993129851909969829649
0.0000755939132682703678273519742880637295
0.0000742622327784703289586462626736818038
0.0000729198564838506906515477878905073794
0.0000714880742753809479477986044138049238
0.0000700178327610156942635219468051843705
0.0000687224964187649377603261946489965339
0.0000680099567023706506711799857356481880
0.0000685085345833202940309808459673490688
0.0000710882039884586059644983047078881100
0.0000768757904701056161630989826960558275
0.0000872598634907761954099605916645998605
0.0001038887560642942663787641199846234485
0.0001286581379652185143803305722443042214
0.0001636871724845079386842505719812379539
0.0002112864232571487401336068900903342183
0.0002739125140759979325048856235724770158
0.0003541143281758563272389184195532152444
0.0004544685069366494233403241942426120659
0.0005775061003557002952540910811762842059
0.0007256329487425760725247125826342653454
0.0009010414048078407801486977568572456221
0.0011056199363188045671491099852801198722
0.0013408597691581824757484087129455474496
0.0016077607747515187605613640187129931292
0.0019067405811053995609571920510916243074
0.0022375485942627017753314699888278482831
0.0025991869373281060486002846943165422999
0.0029898425550293696202619475599249199149
0.0034068315903679645059720648703205370111
0.0038465611169156634259469473846593245980
0.0043045073435529299793467217227771470789
0.0047752152846723787404936700795587967150
0.0052523226561901918338359784854674217058
0.0057286059026610616773389494937873678282
0.0061960560632620346327437133027160598431
0.0066459795703828787247213760736030963017
0.0070691292217196725206074248148979677353
0.0074558644085125583972351037687076313887
0.0077963399460471592347654556931502156658
0.0080807240277611745021824063428539375309
0.0082994443585226156806511355057409673464
0.0084434602484652829246236649396450957283
0.0085045605849178289997736257532778836321
0.0084756833339446301101016700840773410164
0.0083512560219042523274035616509536339436
0.0081275522107062993237835968329818570055
0.0078030621272126539714197868136125180172
0.0073788720766002225542878889541498210747
0.0068590512954749003129983897508736845339
0.0062510381454592024025318508506643411238
0.0055660244629875954558428929885849356651
0.0048193326187406923186151708193847298389
0.0040307789122472660603424543523942702450
0.0032250217097506482348545642224735274795
0.0024318872330766926927181348361273194314
0.0016866695057036861903759783487544154923
0.0010304002890837659321687791447175186477
0.0005100842432075979992339709312432205479
0.0001788965320781210675913502905487462158
0.0000963386801889054556185393307643494154
0.0003283490635077157657369106846800832500
0.0009473669481740553798693182940837687056
0.0020323462800332860352103825363201394794
0.0036687176173653178803957253251155634644
0.0059482987677975393894791444893144216621
0.0089691497463077630297734188502545293886
0.0128353756421684464528176761177746811882
0.0176568753031585735924213764747037203051
0.0235490370558411668544529504742968128994
0.0306323827987757917046263145266493665986
0.0390321633850845214896985169161780504510
0.0488779048928206991120326563304843148217
0.0603029115174629828932673092367622302845
0.0734437262010710217863262982973537873477
0.0884395530842663063486597252449428196996
0.1054316458480639429051706201789784245193
0.1245626661320553552059209323488175868988
0.1459760157059158958148259443987626582384
0.1698151482581969906604513198544736951590
0.1962228649788511358753595459347707219422
0.2253405979716928686507060319854645058513
0.2573076891375924435401145728974370285869
0.2922606659852876598293391907645855098963
0.3303325232104834530133530279272235929966
0.3716520117941676804029782488214550539851
0.4163429426960552626191258696053409948945
0.4645235084856417229204339491843711584806
0.5163056285803747647022987621312495321035
0.5717943215804898171583658950112294405699
0.6310871090000805816444540141674224287271
0.6942734542738026037866916340135503560305
0.7614342410087568957521853008074685931206
0.8326412923387996878332728556415531784296
0.9079569355602005176208990633313078433275
0.9874336136801925567496596158889587968588
1.0711135462129595108393687041825614869595
1.1590284408479758493371036820462904870510
1.2511992573917070092903713884879834949970
1.3476360246950107590890866049448959529400
1.4483377113774940081469821961945854127407
1.5532921499865719461297430825652554631233
1.6624760152697088955164872459135949611664
1.7758548549094386181934623891720548272133
