0.0000673735475423598072306635708983435507
0.0000840642883355258114857697093746935479
0.0001405580243981319166993865232839766577
0.0002237047710497108666746757243970478157
0.0003225612504494535111819464301419202457
0.0004281824109322229700985706912774730881
0.0005334160629522699060070523024990052363
0.0006327067721539947385903102095028316398
0.0007219051603252779093777835583978230716
0.0007980885803357296330237669046425708075
0.0008593891322531987432553624017828042270
0.0009048342674834942067282894662128001073
0.0009341981506193519678785119886299526115
0.0009478641467593007605835220275025676528
0.0009466991061924545257030838563139241160
0.0009319396776140110270902905398315851926
0.0009050915313058283378361279503110381484
0.0008678388563278361224687107444708544790
0.0008219643812921618043071392278875464399
0.0007692843154232065043529598113991596620
0.0007115891612131975156249619196557887335
0.0006505978925400058166667038861419314344
0.0005879186122610491425227730033498119155
0.0005250212784378760271994379671411934396
0.0004632140840487153484947291381956802070
0.0004036309859823461530618782244772546619
0.0003472230350162419871065666576726016501
0.0002947568939487865452737935800797686170
0.0002468161870760354520588919502444014142
0.0002038094464774076164902127938916009953
0.0001659805238566036645567886020913306311
0.0001334198156580157566646060995907419056
0.0001060824100380131107014547442446428249
0.0000838021305563074725940297948767465641
0.0000663097566311421311507565135023867242
0.0000532521247186679131226452743597121753
0.0000442093497348849967130621219091324292
0.0000387133373576631334943287665595335056
0.0000362649882319487915083300322294235229
0.0000363491973771346021677280946349242186
0.0000384515492763171128683813426718529627
0.0000420706178753960113609472459827998136
0.0000467306092224362127252219878403849407
0.0000519918183540823996592605826805311153
0.0000574578235270450961963938085741432360
0.0000627833768343322103132678191350635188
0.0000676805923232848239638054232969466284
0.0000719185199361049918957700111121766895
0.0000753286897170823917290263804780181545
0.0000778011916730747603255721744908157689
0.0000792860307671361391875994306666086686
0.0000797874514908869541434180416850097117
0.0000793621533864552469858186234397123826
0.0000781099473221758027396618984106169137
0.0000761713394487628669450585139344411800
0.0000737161247229778328251409424964890604
0.0000709397902546271509269248944917762856
0.0000680503462825043941740107977800278150
0.0000652633774783595256227530789772117714
0.0000627921640879236460418624798940356868
0.0000608388880566224093818586404758264052
0.0000595876653213878168589660855314349419
0.0000591959928856766758910323833475786159
0.0000597890452309002287602408831634903663
0.0000614542117939720339671663684733005084
0.0000642357811884153306891676038503646851
0.0000681325136631727511053735479862325519
0.0000730959468781833276735532267665007566
0.0000790289468611149486425640486864097056
0.0000857891558227663668335580271495643956
0.0000931896080280125737628493798325735042
0.0001010058433531924021843775851614566363
0.0001089793629063962060064471581988243543
0.0001168278701894109915596087212463771721
0.0001242524925956445204424521966402039652
0.0001309494724301174561117283579037007257
0.0001366212182024639830782430927058612724
0.0001409893290077945883671806104331380993
0.0001438068056573626942330063060992983992
0.0001448724745798557380759702395423005328
0.0001440439908422774784556297245075029423
0.0001412519313465310179158546111111149912
0.0001365118224009620494837496940121468469
0.0001299364942480707310959453515408767998
0.0001217466318442461637675672259106818274
0.0001122800084247899072903073558471476190
0.0001019984120961225882925904606679523567
0.0000914922275439522514860202218045515110
0.0000814834160656374744324467740419493111
0.0000728245689624174014206378635627459062
0.0000664965163456088291862866590520297905
0.0000636009940509296652121420945213969844
0.0000653519991708151283451438962046609049
0.0000730621492932925716045147734867271083
0.0000881283234292595780241461045356743398
0.0001120118310769413510390515864578730998
0.0001462169009286640121349915011350617533
0.0001922676610990237035941907706160236557
0.0002516804222236857044997515586715053360
0.0003259363878714083089492559164312979192
0.0004164516114581573555560034538558511485
0.0005245470888259263142136545887694865087
0.0006514168311900903193464862361850009620
0.0007980985823658670250124735900953965029
0.0009654429208227100238023932199382670660
0.0011540852986098571169443216533068152785
0.0013644193059955255376697325075951994222
0.0015965727740793766477322979113750989200
0.0018503876599871205057418199757535148819
0.0021254028669058298676997065257410213235
0.0024208408601882778696245956950861000223
0.0027356007076306098485529716413111600559
0.0030682540004970349986623823212994466303
0.0034170475616168969647257203092749477946
0.0037799108909756995097750653656021313509
0.0041544688623896776011323872523917088984
0.0045380610587609027453681598274215502897
0.0049277650806082819515130388765555835562
0.0053204263190664846661093179136514663696
0.0057126914603086477451032720864532166161
0.0061010473550376078874513119387756887591
0.0064818636031066037550552039192552911118
0.0068514376522340828673529600223446323071
0.0072060438606043678011481290468509541824
0.0075419836985453512709365320176857494516
0.0078556371115288924078523535854401416145
0.0081435147075464443117143176209538069088
0.0084023085944386361606506241628267162014
0.0086289425678042156603320123053890711162
0.0088206202458628972518095423538397881202
0.0089748685188769175558043400542374001816
0.0090895797509677571379693716835390659980
0.0091630470401925373513662975710758473724
0.0091939955619677257714350560036109527573
0.0091816078459176254933371552624521427788
0.0091255425617629264828378765628258406650
0.0090259468571652241852820708345461753197
0.0088834611223495580506481772431470744777
0.0086992179781675820632314000135920650791
0.0084748323983931325709129112055961741135
0.0082123864307214952673596997101412853226
0.0079144055762066043563374151403877476696
0.0075838296753066459371384055998532858212
0.0072239775901735466673292407335793541279
0.0068385042021553484742346640246069000568
0.0064313574820314299215762154915410064859
0.0060067239684588004042242737057222257135
0.0055689785830044516087844463925193849718
0.0051226250033752761953165233421714219730
0.0046722397093289201597254844955386943184
0.0042224104172416329627814945979480398819
0.0037776782089733985069146537938422625302
0.0033424792819118920306209474802017211914
0.0029210864113309044885757881360177634633
0.0025175575739949350440038955412092036568
0.0021356840368635231913740923914701852482
0.0017789434746085675681515070323257532436
0.0014504600502699815239848746273310098331
0.0011529663424572334212009350196126433730
0.0008887747628590858496241966513196075539
0.0006597523033374131252309924278165453870
0.0004673035728525576208182423787462766995
0.0003123594048648925427906497542807073842
0.0001953739968501366850838624200648041551
0.0001163249710401004260095988995793447884
0.0000747260398145499477430900303609462298
0.0000696383671027689323158871292918092877
0.0000996954986895559586808010510416977468
0.0001631278980821093563344931220981948172
0.0002577952414822703855815100304482712090
0.0003812229273631828445345615108408310334
0.0005306429021086955842914645309349452873
0.0007030349114022271849247514019509708305
0.0008951740230239835357725630693437324226
0.0011036775941007449016589836432444826642
0.0013250522568815626366089954757399027585
0.0015557447670054359075558769731628672162
0.0017921883244081727483421051516643274226
0.0020308508551114103427015500358265853720
0.0022682814634360681967095718647442481597
0.0025011492017579682253791695245581649942
0.0027262877244013596252092401783784225699
0.0029407308885884475210814592571750836214
0.0031417433753521350169035653010496389470
0.0033268539412126328473628955606500312570
0.0034938728183313118649810924409848666983
0.0036409197800856673427061238612623128574
0.0037664330837783666430795825874611182371
0.0038691803702926106517390181238624791149
0.0039482673218664389794274605094415164785
0.0040031320298311353494957742782389686909
0.0040335471252793556398708041399459034437
0.0040396069957822789558976595003514376003
0.0040217172500232574797185414183786633657
0.0039805762986016186844029363101071794517
0.0039171576227102636660881707086900860304
0.0038326831072565425463649635418050820590
0.0037286009175661405726232011659249110380
0.0036065566647076963482931866167291445890
0.0034683601524866957722947891085141236545
0.0033159589987700856597574450290721870260
0.0031514043677195501327870097441063990118
0.0029768192357806809097975353495257877512
0.0027943639362570139861308149420437985100
0.0026062100590318239973219860416975279804
0.0024145049655299290550236612773460365133
0.0022213438832663712566017899519010825315
0.0020287457869484627585865421650623829919
0.0018386211558819099461808965756404177228
0.0016527588605660524945922817963150919240
0.0014727976624394046277488623530871336698
0.0013002130144258927050421315030348523578
0.0011363034406365103180791553683093297877
0.0009821760411801961580119391115317739605
0.0008387443393094429471695816502574416518
0.0007067157354921250068252591702844256361
0.0005866008599803507672296176700399428228
0.0004787060588098768026087126425949236364
0.0003831423359303443043101522480498033474
0.0002998346961162212686614891854475217770
0.0002285295117382446549239571886857902427
0.0001688094015855767663150666102467312157
0.0001201085595489814723075758240433685842
0.0000817292328894581011043685148109716465
0.0000528608035590849594702669844714648661
0.0000325983334749935249347735366498568510
0.0000199676575774532236227758186242198235
0.0000139418407680125256542904080281353174
0.0000134641401514556944461970325321864550
0.0000174732454994597235673967072777656995
0.0000249178117352499827201386256581017165
0.0000347848162684982734516210556297011181
0.0000461072172092968923535344361042120909
0.0000579926910921102522263742562458332941
0.0000696341484876228367355971426988503481
0.0000803217795282051887301513759531701453
0.0000894573005844279069056351749722466593
0.0000965653179913772430082580244814494108
0.0001012932992462367521799282421568477730
0.0001034233078948432226536885414347466394
0.0001028689617251643545351239006357957351
0.0000996752461487915319450492379615980099
0.0000940162290743984364015106702794355442
0.0000861883431612398031359395522699173853
0.0000766017165099697173134829508711618473
0.0000657709029125186394378749232814129755
0.0000543002346704213315260224848035619516
0.0000428736876267521430290165229681775827
0.0000322357595007360917568721425663369473
0.0000231718506623224145988745870106129132
0.0000165014062843482631269369231841182000
0.0000130458486325579769304515084793472113
0.0000136201876303942979361477974564742510
0.0000190094255655992571145320585435101179
0.0000299530213609955353604163974523544312
0.0000471254823005295991498672658615021192
0.0000711243729377741872380025434097206016
0.0001024464183930717765466655855277622322
0.0001414837482954567403434925632055296774
0.0001885075091202281837108462037022604818
0.0002436579154097273647566063159430882479
0.0003069390430404439268005645224945965310
0.0003782129615836282644954213782995111615
0.0004571948630259470530527721177094235827
0.0005434574079980336982001465351288516104
0.0006364294108670520656520497304597938637
0.0007354041929070831516007666905920814315
0.0008395448665367411357832172491555411398
0.0009478928295204269412546627116000763635
0.0010593840237709884529587744950163141766
0.0011728606805093732060041311626719107153
0.0012870891881220103154098710618313816667
0.0014007732263382167373771958196471132396
0.0015125777801208073383015806356866050919
0.0016211483422029714616952045247444402776
0.0017251277037814815706190385569129830401
0.0018231844183384993043212096708316494187
0.0019140260568973844687579166645718942164
0.0019964273925516095448129405554027471226
0.0020692443076523402666067052990683805547
0.0021314384008125843335268445599695041892
0.0021820927194801244090871517045115979272
0.0022204281351760357145208590878837640048
0.0022458187142897403226760033589926024433
0.0022578032015261582411691509975071312510
0.0022560976481324247766568902306971722282
0.0022405969725231501994688887435813740012
0.0022113868888646239126150039311369255302
0.0021687420208962747067427123681682132883
0.0021131224576406994718202891903047202504
0.0020451744470837240723326555524863579194
0.0019657199052829101536266076521997092641
0.0018757475436267157832548324591925847926
0.0017763992489668112631506780019208235899
0.0016689548900492212277213432969347195467
0.0015548165010887515357501653667782193224
0.0014354848622421200431131804720052969060
0.0013125398113819385700201669564535222889
0.0011876159631137284643231932790286009549
0.0010623795002990732341124902049500633439
0.0009385018755178009498482682992914760689
0.0008176331483302590012740562741555550019
0.0007013796488605095061710792414544357598
0.0005912753374978762643116025898848420184
0.0004887609588156749439516457478305255790
0.0003951592812097715220163995919477883945
0.0003116537837482269684280522525909873366
0.0002392720230611189414192396807123941471
0.0001788670423473348472607341586027018820
0.0001311058033358136819084005519897573322
0.0000964573550041336624273624611447530697
0.0000751855322742045494889551182637887905
0.0000673456984350195901828720068671429999
0.0000727841523233507776491704732713117210
0.0000911408413207226409356864760269445469
0.0001218574474941647118935925120375429742
0.0001641859329482286955752962098742386843
0.0002172021395782053289000290696719730477
0.0002798218112092598435468315809515615911
0.0003508219558633385347715116786559974571
0.0004288581512359712893250884846452208876
0.0005124913589549607087492155699237628141
0.0006002110280725503777682350303734892805
0.0006904612376276730335844522556953961612
0.0007816698874228933347982350987592781166
0.0008722719676591594905115667479833518883
0.0009607373920547246501019933440090881049
0.0010455980650084485076428686411986745952
0.0011254706296391957590086185803102125647
0.0011990785209979293833570945793098871945
0.0012652743110948706101170913029818620998
0.0013230562272712376083866336884398151597
0.0013715813877246318865793517360884834488
0.0014101805807796808853171732778264413355
0.0014383645792116794056431094972481332661
0.0014558291109266008681033532923265738646
0.0014624562976656818157755735043679123919
0.0014583125790803563859299174509942531586
0.0014436422749655975720367573345015443920
0.0014188594282700250914786010980606079102
0.0013845341748650952587440521313055796782
0.0013413794317013838074820197832082158129
0.0012902333822597711505963946621022842010
0.0012320382636493577410002897565277635294
0.0011678216501204020504739444774600087840
0.0010986732294240653465267065769239707151
0.0010257220931771371917606838763958876370
0.0009501142242113047456722463302014602959
0.0008729893897541530101841233957316035230
0.0007954601296567886730901064673560085794
0.0007185898571679416070578927389078671695
0.0006433762695636602128856917914845325868
0.0005707328582607118592356920672159503738
0.0005014748162312088327827175326945052802
0.0004363077874393184304654957905711398780
0.0003758189354493168972924654891443196902
0.0003204705690480125408227396466287473231
0.0002705973794677163347076331856300157597
0.0002264066641482997922427133907774532418
0.0001879810984135588114440906792879104614
0.0001552845293526416894230868237514187058
0.0001281697530973957500823739996675953989
0.0001063892411355027472130360677304850014
0.0000896074015948755702885494822673706494
0.0000774140875881101870941911058388029687
0.0000693398619755214451216424054180720304
0.0000648714816683337814826049161354148964
0.0000634673954038333942590660585736372923
0.0000645740166001473859212766992499155094
0.0000676403789001511730272567235466851798
0.0000721325184116494710906408727169036865
0.0000775463787771712959690992295058720174
0.0000834184423246853222304320052415960163
0.0000893359936448234694030684499566064005
0.0000949436944507198182655396956342030990
0.0000999486051064479798147072164837823038
0.0001041231622883742597004616547984312547
0.0001073057131868182534090855329012015318
0.0001093985188636992239444648000734616744
0.0001103648273863910785107592116283115047
0.0001102223533877832995202944443846604372
0.0001090368203426095338511719878837880060
0.0001069131160649305862858290949723993890
0.0001039869948751714928041403607217318950
0.0001004140344465298480313222850845988887
0.0000963609291536471351683271202581693160
0.0000919954421544844015874720088987714917
0.0000874774846134584961251934309700573067
0.0000829515250823220634665208783609102738
0.0000785405529953919811017581942280685325
0.0000743410502188623922847909852862358093
0.0000704204498376270748849492520093917847
0.0000668173026365082007140341890938373126
0.0000635427430599833038609922097883497827
0.0000605847791214131323775209103654759701
0.0000579152529814308514831411311973852207
0.0000554981538444110361488550986486245620
0.0000533007482476932647769835016404726957
0.0000513052928784674136205613825811866491
0.0000495238627135563549909631764212036842
0.0000480114055247327089982929682054901832
0.0000468817449794300947414106561783597726
0.0000463214633938946462876629084348678589
0.0000466042949435774311352231880078988979
0.0000481027770315023412003516134483049882
0.0000512990118063072454094447616412821844
0.0000567919006930139860724222888865853065
0.0000653018067481525522812585426990494852
0.0000776708902197498245916287840096003947
0.0000948591952571575775616727344008438649
0.0001179366862158559521372644396386419885
0.0001480693905300256574264494702219963074
0.0001865010100196684669944524603835134258
0.0002345291289098838563142307434006283984
0.0002934765553173690542758389465660684436
0.0003646572890545485279290005564689636230
0.0004493380992104789432330103071677740445
0.0005486970517076627910924013775684215943
0.0006637768721985537597948812127413020789
0.0007954375227799204486900386257275386015
0.0009443067099264368727262741742833895842
0.0011107296115351772847895661655570620496
0.0012947201786995066533081377713187976042
0.0014959143890747128666923737583260844985
0.0017135273017377982210374121052609552862
0.0019463145602688315324857448729289899347
0.0021925420923426487337937196286929975031
0.0024499625741919574088700795044815095025
0.0027158031699664065411470303956775751431
0.0029867635469787499717664314147214099648
0.0032590278119677407175913685932755470276
0.0035282898779895790347671535869267245289
0.0037897952388616573324298109071150975069
0.0040383990378592216421993477126761717955
0.0042686419294874159563457638455474807415
0.0044748443331045703597048657229606760666
0.0046512201994791980974586209640619927086
0.0047920095870429687753833114527424186235
0.0048916311497666951565999049478250526590
0.0049448538999679672589770973445411073044
0.0049469873604189732244074129141608864302
0.0048940906189122298716731584988792747026
0.0047831983811978777410001129055672208779
0.0046125620448095360284779253845499624731
0.0043819062570295838968115198497343953932
0.0040926973355600183152036564138143148739
0.0037484224790998153277465920751865269267
0.0033548768395407079119519000443006007117
0.0029204567454844719900930449796305765631
0.0024564552221247024955952387159641148173
0.0019773583738140134043181905809660747764
0.0015011390427649472581461687070714106085
0.0010495435149170616838387726232895147405
0.0006483708324525139319455258046787093917
0.0003277381345446173078160556624283117344
0.0001223324474405273988228404213884914498
0.0000716424643804458566699946975298018970
0.0002201697744869335283870309671883092051
0.0006176151094332026948718894487910802127
0.0013190375021262922689002650145084771793
0.0023849835020451591593992901607634848915
0.0038815839446401413648235489972648792900
0.0058806161333946962987972995051677571610
0.0084595298448475377689481646825697680470
0.0117014350015909943114600366698141442612
0.0156950495704646884875810286530395387672
0.0205346076716106280823925800405049812980
0.0263197257757332193917054752319018007256
0.0331552279173548195001508531731815310195
0.0411509290099427715858837473206222057343
0.0504213771416521447377157016944693168625
0.0610855555306346817423523987145017599687
0.0732665446225128358381795123932533897460
0.0870911468655634068980475603893864899874
0.1026894745989256618745599780595512129366
0.1201945037931091003757799740014888811857
0.1397415962417137003104272707787458784878
0.1614679917871914838212177301102201454341
0.1855122747696032192710191566220601089299
0.2120138164741803277202336630580248311162
0.2411121979426474049024164969523553736508
0.2729466157667608250392277113860473036766
0.3076552751491742343503688061900902539492
0.3453747732328921737909865896654082462192
0.3862394772594962000233920207392657175660
0.4303809006027925487813945437665097415447
0.4779270812834767179211326038057450205088
0.5290019658826394799433501248131506145000
0.5837248039001228239186502833035774528980
0.6422095548954439570010777060815598815680
0.7045643129018753780812289733148645609617
0.7708907514907359370681660948321223258972
0.8412835924733191861335512840014416724443
0.9158301017561610857242726524418685585260
0.9946096149591064916606342194427270442247
1.0776930958236079494128034639288671314716
1.1651427296917296061451452260371297597885
1.2570115545577673632493542754673399031162
1.3533431311273549368934254744090139865875
1.4541712544916347571444248387706466019154
