0.0001033533705033029488672483009459313053
0.0001434168323680484800983908622029616708
0.0002661597981667984669229554128833115101
0.0004434929908565088505119355932748703708
0.0006520131092587355290876582891712587298
0.0008726185626594861952098902690977411112
0.0010901149140093745800589308814210198761
0.0012928156075003550355001502580876149295
0.0014721438409074493348233092504528940481
0.0016222407250926806129148749491264425160
0.0017395845772979878079977922311627480667
0.0018226261216194661676781585413209541002
0.0018714430444934304024334759120051785430
0.0018874174464851823339317515859647755860
0.0018729389460501266826547572819094966690
0.0018311351727820035593247149918738614360
0.0017656312768234716254617255870584813238
0.0016803392540461281959296435672968073050
0.0015792769791808324540693941884228479466
0.0014664168052129689014811964042905856331
0.0013455624606477111816771330410347218276
0.0012202529977469200352102607354254359961
0.0010936920338443468711520090153044293402
0.0009686995029086897931666633176917002856
0.0008476845049170922104589398493601493101
0.0007326353815970598672840941034678508004
0.0006251252374873228056378904327061718504
0.0005263297073938133074227918584142571490
0.0004370542609520189250398025659904988061
0.0003577685884194003974531628209376776795
0.0002886455925399200421466172628015556256
0.0002296026306614695820622340516337089866
0.0001803433385220820747880943191177038898
0.0001403985638893434694050160738143517847
0.0001091642969920858454065115683562225968
0.0000859368939781468522357693595736805037
0.0000699437258789803407640905952291632275
0.0000603698078269765403547353344038128853
0.0000563798939887671934911850257776677608
0.0000571361825354355071693475409677631660
0.0000618125410343406438617649967248723897
0.0000696051411621123627439244874182122658
0.0000797406005191181348938991857444591460
0.0000914821109964325475307628243726298933
0.0001041345752216127357051358992556799876
0.0001170491172790999483870402753105111060
0.0001296276003867635772705269037174957703
0.0001413279579693238593909171418872006143
0.0001516702104841538588982791102566238806
0.0001602435534844204225585206913251568039
0.0001667145608991571611914167538870401586
0.0001708359961072147923267366964594771162
0.0001724562634600790332964348472444271465
0.0001715283386895460828076853676549262673
0.0001681181502141715377630915018158930252
0.0001624111562947749744928449544545401295
0.0001547163855205724433336533785166011512
0.0001454673801207117980575922455699355851
0.0001352186162843960117591057823460687359
0.0001246374896884461301420354839564197391
0.0001144905068137891341944686884879445188
0.0001056240044152278984663714811453871789
0.0000989387518492534895992937538089506688
0.0000953587222109231224306119534261938497
0.0000957948486584303527096445618482789541
0.0001011037026184258269794619122805556799
0.0001120430471150779500955421696950509158
0.0001292250955719165207615656276729509955
0.0001530694368149987307382159373858598883
0.0001837574203732206311410340981993272180
0.0002211905967660321404525541888475004271
0.0002649548767165210748711356991691445728
0.0003142941087301575914941809131164518476
0.0003680941936330750312821036285271247834
0.0004248816106461638969667149456910237859
0.0004828380682820654140260940856421711942
0.0005398336239575929297249134997116470913
0.0005934806640425183089579408424185658077
0.0006412099784019443214633238170563345193
0.0006803703120056070257834490710990849038
0.0007083524816316710522381971948391310434
0.0007227376676140639553611033640834193648
0.0007214700616282865557743475548591050028
0.0007030525809910504256294849767527921358
0.0006667642641693927695045740478008156060
0.0006128967199122570133976162232158912957
0.0005430070172612300703762766573845510720
0.0004601834827867090703217012315207057327
0.0003693200323900214048465640015450617284
0.0002773947250283903325981937904032292863
0.0001937474101224090426535962006227009624
0.0001303509868154861751823186954979405527
0.0001020705912043062851173383376313097415
0.0001269050164117846565478564535567329585
0.0002262042773177697183462769858763863340
0.0004248576224128264126889131802045085351
0.0007514462406509281279173850798258627037
0.0012383552773900952798102892415954556782
0.0019218401637608639904997165359645805438
0.0028420428601613691339811129665804401156
0.0040429539741873550887096833150735619711
0.0055723177162330019690505977791872282978
0.0074814769689869912647206540157185372664
0.0098251574189517753427081103723139676731
0.0126611894024302711753149353057779080700
0.0160501680724191055082972212630920694210
0.0200550530215327788008394804819545242935
0.0247407092110631145198684777142261737026
0.0301733925391599287768595871739307767712
0.0364201837550933785192519565043767215684
0.0435483756193495441522145483759231865406
0.0516248189203325213991746522879111580551
0.0607152337223531360366202136447100201622
0.0708834926838687040540065709137707017362
0.0821908842681418200237786209072510246187
0.0946953636874782178622922401700634509325
0.1084507999920795856541033685971342492849
0.1235062280798252531965886191755998879671
0.1399051141834561640120426773137296549976
0.1576846438033723540872443891203147359192
0.1768750406517982376453090864742989651859
0.1974989250696559395237272838130593299866
0.2195707201025439980757170133074396289885
0.2430961129107397089565978376413113437593
0.2680715786240984721544577951135579496622
0.2944839732749490179841700410179328173399
0.3223102016150032333996477973414584994316
0.3515169648475211516824856516905128955841
0.3820605926300081889301907267508795484900
0.4138869625200679580601104134984780102968
0.4469315095551579797295005391788436099887
0.4811193271590386011382634023902937769890
0.5163653602231461636762333000660873949528
0.5525746896660937990120032736740540713072
0.5896429072955216010853973784833215177059
0.6274565785329516698354268555704038590193
0.6658937898964570889503988837532233446836
0.7048247770577386051016333112784195691347
0.7441126287407212602786898969497997313738
0.7836140606888385429229515466431621462107
0.8231802534650634051160977833205834031105
0.8626577471266573260422205748909618705511
0.9018893853233285184956002922262996435165
0.9407153007800946875605063723924104124308
0.9789739339820471286657266318798065185547
1.0165030763657654233611538074910640716553
1.0531409292373925534747058918583206832409
1.0887271694759321771783788790344260632992
1.1231040130990006531419567181728780269623
1.1561172677614566239867599506396800279617
1.1876173654729029749432811513543128967285
1.2174603669457817467502991348737850785255
1.2455089294311307845930514304200187325478
1.2716332300715249559175390459131449460983
1.2957118374545693040289506825502030551434
1.3176325243719104740591774316271767020226
1.3372930154404027991432712951791472733021
1.3546016638468423298746756699983961880207
1.3694780520429978842855689435964450240135
1.3818535120425350370965134061407297849655
1.3916715615226948887794833353837020695210
1.3988882527899777485913546115625649690628
1.4034724323856431205115313787246122956276
1.4054059098226496793415662978077307343483
1.4046835347742370192491989655536599457264
1.4013131827360143510929901822237297892570
1.3953156499440995119698527560103684663773
1.3867244590968197393010541418334469199181
1.3755855780463774884481154003879055380821
1.3619570543850363364413169620092958211899
1.3459085694783059494739063666202127933502
1.3275209160110095218954029405722394585609
1.3068854038520312244031629234086722135544
1.2841031993922553677833775509498082101345
1.2592846040343983471387900863192044198513
1.2325482780359440226902734139002859592438
1.2040204160387333320869629460503347218037
1.1738338812055337800899224021122790873051
1.1421273048882969458617253621923737227917
1.1090441591427615541931572806788608431816
1.0747318093610427336415114041301421821117
1.0393405545516523069693448633188381791115
1.0030226626355351893238321281387470662594
0.9659314082535792600481272529577836394310
0.9282201202961366526267283916240558028221
0.8900412464360946129815488347958307713270
0.8515454415150032208003949563135392963886
0.8128806865171417372906148557376582175493
0.7741914444693732688662635155196767300367
0.7356178593421306421973326905572321265936
0.6972950034841974842336753681593108922243
0.6593521787836738035082362330285832285881
0.6219122762348735511395148023439105600119
0.5850911979971852305837387575593311339617
0.5489973455931212997782608908892143517733
0.5137311772399146825307525432435795664787
0.4793848366605480970648045513371471315622
0.4460418551838211120852406565973069518805
0.4137769282643463109039316805137787014246
0.3826557668731296324438062583794817328453
0.3527350236080712964081840254948474466801
0.3240622926699343042677980974985985085368
0.2966761822360171607648737790441373363137
0.2706064571699159926332356462808093056083
0.2458742491960068665690641864784993231297
0.2224923314274529217993148222376476041973
0.2004654531567093278532354361232137307525
0.1797907306197528420899089951490168459713
0.1604580887693063950827365715667838230729
0.1424507487154188511979668874118942767382
0.1257457550865831996667054681893205270171
0.1103145371800180324362017358907905872911
0.0961234975819524051221520721810520626605
0.0831346216015119987563508630046271719038
0.0713061007647811662124581744137685745955
0.0605929635982981190656104786285141017288
0.0509477067321297619195696881888579810038
0.0423209196243127319658761109621991636232
0.0346618961557368793213740332248562481254
0.0279192266957198863275291245145126595162
0.0220413643854065026406185978657958912663
0.0169771598341027368794797780537919607013
0.0126763587971812346361089041124614595901
0.0090900578094122233552276668433478334919
0.0061711135199673796888908405833262804663
0.0038745017042443484142633103317621134920
0.0021576229500265766032829350962174430606
0.0009805524411119659507207746429457984050
0.0003062320730016399213113675870090446551
0.0001006039388633883587030951045626636642
0.0003326848724420194817509577323022540440
0.0009745825674808817175656661113691825449
0.0020014546368109266405443946723607950844
0.0033914125988155864252493465471616218565
0.0051253736453436716385967386599986639339
0.0071868636137361182822380634149794786936
0.0095617755310161717946515480548441701103
0.0122380882899961827142698567172374168877
0.0152055510342951460261984308885985228699
0.0184553389829481967465696357066917698830
0.0219796870009453040872848816889018053189
0.0257715075562584862434167831679587834515
0.0298239998309488101024822270801450940780
0.0341302570307341832100966882990178419277
0.0386828789407456172244614833743980852887
0.0434735966572534077156930720775562804192
0.0484929163908461718923703642758482601494
0.0537297888637351325757940401217638282105
0.0591713105697588212517068484430637909099
0.0648024625572812540408307313555269502103
0.0706058921187543014896803583724249619991
0.0765617417700014818437992403232783544809
0.0826475295933430942341146874241530895233
0.0888380838524610028095196412323275581002
0.0951055343100888489482613863401638809592
0.1014193614910069429768668669566977769136
0.1077465044639827757011474318460386712104
0.1140515265405506878382269064786669332534
0.1202968376164504221703666075882210861892
0.1264429706827051858031296660556108690798
0.1324489092696540248894621072395239025354
0.1382724616959686569916954113068641163409
0.1438706771293908615039214282660395838320
0.1492002976826215798755725927549065090716
0.1542182401631334021097075037687318399549
0.1588821004559412830570153118969756178558
0.1631506729701089064565877606582944281399
0.1669844773056255171628237121694837696850
0.1703462839000858541904648291165358386934
0.1732016304543737561516536516137421131134
0.1755193206962607499477257988473866134882
0.1772718973221472649193231063691200688481
0.1784360812085648007041527307592332363129
0.1789931692382338845881406541593605652452
0.1789293837176998414051354302500840276480
0.1782361669359443234750273177269264124334
0.1769104151703238259063510895430226810277
0.1749546472144716258156904586940072476864
0.1723771035947794794118692607298726215959
0.1691917734788638827403417508321581408381
0.1654183473821350114363326611055526882410
0.1610820950147177910150020352375577203929
0.1562136686311097755197607739319209940732
0.1508488333344715215389442164450883865356
0.1450281271862382814763492433485225774348
0.1387964547649080393476594963431125506759
0.1322026191370387349088844075595261529088
0.1252987980700673298350977802328998222947
0.1181399713017916019985875664133345708251
0.1107833064596752820074598844257707241923
0.1032875119998000745802357869251864030957
0.0957121660777481009230172048773965798318
0.0881170306962249516580243380303727462888
0.0805613608689744048474423721017956268042
0.0731032186096446240375357206175976898521
0.0657988015635556922067195273484685458243
0.0587017960324753632073147002756741130725
0.0518627636902649763461781162732222583145
0.0453285709371617009932897701673937262967
0.0391418691521491085572037604833894874901
0.0333406334030549172942059499291644897312
0.0279577662510833296893864030607801396400
0.0230207723335528503805225142286872141995
0.0185515082993005543665621104310048394836
0.0145660115139665882755259929126623319462
0.0110744097147891101817762660175503697246
0.0080809125525395583689025613693956984207
0.0055838846412274460370706030687415477587
0.0035759984808289234890776864261852097115
0.0020444643551336041248367436651278694626
0.0009713330728231995159910328041519278486
0.0003338663354558324284152015515303446591
0.0001049683929686118222506657771120330835
0.0002536717389814224592713143291433652848
0.0007456687955378349386137415422126650810
0.0015438807694310341563082022986463925918
0.0026090544234822665888018367041922829230
0.0039003770759913083086833918144975541509
0.0053760998902934618512428066594566189451
0.0069941596182834242512171840644441545010
0.0087127888908508227538973756054474506527
0.0104911056548428315710053126963430258911
0.0122896726626570192836274131309437507298
0.0140710186280412676701478957852486928459
0.0158001133925818500192139737237084773369
0.0174447903368373929966494984000746626407
0.0189761103103799760871694957131694536656
0.0203686623880635041261566442472030757926
0.0216007980043030657635316771347788744606
0.0226547961981426841659992277300261775963
0.0235169589433303558023702350965322693810
0.0241776368514693106026580693423966295086
0.0246311866941192197932863905407430138439
0.0248758634551281519742271797213106765412
0.0249136506969355499274687559818630688824
0.0247500341081390191899647135187478852458
0.0243937240088791355840935892729248735122
0.0238563334105369138915531124212066060863
0.0231520189044677332512733869407384190708
0.0222970921544907267619617385889796423726
0.0213096101713942248645494714764936361462
0.0202089527057654101682704350650965352543
0.0190153951358090628209751571375818457454
0.0177496850956967745782666412424077861942
0.0164326307983630112707906789637490874156
0.0150847085098456540341871345844992902130
0.0137256961031143546320132386995283013675
0.0123743388297949327703229016606201184914
0.0110480526424280873359906607333869033027
0.0097626694681670934949924145485056214966
0.0085322278298388277290031922461821523029
0.0073688111406649435194959885109255992575
0.0062824349536901276727651755038550618337
0.0052809833381500404653197122684105124790
0.0043701935106846166376182161172891937895
0.0035536868345853898573660778481553279562
0.0028330433536549915092550566697582326015
0.0022079161434383730300279324865186936222
0.0016761810621111817611039729314370561042
0.0012341167732601476987597255430273435195
0.0008766094784368760363391093193285996676
0.0005973763726034508544926460160695569357
0.0003892017233750433399981638604714362373
0.0002441792386057706340171669090466366470
0.0001539546867851093704063908385037962034
0.0001099628025634480333553449904471221998
0.0001036529558460674876234700048094339309
0.0001266985427118250096770873946994129255
0.0001711856414562973349204055839578586529
0.0002297772199902325929686541794438880970
0.0002958499193588881646770072375574045509
0.0003636012705715163813822987659563068519
0.0004281260974577793957177029859906269849
0.0004854616826034785352118883228200729718
0.0005326021907531508720393120803748843173
0.0005674835966824076129155773884349400760
0.0005889412525940063104432087293105269055
0.0005966427636707560648587911344975509564
0.0005909996553530038904816779066209164739
0.0005730615648051350964620187511400217772
0.0005443973494871290818783449161344378808
0.0005069675217906333651585182309418087243
0.0004629926746680457293019184117355280250
0.0004148225270552163856420391230273025940
0.0003648100420751365863605841788341876963
0.0003151948794056646943953503559043838322
0.0002679999068345839804625163615980909526
0.0002249442183462058142667111537704727198
0.0001873752916821214229564640518788110057
0.0001562224062199924000220174757913582653
0.0001319726993518433120350374920803915302
0.0001146704038465706847150712976990405423
0.0001039391244068621538093957767934227832
0.0000990262239797257137752239941619336605
0.0000988676090006634976457139396543993826
0.0001021705653837390320596081871862281787
0.0001075116561378486378184465843688144560
0.0001134460979666318476742972731763359207
0.0001186247510882854061791541466774901892
0.0001219142767752767818160986035280757278
0.0001225161258002227548415119517954963158
0.0001200796187560282396325841980377902019
0.0001148047562314147225547358854846891063
0.0001075303071094868572919397986531464539
0.0000998032539975834975549268124339619135
0.0000939259810742676349779034516984665970
0.0000929781949670704997538972502724163860
0.0001008112709187614043290781573602998833
0.0001220132816676144970127748656807398220
0.0001618440015522448684626849457757202799
0.0002261398039930284686090805612579401895
0.0003211893882859939513239877495465179891
0.0004535820587511807410775743765185552547
0.0006300311966149329655911826009173637431
0.0008571763075785465832087672843897507846
0.0011413678950002469937585747317143614055
0.0014884399444320983198208896425285274745
0.0019034755445389705142550385019717396062
0.0023905714876409954808278435223201086046
0.0029526082009650434466452306736528043984
0.0035910314071070457281331655963185767177
0.0043056521551531282826497104565532936249
0.0050944716640021247069936016771407594206
0.0059535372904706649471728852063279191498
0.0068768355299373062558543345801354007563
0.0078562275358914496203865951429179403931
0.0088814319343527084460454545933316694573
0.0099400590839934296200075536376061791088
0.0110177000144264704978303015536766906735
0.0120980724194049132219630493523254699539
0.0131632250688232151081269449832689133473
0.0141938009724113193416039635508241190109
0.0151693585619170172307246247100920299999
0.0160687491204943716516240215241850819439
0.0168705475762177502241367932356297387742
0.0175535328010830576905831890144327189773
0.0180972125325725916034080853478371864185
0.0184823871810833734175005815814074594527
0.0186917459184580553310794925891968887299
0.0187104877390957546889893592378939501941
0.0185269595772622509832761039660908863880
0.0181333030910317376249718535063948365860
0.0175261013294891292157995366096656653099
0.0167070163273485769450665827662305673584
0.0156834085536736202171059773036176920868
0.0144689292294058000770684557778622547630
0.0130840767129522025230548010199527197983
0.0115567084747360479535238653170381439850
0.0099225006610153612673919099052000092342
0.0082253478074239792794397629904779023491
0.0065176959388859763422363613472043653019
0.0048608030819871040836832598586170206545
0.0033249220728253270525087703646249792655
0.0019894014626431035311360240314115799265
0.0009427012914021392882626959597303084593
0.0002823215567351500428217025984167776187
0.0001146421926283469665481043464616561778
0.0005546744396642022982210629145072289248
0.0017257245319309345073927053348938898125
0.0037589716139719798679297291243983636377
0.0067929627975306687212575518231005844427
0.0109730291704717691086967690239362127613
0.0164506274692420434435646825477306265384
0.0233826128653815794311565667840113746934
0.0319304490967491153008417370529059553519
0.0422593627477060515551521291399694746360
0.0545374490504184281092214803265960654244
0.0689347370074996357303120930737350136042
0.0856222219725659844380416529929789248854
0.1047708740917657199709367432660656049848
0.1265506311129826200190251483945758081973
0.1511293841527119874434959001519018784165
0.1786719649376528051831769516866188496351
0.2093391429005198867141501750666066072881
0.2432866402986322007517827614719863049686
0.2806641731875652023830980397178791463375
0.3216145257423880798874904485273873433471
0.3662726649408338808200369385303929448128
0.4147649021382773248944886290701106190681
0.4672081075075494305259837801713729277253
0.5237089827173700973261816216108854860067
0.5843633966096634102527218601608183234930
0.6492557879575957535678298881975933909416
0.7184586387506413096559754194458946585655
0.7920320207425851632976332439284306019545
0.8700232173337831831361199874663725495338
0.9524664221883289982883979973848909139633
1.0393825153112559167567496842821128666401
1.1307789166790853663258076267084106802940
1.2266495168913358337903218853170983493328
1.3269746837213360901586156614939682185650
1.4317213428969881583441292605130001902580
1.5408431309045531598655998095637187361717
1.6542806171523471991946507841930724680424
1.7719615923791229850081663244054652750492
1.8938014198117429920387166930595412850380
2.0197034452297613071891646541189402341843
2.1495594617971498507813521428033709526062
2.2832502252760114025420534744625911116600
2.4206460150341722048494830232812091708183
