1.2862706462998623191396063702995888888836
1.2128666031803105873621007049223408102989
1.1409881375966814953670791510376147925854
1.0707391012685216757915895868791267275810
1.0022187561571309633023929563933052122593
0.9355214216154553730220300167275127023458
0.8707361807553823940253323598881252110004
0.8079466449609291611722028392250649631023
0.7472307730259967195607373469101730734110
0.6886607390545745888132955769833642989397
0.6323028411179130170438611457939259707928
0.5782174407822285866487277417036239057779
0.5264589220655917500835130340419709682465
0.4770756571904832821218178651179186999798
0.4301099657147450794347776081849588081241
0.3855980532808336858074937936180504038930
0.3435699163641920406142560295847943052649
0.3040492000816674145191598199744476005435
0.2670529973915914401239035669277654960752
0.2325915799545085482780137908775941468775
0.2006680535904251105883133732277201488614
0.1712779347195351742350055701535893604159
0.1444086484480535670371637024800293147564
0.1200389540316011138809670910632121376693
0.0981383092575672522084317961343913339078
0.0786661916794675480923970667390676680952
0.0615714013729050796408515111579617951065
0.0467913766539617831385911017605394590646
0.0342515605845124734840645430722361197695
0.0238648616262846086089055575030215550214
0.0155312559738512365181684060644329292700
0.0091375813820177547580625443401913798880
0.0045575722254960916030031015111489978153
0.0016521826937958518019544662536191026447
0.0002702391814354943131055997174172489395
0.0002494539882676294188269816576308812728
0.0014178205357614182772346689276332654117
0.0035953957903377808252853853332453581970
0.0065964590344654364106879995688359485939
0.0102320183630330192869895000740143586881
0.0143126182515067902623062678912901901640
0.0186513843406009988123983589503041002899
0.0230672263188533080424669208241539308801
0.0273881075436987857230075604775265674107
0.0314542817487944298404656251477717887610
0.0351213935612024533150510308132652426139
0.0382633410321607872472959854803775670007
0.0407748050469878553503377816014108248055
0.0425733620345246158156449212128791259602
0.0436011122415349214320734461125539382920
0.0438257749731276527449530533431243384257
0.0432412234786277924203368172584305284545
0.0418674541962460039501436881437257397920
0.0397500065083381745600910051052778726444
0.0369588686884517944597483563029527431354
0.0335869222437569087125197597742953803390
0.0297479895616032941063622274668887257576
0.0255745581930139666282375543460148037411
0.0212152591649012733920898199357907287776
0.0168321766997875967020181775524179101922
0.0125980632248895267621957572146129678003
0.0086935273885447462288711406586116936523
0.0053042549382778811720151601605266478145
0.0026183136409916895649685475433443571092
0.0008235848313603933226745290596682025352
0.0001053562247615724711564261228957661842
0.0006441037374761293546679419286249412835
0.0026134842895009979465981153623488353333
0.0061785567476867388897465716013357450720
0.0114942439813738063458803395633367472328
0.0187040449381888941593476971547715947963
0.0279390013034372733380372721967432880774
0.0393169182820709978143369767167314421386
0.0529418332042702055595384535990888252854
0.0689037190597956844539950793659954797477
0.0872784030377715125403881302190711721778
0.1081276732325548717295049527820083312690
0.1314995405604812983568763229413889348507
0.1574286183534320260335448438127059489489
0.1859365797379522178278676847185124643147
0.2170326532793598883763763751630904152989
0.2507141206884024309253788942442042753100
0.2869667865999587785807989348541013896465
0.3257653990991237202834440722654107958078
0.3670740100571041608645828091539442539215
0.4108462755266508170670647359656868502498
0.4570257072939814535494917890900978818536
0.5055458961649205162913744970865081995726
0.5563307346788238794133008013886865228415
0.6092946709921709391721833526389673352242
0.6643430262597860291862161830067634582520
0.7213724049189470521881162312638480216265
0.7802712211926707830400573584483936429024
0.8409203565117612244605993510049302130938
0.9031939523065856123551498058077413588762
0.9669603317600383718399825738742947578430
1.0320830336959685435971323386183939874172
1.0984219327520561293454193219076842069626
1.1658344131373261642892202871735207736492
1.2341765591131079737863274203846231102943
1.3033043241103279274994974912260659039021
1.3730746420315806943790448713116347789764
1.4433464484890479173628818898578174412251
1.5139815859528460428862217668211087584496
1.5848455743862128741739070392213761806488
1.6558082371934015331049749875091947615147
1.7267441805072412108756907400675117969513
1.7975331313643312380889938140171580016613
1.8680601466648014685745238239178434014320
1.9382157096546601682263144539319910109043
2.0078957338280640776417840243084356188774
2.0770014956150375518006967467954382300377
2.1454395171299243116891375393606722354889
2.2131214188364971562350547173991799354553
2.2799637595426611724747090192977339029312
2.3458878780066281244387482729507610201836
2.4108197469501746468267810996621847152710
2.4746898467372240304484876105561852455139
2.5374330626385299680691787216346710920334
2.5989886066644061202168813906610012054443
2.6592999625263638030503443587804213166237
2.7183148504587895111228590394603088498116
2.7759852073943225292396164149977266788483
2.8322671773133634154362425761064514517784
2.8871211064060919859741716209100559353828
2.9405115379118131890834320074645802378654
2.9924072020315684028446412412449717521667
3.0427809970547281537278649921063333749771
3.0916099587039314045000537589658051729202
3.1388752156069070764488060376606881618500
3.1845619296851004342840951721882447600365
3.2286592210567772731621971615822985768318
3.2711600777519920235647532535949721932411
3.3120612511093803220774134388193488121033
3.3513631381576520773535321495728567242622
3.3890696525820884765778373548528179526329
3.4251880860436081377429218264296650886536
3.4597289616689903546387085953028872609138
3.4927058814831597466366019943961873650551
3.5241353694259429651935988658806309103966
3.5540367114085307242987710196757689118385
3.5824317936349441282573025091551244258881
3.6093449401653403540990439068991690874100
3.6348027504442126378592092805774882435799
3.6588339372749127953454717498971149325371
3.6814691655058915387144224951043725013733
3.7027408915139972123142797499895095825195
3.7226832034339945032286323112202808260918
3.7413316619968020049213919264730066061020
3.7587231418040887298559482587734237313271
3.7748956728835332263827240240061655640602
3.7898882824341297848036447248887270689011
3.8037408367794198760236668022116646170616
3.8164938836909776398442772915586829185486
3.8281884954154952183102977869566529989243
3.8388661129263912386022639111615717411041
3.8485683921136599749956985760945826768875
3.8573370528115344946229470224352553486824
3.8652137317319654741254453256260603666306
3.8722398405109261787515606556553393602371
3.8784564301751851544963756168726831674576
3.8839040633908119559691840549930930137634
3.8886226958548189003295192378573119640350
3.8926515681345703612237230117898434400558
3.8960291091429812837532153935171663761139
3.8987928522636692285630033438792452216148
3.9009793649112172175819068797864019870758
3.9026241920348945235730298009002581238747
3.9037618137575522681004258629400283098221
3.9044256169963613700701898778788745403290
3.9046478805507138787334042717702686786652
3.9044597727793695085551917145494371652603
3.9038913606384157972684079140890389680862
3.9029716285283662102756352396681904792786
3.9017285051176990862131788162514567375183
3.9001888960840669362539756548358127474785
3.8983787205543540821395254170056432485580
3.8963229489403250482837393064983189105988
3.8940456398625751255337945622159168124199
3.8915699739351463648517892579548060894012
3.8889182823446257764032907289220020174980
3.8861120683960814758961532788816839456558
3.8831720205053996686217487877001985907555
3.8801180154807957123352935013826936483383
3.8769691113418058847628344665281474590302
3.8737435293537783032036259101005271077156
3.8704586253926023253768562426557764410973
3.8671308511785311701203227130463346838951
3.8637757063115838462863393942825496196747
3.8604076823874144963610888225957751274109
3.8570402007568334035170209972420707345009
3.8536855457032732630295868148095905780792
3.8503547949424090646175500296521931886673
3.8470577493930484536122094141319394111633
3.8438028641293096043796140293125063180923
3.8405971823046245461341641203034669160843
3.8374462736476959712206280528334900736809
3.8343541788797752545292496506590396165848
3.8313233611064179129357398778665810823441
3.8283546649104640557936818368034437298775
3.8254472835332187230505951447412371635437
3.8225987341940776964577253238530829548836
3.8198048412804199713832531415391713380814
3.8170597268535955137735982134472578763962
3.8143558076740817774918923532823100686073
3.8116837977587634256337878468912094831467
3.8090327153507250734776334866182878613472
3.8063898931104982459316943277372047305107
3.8037409903265166910557582014007493853569
3.8010700059895743407878399011678993701935
3.7983592916762463076452149834949523210526
3.7955895633330665184246299759251996874809
3.7927399112394577507245685410453006625175
3.7897878076438886729704336175927892327309
3.7867091118068536559349013259634375572205
3.7834780724362393478088506526546552777290
3.7800673277579219799804377544205635786057
3.7764479037191192034583764325361698865891
3.7725892110661414236005839484278112649918
3.7684590422663912789857931784354150295258
3.7640235694495487450694781728088855743408
3.7592473447205954073524480918422341346741
3.7540933043425024351336105610243976116180
3.7485227783955088476375294703757390379906
3.7424955075893238110040783794829621911049
3.7359696689326464813518668961478397250175
3.7289019119485296016591746592894196510315
3.7212474070648071666767009446630254387856
3.7129599077058883516144760505994781851768
3.7039918274673597764490295958239585161209
3.6942943335712090657807493698783218860626
3.6838174575803521726413691794732585549355
3.6725102241021572169188402767758816480637
3.6603207979371252811517933878349140286446
3.6471966498378431964511037222109735012054
3.6330847407416859695672428642865270376205
3.6179317240362007801479649060638621449471
3.6016841651155679926432640058919787406921
3.5842887771975004973512568540172651410103
3.5656926720986388268386235722573474049568
3.5458436244189495134548906207783147692680
3.5246903473660502470465871738269925117493
3.5021827782635113202047705271979793906212
3.4782723716348447062784998706774786114693
3.4529123976394964223857186880195513367653
3.4260582435590163363769988791318610310555
3.3976677159913082348907664709258824586868
3.3677013414067964447440317599102854728699
3.3361226627522473364706456777639687061310
3.3028985298535298298361340130213648080826
3.2679993814662822160244104452431201934814
3.2313995169508609173192326124990358948708
3.1930773557035583287699864740716293454170
3.1530156826570032713163982407422736287117
3.1112018783671171462401616736315190792084
3.0676281324292333785308528604218736290932
3.0222916392096328408456429315265268087387
2.9751947751370351191724239470204338431358
2.9263452570688901488438204978592693805695
2.8757562815240702569496988871833309531212
2.8234466448529924598176421568496152758598
2.7694408446914966503982213907875120639801
2.7137691633091645115882784011773765087128
2.6564677337095883302708898554556071758270
2.5975785895595691066262133972486481070518
2.5371497002090066530399781186133623123169
2.4752349922035539186992991744773462414742
2.4118943587796555227953376743244007229805
2.3471936588582762439614270988386124372482
2.2812047070122072334186213993234559893608
2.2140052557671983102238755236612632870674
2.1456789714049855355426643654936924576759
2.0763154041652969183928689744789153337479
2.0060099533937552074291943426942452788353
1.9348638277557115294769118918338790535927
1.8629840001362827361930385450250469148159
1.7904831562783869447486040371586568653584
1.7174796355796402291815638818661682307720
1.6440973617805414441761513444362208247185
1.5704657605357317251559834403451532125473
1.4967196600720884536173116430290974676609
1.4229991703065800745520164127810858190060
1.3494495349276782736325230871443636715412
1.2762209500437560194541219971142709255219
1.2034683420821106203391082090092822909355
1.1313510966982773808808815374504774808884
1.0600327295557567808259591402020305395126
0.9896804889979670116773036170343402773142
0.9204648799129327985113491195079404860735
0.8525590975524051096101629809709265828133
0.7861383598026531194236099508998449891806
0.7213791265099644967051517596701160073280
0.6584581950543046957591286627575755119324
0.5975516625569877726675827034341637045145
0.5388337470122817052242680802009999752045
0.4824754623457724322932449467771220952272
0.4286431459931665521878585423110052943230
0.3774968420853510586709944618633016943932
0.3291885486931031001844871752837207168341
0.2838603437340608270922359679389046505094
0.2416424109108439299831161406473256647587
0.2026509941963020311472831735954969190061
0.1669863166007055366168998489229124970734
0.1347305058856150539181584235848276875913
0.1059455761203385582014391275151865556836
0.0806715190886872907105598073940200265497
0.0589245631347858067616840571645298041403
0.0406956587138103398348931705186259932816
0.0259492493885568817346687353619927307591
0.0146223840862671258106209037919143156614
0.0066242210224258133918762148084624641342
0.0018359658711811688205223225267559428175
0.0001112767166495931537000679822924098517
0.0012771563880854097227518506585397517483
0.0051353394402534301155238694036597735249
0.0114641668160344652876991844436815881636
0.0200209267661812934102627536958607379347
0.0305446265214029122336825139427674002945
0.0427591461400745331822292882861802354455
0.0563767144630525351978178605349967256188
0.0711016376632757352016511731562786735594
0.0866342038394824209834865769153111614287
0.1026746826973635312585386714090418536216
0.1189273376608260823772411640675272792578
0.1351043687036664331380109160818392410874
0.1509297076065722886806241831436636857688
0.1661425929237783927217009249943657778203
0.1805008593397926797141650467892759479582
0.1937838848663048507692252542256028391421
0.2057951490641332925601858505615382455289
0.2163643657243316253957488015657872892916
0.2253491638286387876988214884477201849222
0.2326363007734613130850220841239206492901
0.2381424015037868768818185571944923140109
0.2418142261480002441764725062967045232654
0.2436284768052356108913869547905051149428
0.2435911612406354287418963622258161194623
0.2417365373256663008127986813633469864726
0.2381256671586080009284103198297088965774
0.2328446139207558107653284196203458122909
0.2260023177684914175156194460214464925230
0.2177281894924991689777016290463507175446
0.2081694623970886670605295876157470047474
0.1974883440198558770539705164992483332753
0.1858590099590101685222975902433972805738
0.1734644824186951650446530948102008551359
0.1604934361862271896548293170781107619405
0.1471369747459640719977613798619131557643
0.1335854192341986435010880995832849293947
0.1200251530064670307806906635050836484879
0.1066355647864122013768195529337390325963
0.0935861336966061357900414918731257785112
0.0810336998574071598611112676735501736403
0.0691199646475907231168989142133796121925
0.0579692648617119304921274647313111927360
0.0476866647162399459602966089732944965363
0.0383564086662649822434545399119087960571
0.0300407758737337923782284576645906781778
0.0227793736984040207094182051150710321963
0.0165889023208736913206351459848519880325
0.0114634153954739342190505269059030979406
0.0073750921542826341700815895308096514782
0.0042755247445919897925081798462088045198
0.0020975107383452008640023489505210818606
0.0007573250224945482066835067413990145724
0.0001574282896431888933205106573254283830
0.0001895514157885891479843332163568447868
0.0007380774752699315521473066858959555248
0.0016836263976323807139978683267145243008
0.0029067329482160620714170651268659639754
0.0042914974273530860984782187017572141485
0.0057290816202179104671410314608692715410
0.0071209207181842692005457884363295306684
0.0083815261198428771954871407956488837954
0.0094407644108073091038235702399106230587
0.0102455145785714848288838751955154293682
0.0107606283504154912750161443568686081562
0.0109691466789365501405262293133091588970
0.0108717576462494178168860514688276452944
0.0104855161068419140690810564819912542589
0.0098418812677574154385018445623245497700
0.0089841631952815286660252169781415432226
0.0079645009362791525237001977188810997177
0.0068405213140757181386475416218218015274
0.0056718469311843522015492702337269292912
0.0045166327231323495985937377383834245848
0.0034283116365040776016281931504181557102
0.0024527211815135395965581377453190725646
0.0016257637119123202317644283354525214236
0.0009717252716955071274035349304654118896
0.0005023420476651186197813991896055085817
0.0002166619189584562241070869736958570684
0.0001017035944540278845447250910538627977
0.0001338703905025351379842052379487427061
0.0002810322947380950028492541115099356830
0.0005051516241694064971237687622362955153
0.0007652965304534698311525464653470862686
0.0010208649463905583847783686834986838221
0.0012348305313405294296458247771397509496
0.0013768223718193973049289668963979238470
0.0014258615309290156511479175094336824259
0.0013725990264832654049603766210907451750
0.0012209298578903515775095911521930247545
0.0009888942656148546912070473879907694936
0.0007088179182186849381502868894244784315
0.0004266844941468051085296797619861308704
0.0002007746615379168932027237337578640108
0.0000996422720344414199243956997698035138
0.0001995295775219707503245897273203013356
0.0005813472694441168282103449271858153224
0.0013273608784358126733843308286964202125
0.0025177325238258420336823206753251724876
0.0042270663758823753819449109414563281462
0.0065210983431117910610885779476575407898
0.0094536565312416786371896293417194101494
0.0130640005028209490317570029560556577053
0.0173746258255536023540344103821553289890
0.0223895973657147057123140143630735110492
0.0280934517330433917992049686063182889484
0.0344506873802480281798743533272499917075
0.0414058410519586028719629666738910600543
0.0488841321295379396816294104155531385913
0.0567926422726461391232710695931018562987
0.0650219866338031110553075109237397555262
0.0734484246093703302404875898901082109660
0.0819363522554288625787677347034332342446
0.0903411146953057575537116008490556851029
0.0985120746201116059825864113008719868958
0.1062958717989173768048161150545638520271
0.1135398081817578092023168778723629657179
0.1200952931672410323171718005141883622855
0.1258212839826556017630565520448726601899
0.1305876566918735270927953706632251851261
0.1342784441931180738905027283180970698595
0.1367948788368976709151070281222928315401
0.1380581791791123114077066702520824037492
0.1380120230673058667747454819618724286556
0.1366246530043644380469913812703453004360
0.1338905647256984077220209883307688869536
0.1298317363012824465773320525840972550213
0.1244983629360163074339951094771095085889
0.1179690719599598286437824867789458949119
0.1103506032038978207365786943228158634156
0.1017769518230745573461604180920403450727
0.0924079833883330731270078217676200438291
0.0824275443223960041505549156681809108704
0.0720411040534972291204951488907681778073
0.0614729780982637141750757336922106333077
0.0509631931268837296000739911505661439151
0.0407640653526317522925559444502141559497
0.0311365718640862799981849917685394757427
0.0223466003069884254494947839475571527146
0.0146611653113349442445478842955708387308
0.0083446800391093530618880080851340608206
0.0036553681131970394008190439194549981039
0.0008418950913031375245590415268281958561
0.0001402897948538273000928383593688408837
0.0017712145968839098243013951972102404397
0.0059376307173152785209846449276938074036
0.0128228902939004456296157030692484113388
0.0225892721469705647086012589852543896995
0.0353769634342862571152465989143820479512
0.0513034754435836709562934743189543951303
0.0704634692117362126939639210831956006587
0.0929289559618458188561263000337930861861
0.1187498288972039933719671012113394681364
0.1479546769083425472590676008621812798083
0.1805518273073748736212706944570527411997
0.2165305637448008690970624456895166076720
0.2558624667956517217959344634437002241611
0.2985028280144494949865929811494424939156
0.3443920931923850070610626517009222880006
0.3934572966641829427913990002707578241825
0.4456134553832780675897140554297948256135
0.5007648986696657811279465022380463778973
0.5588065166588280785475717493682168424129
0.6196249171919973042221840842103119939566
0.6830994869363857802113670913968235254288
0.7491033576996767306965807620144914835691
0.8175042830933840765084141821716912090778
0.8881654338507749546494096648530103266239
0.9609461222253504741885876683227252215147
1.0357024670428487400641870408435352146626
1.1122880112517528061744087608531117439270
1.1905543033356376092513073672307655215263
1.2703514528581441034305044013308361172676
1.3515286688462888609052470201277174055576
1.4339347878359545163107213738840073347092
1.5174187963316601024388319274294190108776
1.6018303503065149939743605500552803277969
1.6870202922996575534142493779654614627361
1.7728411647524993099978019017726182937622
1.8591477165491303580324711219873279333115
1.9457973983529499584221866825828328728676
2.0326508413056583179923109128139913082123
2.1195723130109489495964680827455595135689
2.2064301444702185683865991450147703289986
2.2930971217685600649360821989830583333969
2.3794508368009146259680619550636038184166
2.4653739921451474081948163075139746069908
