-2.4999588582685330351296215667389333248138
-2.4913088582574678397918432892765849828720
-2.4824517568016508661798980028834193944931
-2.4734206045450495281556868576444685459137
-2.4642486302601964709424464672338217496872
-2.4549691566580973400846232834737747907639
-2.4456155151219092225289841735502704977989
-2.4362209595164125985888858849648386240005
-2.4268185794056860160594624176155775785446
-2.4174412128298929935965588811086490750313
-2.4081213589407699515732019790448248386383
-2.3988910907110723158552900713402777910233
-2.3897819679604905829251038085203617811203
-2.3808249509716694625183208700036630034447
-2.3720503149490554939404773904243484139442
-2.3634875654873255257371056359261274337769
-2.3551653554278253466236492386087775230408
-2.3471114032220610212675637740176171064377
-2.3393524131378664598912564542843028903008
-2.3319139975004183895634923828765749931335
-2.3248206012017287314108671125723049044609
-2.3180954287051083184678645920939743518829
-2.3117603738418175396418519085273146629333
-2.3058359524783549332482834870461374521255
-2.3003412383983059541492366406600922346115
-2.2952938025417011225215446756919845938683
-2.2907096558096671223836438002763316035271
-2.2866031955630354843833629274740815162659
-2.2829871561261545487298008083598688244820
-2.2798725633277534541321074357256293296814
-2.2772686933087342708859068807214498519897
-2.2751830357092082124381704488769173622131
-2.2736212614083779470774970832280814647675
-2.2725871948823819224116959958337247371674
-2.2720827913668175668249205045867711305618
-2.2721081188400820138895142008550465106964
-2.2726613449699861746466922340914607048035
-2.2737387290822708152404629800003021955490
-2.2753346192225811783771405316656455397606
-2.2774414542943195449709037347929552197456
-2.2800497714206415800219929224113002419472
-2.2831482184431965976045830757357180118561
-2.2867235716213785146067039022454991936684
-2.2907607585030906882650469924556091427803
-2.2952428859587921117224595946026965975761
-2.3001512733548219458157291228417307138443
-2.3054654907415872422404845565324649214745
-2.3111634021467604149790986411971971392632
-2.3172212137493461980852771375793963670731
-2.3236135268923536756346948095597326755524
-2.3303133959305513123183573043206706643105
-2.3372923906184284170706177974352613091469
-2.3445206630798782754254716564901173114777
-2.3519670191692632066349233355140313506126
-2.3595989940094650449964319705031812191010
-2.3673829316631826991113030089763924479485
-2.3752840686653815538420531083829700946808
-2.3832666213088775641892880230443552136421
-2.3912938764556757043067136692116037011147
-2.3993282856770528077561266400152817368507
-2.4073315625414801743886528129223734140396
-2.4152647827824584858547041221754625439644
-2.4230884871642830447058258869219571352005
-2.4307627868166408191541449923533946275711
-2.4382474707298080751627367135370150208473
-2.4455021152763927183571013301843777298927
-2.4524861953862764352152225910685956478119
-2.4591591972192530235474805522244423627853
-2.4654807319801022025274050974985584616661
-2.4714106507138886570373870199546217918396
-2.4769091596844394764787011808948591351509
-2.4819369361939922491444576735375449061394
-2.4864552444676566445025400753365829586983
-2.4904260513387903586135507794097065925598
-2.4938121415448164519546025985619053244591
-2.4965772322007122596687622717581689357758
-2.4986860863353994588464956905227154493332
-2.5001046250578724539082031697034835815430
-2.5008000382064157207651078351773321628571
-2.5007408930927677026545552507741376757622
-2.4998972411622664147046180005418136715889
-2.4982407222464244611614958557765930891037
-2.4957446661064555115672192187048494815826
-2.4923841911308484142750785395037382841110
-2.4881362997980231988037758128484711050987
-2.4829799706799020597713933966588228940964
-2.4768962468104889218523112504044547677040
-2.4698683201408018206279848527628928422928
-2.4618816117636583840067032724618911743164
-2.4529238478678587753734063880983740091324
-2.4429851310124468533047092932974919676781
-2.4320580066400760976819128700299188494682
-2.4201375246138758789982148300623521208763
-2.4072212955213219132133417588192969560623
-2.3933095416734411209347399562830105423927
-2.3784051425499295184806669567478820681572
-2.3625136745691817097281273163389414548874
-2.3456434450504644040336188481887802481651
-2.3278055202165641723865974199725314974785
-2.3090137471296476867621549899922683835030
-2.2892847694654157031379781983559951186180
-2.2686380370118666149892305838875472545624
-2.2470958088332140256682123435894027352333
-2.2246831500177735030376879876712337136269
-2.2014279219997945347131462767720222473145
-2.1773607663536584944097285188036039471626
-2.1525150820995868627960589947178959846497
-2.1269269964703725328547534445533528923988
-2.1006353291694450646787117875646799802780
-2.0736815501706278297433527768589556217194
-2.0461097310057358988899522955762222409248
-2.0179664896672044882564023282611742615700
-1.9893009292120962250294269324513152241707
-1.9601645700569938490787080809241160750389
-1.9306112761147977696651878432021476328373
-1.9006971749302514762547389182145707309246
-1.8704805717913928209128471280564554035664
-1.8400218581242162585454025247599929571152
-1.8093834142396869602009701338829472661018
-1.7786295065010870874999682200723327696323
-1.7478261793377103394675486924825236201286
-1.7170411420204823027546581215574406087399
-1.6863436505974538359708958523697219789028
-1.6558043850756565262827280093915760517120
-1.6254953222003276636087321094237267971039
-1.5954896038945554082033595477696508169174
-1.5658614018407219781181538564851507544518
-1.5366857782074496707735988820786587893963
-1.5080385429773113248330673741293139755726
-1.4799961080662022983034376011346466839314
-1.4526353385782502236622804048238322138786
-1.4260334013258271212976069364231079816818
-1.4002676112118359608160744755878113210201
-1.3754152754420814197544586932053789496422
-1.3515535361237911438081482629058882594109
-1.3287592115165696160516972668119706213474
-1.3071086360874786258534641092410311102867
-1.2866775000017955932207769365049898624420
-1.2675406880954269706052173205534927546978
-1.2497721188105372913668134060571901500225
-1.2334445833711658035980462955194525420666
-1.2186295856493558620314843210508115589619
-1.2053971827591447585348305437946692109108
-1.1938158271720122893810867026331834495068
-1.1839522101666526410213009512517601251602
-1.1758711074252956585439733316889032721519
-1.1696352267469172225844431523000821471214
-1.1653050584146880108704635858885012567043
-1.1629387284241290423381087748566642403603
-1.1625918549335692020463284279685467481613
-1.1643174083127982854080073593650013208389
-1.1681655749338708538687114923959597945213
-1.1741836251720649819674235914135351777077
-1.1824157857962385165251362195704132318497
-1.1929031170439783338110828481148928403854
-1.2056833948741860762510214044596068561077
-1.2207909981325237858129639789694920182228
-1.2382568015984152243191829256829805672169
-1.2581080744689263628544040329870767891407
-1.2803683851350582401096289686392992734909
-1.3050575119219089970101776998490095138550
-1.3321913604044006707027847369317896664143
-1.3617818873036326987602251392672769725323
-1.3938370312642585080453727641724981367588
-1.4283606504955925764477342454483732581139
-1.4653524677325497904689655115362256765366
-1.5048080223233788466075111500686034560204
-1.5467186299302988494730470847571268677711
-1.5910713496220061369257336991722695529461
-1.6378489587097384561076296449755318462849
-1.6870299353253579432987407926702871918678
-1.7385884487580047785826309336698614060879
-1.7924943577641316849735630967188626527786
-1.8487132166173236846873351169051602482796
-1.9072062893497436775191999913658946752548
-1.9679305716388335589783764589810743927956
-2.0308388209820451564269205846358090639114
-2.0958795945278452244053823960712179541588
-2.1629972948758289241766306076897308230400
-2.2321322237180676317791494511766359210014
-2.3032206433099746689663334109354764223099
-2.3761948455009287428651987283956259489059
-2.4509832284669199609083989344071596860886
-2.5275103807740868511189091805135831236839
-2.6056971729798608095052259159274399280548
-2.6854608561934223409650712710572406649590
-2.7667151678844899009845903492532670497894
-2.8493704444329348568487603188259527087212
-2.9333337404098118739170786284375935792923
-3.0185089543088152730376805266132578253746
-3.1047969605562832917655669007217511534691
-3.1920957476371309979867874062620103359222
-3.2803005619561913519532936334144324064255
-3.3693040572076693450753737124614417552948
-3.4589964492500313575362724805017933249474
-3.5492656758602088018506037769839167594910
-3.6399975612470480967886032885871827602386
-3.7310759851489390115375499590300023555756
-3.8223830560716556270506316650426015257835
-3.9137992883931591592272525303997099399567
-4.0052037829490370057783366064541041851044
-4.0964744111885238453396596014499664306641
-4.1874880018662068437151901889592409133911
-4.2781205307356779954375269880983978509903
-4.3682473121092337819959539046976715326309
-4.4577431928508977065916951687540858983994
-4.5464827475222771013818601204548031091690
-4.6343404752548620351149111229460686445236
-4.7211909971121972517948961467482149600983
-4.8069092544958476054262064280919730663300
-4.8913707074244880956825909379404038190842
-4.9744515330224823301819014886859804391861
-5.0560288234070362989314162405207753181458
-5.1359807830734913736137059458997100591660
-5.2141869248874499476187338586896657943726
-5.2905282648744513807059774990193545818329
-5.3648875152508477270885123289190232753754
-5.4371492754536516756047603848855942487717
-5.5072002206245311839438727474771440029144
-5.5749292876243679017989052226766943931580
-5.6402278579820839254921338579151779413223
-5.7029899375974721920101728755980730056763
-5.7631123328326054888748330995440483093262
-5.8204948229968263007094719796441495418549
-5.8750403282255181380833164439536631107330
-5.9266550736583534231272096803877502679825
-5.9752487484083518509692112274933606386185
-6.0207346601659272877782314026262611150742
-6.0630298840722778308531815127935260534286
-6.1020554069203161162704418529756367206573
-6.1377362655485399045574013143777847290039
-6.1700016791967504659055521187838166952133
-6.1987851765591877040151302935555577278137
-6.2240247159615593730563887220341712236404
-6.2456627999383069749228525324724614620209
-6.2636465828052765303368687455076724290848
-6.2779279718978964197617642639670521020889
-6.2884637219964938381622232554946094751358
-6.2952155228318682489430102577898651361465
-6.2981500795799441050348832504823803901672
-6.2972391862353322977696734596975147724152
-6.2924597916765492300328332930803298950195
-6.2837940586879508231277213781140744686127
-6.2712294150783565171991540410090237855911
-6.2547585979673296918690539314411580562592
-6.2343796898631742564589330868329852819443
-6.2100961477555758349922143679577857255936
-6.1819168240862962804271774075459688901901
-6.1498559804398755801457809866406023502350
-6.1139332931988743524698293185792863368988
-6.0741738517224437288177796290256083011627
-6.0306081487274285635180604003835469484329
-5.9832720628532687356937458389438688755035
-5.9322068336509667929590250423643738031387
-5.8774590287576300440264276403468102216721
-5.8190805033828052472699710051529109477997
-5.7571283521736491550768732849974185228348
-5.6916648533920861652291023347061127424240
-5.6227574055911508921212771383579820394516
-5.5504784564526303825005015823990106582642
-5.4749054247094806058271387882996350526810
-5.3961206139671276105218566954135894775391
-5.3142111196081209811836743028834462165833
-5.2292687282199628029388804861810058355331
-5.1413898098136181502582076063845306634903
-5.0506752029501713607828605745453387498856
-4.9572300927514936219608898682054132223129
-4.8611638820573510599842848023399710655212
-4.7625900556089737492015956377144902944565
-4.6616260376997642467244986619334667921066
-4.5583930429119137173188391898293048143387
-4.4530159205994239712822491128463298082352
-4.3456229928870957479603021056391298770905
-4.2363458864913443591149189160205423831940
-4.1253193584388867520829080604016780853271
-4.0126811158269664048248159815557301044464
-3.8985716298255117528981372743146494030952
-3.7831339439862103901646150916349142789841
-3.6665134774911769532934613380348309874535
-3.5488578225981628477825324807781726121902
-3.4303165374562945011405190598452463746071
-3.3110409340094180130620316049316897988319
-3.1911838611040725943723828095244243741035
-3.0708994834764968828721976024098694324493
-2.9503430563744945658299911883659660816193
-2.8296706962989461864310669625410810112953
-2.7090391481670934581416076980531215667725
-2.5886055491075343759632687579141929745674
-2.4685271890294981922409078833879902958870
-2.3489612685311374029595299361972138285637
-2.2300646543138480382140187430195510387421
-2.1119936322254155847133461065823212265968
-1.9949036588019393168025317208957858383656
-1.8789491109681890623761546521564014256001
-1.7642830348535651907582177955191582441330
-1.6510568937643221865130271908128634095192
-1.5394203156571770740868032589787617325783
-1.4295208408779851438907826377544552087784
-1.3215036700569233740765184847987256944180
-1.2155114130394806259971574036171659827232
-1.1116838390059065044823682910646311938763
-1.0101576282674396001226568841957487165928
-0.9110661264143952164928919046360533684492
-0.8145391008118424425177295233879704028368
-0.7207025005172340570425149053335189819336
-0.6296782195176201524233761119830887764692
-0.5415838641899941574564536495017819106579
-0.4565325253336092181655203603440895676613
-0.3746325552250777124463354539329884573817
-0.2959873502502282094361873987509170547128
-0.2206951397391808677994617937656585127115
-0.1488487812571411550432998183168820105493
-0.0805355630854682341679406931689300108701
-0.0158370143659136812519516723796186852269
0.0451712766446385749485870064745540730655
0.1024198356729029285583365549427981022745
0.1558454663200519729748805275448830798268
0.2053914043875788020265815703169209882617
0.2510074619561373232556888979161158204079
0.2926501608998912651316004485124722123146
0.3302828552680091567239628602692391723394
0.3638758421947325683021290387841872870922
0.3934064606870025238016808089014375582337
0.4188591781910784295206440219772048294544
0.4402256641448920038151015887706307694316
0.4575048505052501934819986217917175963521
0.4707029786129781623316148397861979901791
0.4798336322066955039744584610161837190390
0.4849177562900889304486895525769796222448
0.4859836614224387063565302469214657321572
0.4830670133423682899298512438690522685647
0.4762108076802750167288991178793366998434
0.4654653294459628054546840303373755887151
0.4508880972979394385902196518145501613617
0.4325437924257751198808819026453420519829
0.4105041718625111468732313824148150160909
0.3848479664484017459535891703126253560185
0.3556607630481918858045276010670932009816
0.3230348715665206094094230593327665701509
0.2870691763174795796409455306275049224496
0.2478689723179683668252692996247787959874
0.2055457864024624048404632503661559894681
0.1602171834584915910415503503827494569123
0.1120065580941098370981734433371457271278
0.0610429118905808712480798305932694347575
0.0074606167993659204540346507883441518061
-0.0486008351221133838571120122651336714625
-0.1069970951099484673951778290756919886917
-0.1675792337424588107630540889658732339740
-0.2301940291539581462387786814360879361629
-0.2946842668412651966569626438285922631621
-0.3608890503887616785227976379246683791280
-0.4286441226566239381945422337594209238887
-0.4977821964778016416985906289482954889536
-0.5681332943968245841048769761982839554548
-0.6395250965704281087553795259736943989992
-0.7117832959942361759075879490410443395376
-0.7847319604026857797762772861460689455271
-0.8581938998264578843944150321476627141237
-0.9319910390251755494261942658340558409691
-1.0059447938653101051187377379392273724079
-1.0798764507378029176010159062570892274380
-1.1536075480389138547820948588196188211441
-1.2269602588180681390639392702723853290081
-1.2997577735386125485916863908641971647739
-1.3718246820780983785681428344105370342731
-1.4429873538462734128273723399615846574306
-1.5130743151781067545869063906138762831688
-1.5819166228858736467088874633191153407097
-1.6493482330219351172928554660757072269917
-1.7152063639039860643009660634561441838741
-1.7793318523669328090619501381297595798969
-1.8415695023003948449513700325042009353638
-1.9017684245763402106632611321401782333851
-1.9597823673215102324718372983625158667564
-2.0154700357341290839485736796632409095764
-2.0686954005288971103482253965921700000763
-2.1193279941261415899589337641373276710510
-2.1672431938168825737989209301304072141647
-2.2123224910660952424734659871319308876991
-2.2544537462555864770763491833349689841270
-2.2935314280943965847825438686413690447807
-2.3294568371047104093918278522323817014694
-2.3621383124691006649698010733118280768394
-2.3914914217777951677135206409730017185211
-2.4174391330355335938406824425328522920609
-2.4399119685401080559472575259860605001450
-2.4588481401598722975165856041712686419487
-2.4741936656834688790240761591121554374695
-2.4859024659019040015550672251265496015549
-2.4939364421766536672464553703321143984795
-2.4982655343232074152126642729854211211205
-2.4988677586389815843403994222171604633331
-2.4957292260347996304403750400524586439133
-2.4888441402293430826375697506591677665710
-2.4782147760608377318192196980817243456841
-2.4638514380320288843506659759441390633583
-2.4457723992275473001711816323222592473030
-2.4240038208434331323815058567561209201813
-2.3985796526082396873391644476214423775673
-2.3695415144358147330194697133265435695648
-2.3369385596930798421055897051701322197914
-2.3008273205322216092838516487972810864449
-2.2612715358111428187726232863496989011765
-2.2183419621133979582339179614791646599770
-2.1721161685024572562952016596682369709015
-2.1226783156459010371008844231255352497101
-2.0701189199938943019674297829624265432358
-2.0145346037568989672195129969622939825058
-1.9560278314398036325627572296070866286755
-1.8947066337706643945892892588744871318340
-1.8306843198163305075354401196818798780441
-1.7640791782143483423794805275974795222282
-1.6950141683757038446600518000195734202862
-1.6236166026097544889950086144381202757359
-1.5500178201024010782305140310199931263924
-1.4743528537052770222004483002820052206516
-1.3967600905314572212745360957342199981213
-1.3173809273315968404460818419465795159340
-1.2363594216296589500814206985523924231529
-1.1538419396552626050578282956848852336407
-1.0699768020266593460121384850936010479927
-0.9849139282240116921585126874560955911875
-0.8988044807884104647754952566174324601889
-0.8118005102956762364385667751776054501534
-0.7240546020047687880705211682652588933706
-0.6357195251835658922345828614197671413422
-0.5469478860070858816655459122557658702135
-0.4578917849757337954486047237878665328026
-0.3687024797134776377127707291947444900870
-0.2795300540076977036108019092353060841560
-0.1905230939527003675149074979344732128084
-0.1018283719377982565745810461521614342928
-0.0135905393132678548040459531875967513770
0.0740481716028158348796850418693793471903
0.1609482354426493566634803755732718855143
0.2469731109966945281630756880986155010760
0.3319895071188706525688871806778479367495
0.4158676367319374400643994249548995867372
0.4984814584476242038668658551614498719573
0.5797089053031146965722086861205752938986
0.6594321001939041915207440069934818893671
0.7375375576183632597704331601562444120646
0.8139163714082106038105735024146270006895
0.8884643881481238958386370541120413690805
0.9610823660496718989776354646892286837101
1.0316761190969077066625914085307158529758
1.1001566463054990308023661782499402761459
1.1664402460154774665568311320384964346886
1.2304486151615028344252777969813905656338
1.2921089335178159718253709797863848507404
1.3513539329673005529031115656835027039051
1.4081219518676721946803809260018169879913
1.4623569746691913451286382041871547698975
1.5140086569291486551236403101938776671886
1.5630323359548938810803520027548074722290
1.6093890273203195206974669417832046747208
1.6530454075426961324524199881125241518021
1.6939737832501478020930107959429733455181
1.7321520471898770310303916630800813436508
1.7675636214830401371500556706450879573822
1.8001973885199544778146218959591351449490
1.8300476099743518965112798468908295035362
1.8571138343856317121094434696715325117111
1.8814007938232839567405108027742244303226
1.9029182901377235115347730243229307234287
1.9216810713512597619256894176942296326160
1.9377086987332561296426547414739616215229
1.9510254051313151713031857070745900273323
1.9616599451431380174426521989516913890839
1.9696454377265830704146765128825791180134
1.9750192018391441450830825488083064556122
1.9778225857170577128840704972390085458755
1.9781007904165053279399444363662041723728
1.9759026882134835823023877310333773493767
1.9712806364858288521446638696943409740925
1.9642902876866599193306228698929771780968
1.9549903960087773313603065616916865110397
1.9434426213535866967418996864580549299717
1.9297113311859717121876656165113672614098
1.9138634008608754744074076370452530682087
1.8959680129992801944638358691008761525154
1.8760964564652882202722139481920748949051
1.8543219254991225586337577624362893402576
1.8307193195222000170474530023057013750076
1.8053650441450199704007673062733374536037
1.7783368138568109717567722327657975256443
1.7497134568841488100332526300917379558086
1.7195747226699986676123899087542667984962
1.6880010924087458512588000303367152810097
1.6550735930528401862460441407165490090847
1.6208736151818334825236433971440419554710
1.5854827351012292790954916199552826583385
1.5489825415173799072476867877412587404251
1.5114544671093750327628413288039155304432
1.4729796252963085478882021561730653047562
1.4336386524732329661446783575229346752167
1.3935115559602297974350904041784815490246
1.3526775678965126115116390792536549270153
1.3112150052731945670814184268238022923470
