3.4726827485293743080774220288731157779694
3.3432127521831471739233165862970054149628
3.2138909961648156610181104042567312717438
3.0847339097295609633420099271461367607117
2.9557575892217879953705050866119563579559
2.8269846053917229156127177702728658914566
2.6984509586205249753732005046913400292397
2.5702125577482162199771664745640009641647
2.4423506712855971301223689806647598743439
2.3149759193463959050518496951553970575333
2.1882305275736508853867690049810335040092
2.0622887416695219187090515333693474531174
1.9373554958298078165768174585537053644657
1.8136636305946454150728186505148187279701
1.6914701479307521214678899923455901443958
1.5710521466326583528427818237105384469032
1.4527031640796355116407312380033545196056
1.3367306204458981877536416504881344735622
1.2234548692845319539657111818087287247181
1.1132099231601193523033543897327035665512
1.0063450832728952910599673487013205885887
0.9032251782416996777058670886617619544268
0.8042246434870508053904814005363732576370
0.7097076073284581676503535163647029548883
0.6199847637844364545145481315557844936848
0.5352435220017390804514434421434998512268
0.4554678890459476492402757230593124404550
0.3804002159700376473061567139666294679046
0.3096315213920474151976236498740036040545
0.2428999506714891176706316855415934696794
0.1805796814352996493280301137929200194776
0.1240631515232702430928668491105781868100
0.0749557515213489095051713206885324325413
0.0332959676079740488074953930208721430972
0.0044191310889267806233382529512709879782
0.0044658791967314903290087180209866346559
0.0333619269946381913349853221006924286485
0.0748984825615949673105475881129677873105
0.1237041652351334730663978689335635863245
0.1796669416214738967951802806055638939142
0.2411054959164370958824008539522765204310
0.3065540777157508833816734750143950805068
0.3755607778301217059002681253332411870360
0.4483026618132441853958880528807640075684
0.5250964412209147003096632033702917397022
0.6061008518309669579338105904753319919109
0.6912282700342329277987118985038250684738
0.7801859939967082935297071344393771141768
0.8725604133718088961657599611498881131411
0.9678916787841856939067497478390578180552
1.0657219146672849419132944603916257619858
1.1656198153357886226899609027896076440811
1.2671901382005601455205123784253373742104
1.3700753303871997523799564078217372298241
1.4739536851309424925204893952468410134315
1.5785362449248176996974279973073862493038
1.6835634513403703316214432561537250876427
1.7888019667344090546379220540984533727169
1.8940418396306046844301818055100739002228
1.9990940703928474775352697179187089204788
2.1037885763622745649570333625888451933861
2.2079725249761779082291468512266874313354
2.3115089874577550155265726061770692467690
2.4142758586948307453212692053057253360748
2.5161649874325506814898290031123906373978
2.6170814626153742210590280592441558837891
2.7169430052292109500911010400159284472466
2.8156794195645789002924175292719155550003
2.9132320631066703775502446660539135336876
3.0095533001388674598786110436776652932167
3.1046059105536318867279987898655235767365
3.1983624322096284586791625770274549722672
3.2908044222937617995228265499463304877281
3.3819216303253902822234522318467497825623
3.4717110824241923516808583372039720416069
3.5601760829987600942558856331743299961090
3.6473251458695932214482127164956182241440
3.7331708718323675100236869184300303459167
3.8177287936573871540701929916394874453545
3.9010162124262643956740248540882021188736
3.9830510508892733589902945823268964886665
4.0638507501903875507309749082196503877640
4.1434312358928870878571615321561694145203
4.2218059778179872765235813858453184366226
4.2989851658833622138899954734370112419128
4.3749750210265769823081427603028714656830
4.4497772565719584392240903980564326047897
4.5233887012207052435996956774033606052399
4.5958010903976518335412038140930235385895
4.6670010281622520409428034326992928981781
4.7369701174644216479237002204172313213348
4.8056852523581277125686028739437460899353
4.8731190619994775303780443209689110517502
4.9392404929387803136364709644112735986710
5.0040155134006498727217149280477315187454
5.0674079209268567680624073545914143323898
5.1293802328850972571672173216938972473145
5.1898946378522943234656850108876824378967
5.2489139846880279449692352500278502702713
5.3064027851588750905875713215209543704987
5.3623282052335810021759243682026863098145
5.4166610196633708795843631378374993801117
5.4693765042759778793879377190023660659790
5.5204552406819615839594916906207799911499
5.5698838089989077815289419959299266338348
5.6176553459392017941809172043576836585999
5.6637699483627201857416366692632436752319
5.7082349062950594742460452835075557231903
5.7510647544953137355605576885864138603210
5.7922811378473841870118121732957661151886
5.8319124929342596175274593406356871128082
5.8699935557909448391455953242257237434387
5.9065647135585512828015453123953193426132
5.9416712250419951857338674017228186130524
5.9753623414397223356786525982897728681564
6.0076903632304095026483992114663124084473
6.0387096719246020626314930268563330173492
6.0684757758189062926135193265508860349655
6.0970444069119604790785160730592906475067
6.1244707018470831982881463773082941770554
6.1508084934333124849104024178814142942429
6.1761097314453072826267998607363551855087
6.2004240426360270888039849523920565843582
6.2237984309197926791057398077100515365601
6.2462771102244971643813187256455421447754
6.2679014552459912934523345029447227716446
6.2887100498315824381734273629263043403625
6.3087388093723220094943826552480459213257
6.3280211525939940031548758270218968391418
6.3465881994771713436875870684161782264709
6.3644689754591476926748327969107776880264
6.3816906071241392695014837954659014940262
6.3982785006583329234786106098908931016922
6.4142565007174381364052351273130625486374
6.4296470332750574883107219648081809282303
6.4444712407848632196305516117718070745468
6.4587491210148346709729594294913113117218
6.4724996818065241299677836650516837835312
6.4857411226271528548181777296122163534164
6.4984910502420669686785004159901291131973
6.5107667305290206627432780805975198745728
6.5225853720116644396398442040663212537766
6.5339644299008581285193031362723559141159
6.5449219131761164902627569972537457942963
6.5554766723698927322061535960528999567032
6.5656486429637013202409434597939252853394
6.5754590191780657448816782562062144279480
6.5849303356613253512819028401281684637070
6.5940864400565670777609739161562174558640
6.6029523472315823084954899968579411506653
6.6115539753953154189503038651309907436371
6.6199177744924933008974221593234688043594
6.6280702671566169570382953679654747247696
6.6360375311055008751282002776861190795898
6.6438446582912877858007050235755741596222
6.6515152296850796886928947060368955135345
6.6590708448774353911403522943146526813507
6.6665307426208491037300518655683845281601
6.6739115422518260345441376557573676109314
6.6812271271262000382762380468193441629410
6.6884886805215897354059961799066513776779
6.6957048728022723338426658301614224910736
6.7028821869580736958482702902983874082565
6.7100253588520066827527443820144981145859
6.7171378994597912281960816471837460994720
6.7242226597107563890176606946624815464020
6.7312823946745581338291231077164411544800
6.7383202829819879298156592994928359985352
6.7453403594864402847974815813358873128891
6.7523478240225509594552022463176399469376
6.7593491962917076065764376835431903600693
6.7663522958751878277894320490304380655289
6.7733660365573662431870616273954510688782
6.7804000349411843728830717736855149269104
6.7874640442018296937476407038047909736633
6.7945672342662533083057496696710586547852
6.8017173493341802625877789978403598070145
6.8089197821604985350063543592114001512527
6.8161766116667807935414202802348881959915
6.8234856560481782494775870873127132654190
6.8308395974045268417285114992409944534302
6.8382252358353081689301689038984477519989
6.8456229306183251637207831663545221090317
6.8530062831973559411835594801232218742371
6.8603421108286264384901187440846115350723
6.8675907504691959815090740448795258998871
6.8747067194821713798091877833940088748932
6.8816397428100408717455138685181736946106
6.8883361355424934657776248059235513210297
6.8947405058080777351392498530913144350052
6.9007977166891567577522437204606831073761
6.9064550189960103310227168549317866563797
6.9116642413765267960457094886805862188339
6.9163839029471070318777492502704262733459
6.9205810991904073148361931089311838150024
6.9242330069784392421183838450815528631210
6.9273278615025226656598533736541867256165
6.9298652780592693289918315713293850421906
6.9318558253033382143826202081982046365738
6.9333198025513702589250897290185093879700
6.9342852292895784671600267756730318069458
6.9347851160342743881415117357391864061356
6.9348541468317002056664932752028107643127
6.9345249590519451032832876080647110939026
6.9338242498702520322240161476656794548035
6.9327689658626097113369723956566303968430
6.9313628388674821678705484373494982719421
6.9295935161109500910470160306431353092194
6.9274304963099631038403458660468459129333
6.9248240291370821708483163092751055955887
6.9217050681138339029985218076035380363464
6.9179862931234028522453627374488860368729
6.9135641452653491256796769448556005954742
6.9083217503219449540097230055835098028183
6.9021325530910040413345996057614684104919
6.8948644469038482540668155706953257322311
6.8863841623101276212537413812242448329926
6.8765616756509713169975839264225214719772
6.8652744098309730347295953833963721990585
6.8524110227426744401668656792026013135910
6.8378746098189466806616110261529684066772
6.8215851827512539173881123133469372987747
6.8034813239891809288906188157852739095688
6.7835209547716655009708119905553758144379
6.7616811926663729082065401598811149597168
6.7379573131079633085960267635527998209000
6.7123608685720652644590700219850987195969
6.6849170587376898211573461594525724649429
6.6556614843771875200673093786463141441345
6.6246364547731966254673352523241192102432
6.5918870502110848974552936851978302001953
6.5574571638762710890091511828359216451645
6.5213857576007656646766008634585887193680
6.4837035603157300300836141104809939861298
6.4444304150751143822617450496181845664978
6.4035734403091906230542917910497635602951
6.3611261158141907401386561105027794837952
6.3170683381685215351808437844738364219666
6.2713674196134379101863487449008971452713
6.2239799356216964909549460571724921464920
6.1748542660587357744361725053749978542328
6.1239336287935914882041288365144282579422
6.0711593769913712037578079616650938987732
6.0164743241570359799652578658424317836761
5.9598258740426146573554433416575193405151
5.9011687633509071204684914846438914537430
5.8404672696096815442956540209706872701645
5.7776967893670132525585358962416648864746
5.7128447472779342319881834555417299270630
5.6459108493125915728683139604981988668442
5.5769067387034247929022967582568526268005
5.5058551481333601884671224979683756828308
5.4327886643094327467906623496674001216888
5.3577482312086708304832427529618144035339
5.2807815169562566381955548422411084175110
5.2019412584879312078101065708324313163757
5.1212836804618033781366648327093571424484
5.0388670631104934827249053341802209615707
4.9547505105195268626516735821496695280075
4.8689929484762384248597300029359757900238
4.7816523612486490080186740669887512922287
4.6927852605622266679574750014580786228180
4.6024463681268459325224284839350730180740
4.5106884853446862493342450761701911687851
4.4175625199032433343404591141734272241592
4.3231176381829996557826234493404626846313
4.2274015140374512355947445030324161052704
4.1304606477482534998557639482896775007248
4.0323407331485308091600927582476288080215
3.9330870554587766818599448015447705984116
3.8327449069018335592318180715665221214294
3.7313600113716951511833030963316559791565
3.6289789532201179866888196556828916072845
3.5256496085442057264458526333328336477280
3.4214215802687517609115275263320654630661
3.3163466408789172845672510447911918163300
3.2104791889362886969649935053894296288490
3.1038767275743150975131356972269713878632
2.9966003750029961416601054224884137511253
2.8887154186191912330627928895410150289536
2.7802919255609608306656355125596746802330
2.6714054233350208455988195055397227406502
2.5621376644431630431597568531287834048271
2.4525774886618219028378007351420819759369
2.3428217958999142389586722856620326638222
2.2329766414908482907719644572352990508080
2.1231584646568943952615882153622806072235
2.0134954599760472859770743525587022304535
1.9041291011659347010009923906181938946247
1.7952158262430126800524021746241487562656
1.6869288924455521083700659801252186298370
1.5794604067787829659863518827478401362896
1.4730235311566399758476109127514064311981
1.3678548458018271460900905367452651262283
1.2642168233429920132238066798890940845013
1.1624003012682218027862290909979492425919
1.0627266954638594498305792512837797403336
0.9655493562613186586673919009626843035221
0.8712526894151595424631295827566646039486
0.7802460900884944372535301226889714598656
0.6929471913270472960277857055189087986946
0.6097463211434007712696825365128461271524
0.5309448524730383534020461411273572593927
0.4566708973133099536134693607891676947474
0.3868026690913892173817600905749714002013
0.3209682951550781315752658429119037464261
0.2587138977511527770936083925334969535470
0.1998926306370447658622424569330178201199
0.1451759797062424917069023422300233505666
0.0961375567873388736650497321534203365445
0.0536301843256287852357289125393435824662
0.0180650204060949365336696814665629062802
0.0002201160641407595621593662471582319995
0.0131885957175251599532428414818241435569
0.0464255112689760801591987160463759209961
0.0864705924066514197701138755292049609125
0.1315998232027448255898605111724464222789
0.1808331712642421706949136250841547735035
0.2320936448988085154532257092796498909593
0.2840930307515048824917869296768913045526
0.3364492929560300438218689578206976875663
0.3891900542678514152150626159709645435214
0.4423317226504376309392796429165173321962
0.4956774910757918428672041954996529966593
0.5487977369749381661989673375501297414303
0.6011018858253063257279791287146508693695
0.6519267984300050056134523401851765811443
0.7006051967246550438161989404761698096991
0.7465073030807141130082982272142544388771
0.7890620723947487924476718035293743014336
0.8277663523634757325453392695635557174683
0.8621879418456639410095476705464534461498
0.8919658445521740919303965711151249706745
0.9168092733161284924037204291380476206541
0.9364960727926673333953999645018484443426
0.9508708351053475338332532373897265642881
0.9598428180496757500250737393798772245646
0.9633837055465989118729908113891724497080
0.9615252205497024640123981953365728259087
0.9543565911831044523694345116382464766502
0.9420218730501956905243332585087046027184
0.9247171398303639655580354883568361401558
0.9026875670457096267895735763886477798223
0.8762244471666668088616347631614189594984
0.8456621848660396123520399669359903782606
0.8113753256724267615140888665337115526199
0.7737756650958824700126115203602239489555
0.7333094620976838839965239458251744508743
0.6904547276052532822632201714441180229187
0.6457184422846361515624380444933194667101
0.5996332905912884481125502134091220796108
0.5527528829826515721634905276005156338215
0.5056431379598731457036819847417064011097
0.4588652032657790647007800544088240712881
0.4129424310068675607610089173249434679747
0.3683030186115383020073466013855068013072
0.3251968329182200467819541245262371376157
0.2836069895058278556021491567662451416254
0.2432144990989690280791535315074725076556
0.2035082718507448262812431494239717721939
0.1641188117322611439430346536028082482517
0.1253409615625308004549509632852277718484
0.0884928327265277342439375729554740246385
0.0549318660030498062685211380085092969239
0.0243890152406437757393042886633338639513
0.0026269637590549590328015128193328564521
0.0047291687976857930270080387913367303554
0.0270118640024452592862669320084023638628
0.0517720086371387805401766968316223938018
0.0733243225518577651511620274504821281880
0.0914244233473496398234559023876499850303
0.1057741035519689648536356685326609294862
0.1175024005825920508927495689022180158645
0.1286755638178211647026927266779239289463
0.1406710255294228995026628581399563699961
0.1531935910982099025012814763613278046250
0.1645151856790400268781837667120271362364
0.1725902477398153223031584957425366155803
0.1762575575737750088745059429129469208419
0.1758686798683158636347201309035881422460
0.1730858033717051491784388872474664822221
0.1699820437326638733477324194609536789358
0.1678863392660422948488019301294116303325
0.1665741081748425833630733450263505801558
0.1642516859802540807322657201439142227173
0.1583292088462028845974316482170252129436
0.1465505693784679153157668451967765577137
0.1279733009576661251216478376591112464666
0.1035064468860260739058176682192424777895
0.0757249347479630047219600896823976654559
0.0470212532111926873046314767634612508118
0.0186803094104916120321568939743883674964
0.0007588872402901003988082151430205612996
0.0087995072811678908680788069318623456638
0.0358373603815011765316711489504086785018
0.0677635807330289330341344111729995347559
0.1026379241560652910703055340491118840873
0.1404135677049512531677777360528125427663
0.1796910264755183783691450116748455911875
0.2197027829537087917355364652394200675189
0.2605986283705199468840874033048748970032
0.3029586589578030508818073940346948802471
0.3473403651554650140020896742498734965920
0.3940425134821953223607238214754033833742
0.4430635059482888604698302970064105466008
0.4941649823680919761947905044507933780551
0.5469611268776413126602164993528276681900
0.6009919597479358444047647935803979635239
0.6557705051553629482796736738237086683512
0.7108088919965308560833250339783262461424
0.7656314735239384550169461363111622631550
0.8197810404380664328627403847349341958761
0.8728215740562279556513658462790772318840
0.9243392336288731581106503654154948890209
0.9739423962152828906368995376396924257278
1.0212612003035894669977778903557918965816
1.0659468964986738015454648120794445276260
1.1076712332068170407950447042821906507015
1.1461260460032973718114135408541187644005
1.1810231621145568237096767916227690875530
1.2120946760560296073805375272058881819248
1.2390936032711870051770119971479289233685
1.2617948795247171389632967475336045026779
1.2799966470746708679939729336183518171310
1.2935217550590598634130401478614658117294
1.3022193998845303930522732116514816880226
1.3059668396505086374048687503091059625149
1.3046711318147250491250588311231695115566
1.2982708624831742483252128295134752988815
1.2867378560570044143673840153496712446213
1.2700788731580157087108773339423350989819
1.2483373211443171690859799127792939543724
1.2215950135555970756939814236829988658428
1.1899740218038588057680726706166751682758
1.1536386629375576795553115516668185591698
1.1127976603258808996343987018917687237263
1.0677064973382948132041292410576716065407
1.0186699542189399103619962261291220784187
0.9660447673247958277897851075977087020874
0.9102422565526292475013292460062075406313
0.8517305722133973189258426828018855303526
0.7910357734173476540462388584273867309093
0.7287399873153073137643787049455568194389
0.6654730546798360846239006605173926800489
0.6018913381893318259585612395312637090683
0.5386352023969304125827761708933394402266
0.4762594110510867118080113868927583098412
0.4151453983664794011865240008773980662227
0.3554355777563570351063049201911780983210
0.2970679111036942376955494182766415178776
0.2400002321088868795229132047097664326429
0.1846499272765088350833906361003755591810
0.1323758864925077827212618331031990237534
0.0852238899135588229283300165661785285920
0.0439481574006084924066684038734820205718
0.0109282947494182807596230233571077405941
0.0006802774012360368735205518042619132757
0.0215617690917510561321446260762968449853
0.0591694479924182309416025304926733952016
0.1040674627224588283391781828868261072785
0.1561152171829347790055209088677656836808
0.2142518410378547177863595152302877977490
0.2769300279407576059753637309768237173557
0.3435537514194013652968351379968225955963
0.4143016790411852001696502156846690922976
0.4896158187884570023307162500714184716344
0.5698339839007408036408719453902449458838
0.6550424255913569471232449359376914799213
0.7450879753342145583872024872107431292534
0.8396581839289477544596707048185635358095
0.9383643965657502139521284334477968513966
1.0408007966776964270394500999827869236469
1.1465776633083373248211955797160044312477
1.2553365373573048824340503415442071855068
1.3667552014629753553975888280547223985195
1.4805476734787612613786222937051206827164
1.5964613141490382464127151251886971294880
1.7142476284920744600270836599520407617092
1.8332782825969617945816025894600898027420
1.9510282341808624639867275618598796427250
2.0654552762411135802267381222918629646301
2.1839195330186287336005079851020127534866
2.3088077395466424235337399295531213283539
2.4347607979736110017654482362559065222740
2.5674308014953224343912552285473793745041
2.7027260893106164196808549604611471295357
2.8338691712511097087201505928533151745796
2.9631514331417490026865380059462040662766
3.0925824529205345747584487980930134654045
3.2224068287501044238752001547254621982574
3.3525420143600741518241648009279742836952
3.4828851504122031457200137083418667316437
3.6133327881551635663015531463315710425377
3.7437825353434095454474572761682793498039
3.8741345203129418095500113849993795156479
4.0042929908973690089624142274260520935059
4.1341679331853384837813791818916797637939
4.2636765924186583731625432847067713737488
4.3927447870574205524007993517443537712097
4.5213079225314283249304025957826524972916
