-2.0029068981600399723674854612909257411957
-2.0222037923905342715613642212701961398125
-2.0407294382336904625674378621624782681465
-2.0584700994122138162367718905443325638771
-2.0754145115876956317890744685428217053413
-2.0915539830284948230598729423945769667625
-2.1068824858751593609440533327870070934296
-2.1213967373253286297085651312954723834991
-2.1350962701006115374013916152762249112129
-2.1479834915923028404449723893776535987854
-2.1600637311078902946803736995207145810127
-2.1713452746549477545556783297797664999962
-2.1818393867020646759158353233942762017250
-2.1915603183469869463806389831006526947021
-2.2005253013013312823886735714040696620941
-2.2087545270702655386685364646837115287781
-2.2162711106673134153766113740857690572739
-2.2231010381623059757316696050111204385757
-2.2292730973196581700790375180076807737350
-2.2348187905496903482571724453009665012360
-2.2397722293745223609562344790901988744736
-2.2441700096081795834379590814933180809021
-2.2480510664754800309594884311081841588020
-2.2514565089528444374877835798542946577072
-2.2544294327114284826052426069509238004684
-2.2570147111860165978214354254305362701416
-2.2592587644837394122987461742013692855835
-2.2612093060894511431513365096179768443108
-2.2629150676172260503449251700658351182938
-2.2644255022008930033905471645994111895561
-2.2657904675039595154828475642716512084007
-2.2670598897561538009881587640848010778427
-2.2682834106799667495124595006927847862244
-2.2695100196454811580792920722160488367081
-2.2707876738725296661414176924154162406921
-2.2721629099710320964788934361422434449196
-2.2736804505582668411989288870245218276978
-2.2753828100993431782228526571998372673988
-2.2773099044692570736003744968911632895470
-2.2794986690160943254568337579257786273956
-2.2819826901007691510869790363358333706856
-2.2847918551905888051578585873357951641083
-2.2879520265782140597821125993505120277405
-2.2914847436825396265192011924227699637413
-2.2954069586581407058645254437578842043877
-2.2997308096973303470633709366666153073311
-2.3044634359572579995756314019672572612762
-2.3096068374931197908495050796773284673691
-2.3151577829368168437440544948913156986237
-2.3211077669458251016010308376280590891838
-2.3274430186733936487541996029904112219810
-2.3341445617003455659244082198711112141609
-2.3411883250397913514007086632773280143738
-2.3485453040003405611457765189697965979576
-2.3561817688920276836483935767319053411484
-2.3640595188033319828946332563646137714386
-2.3721361769842159716858986939769238233566
-2.3803655237578524861419282387942075729370
-2.3886978623653187803199671179754659533501
-2.3970804127348857015533667436102405190468
-2.4054577278664814876663058385020121932030
-2.4137721273400241095430374116403982043266
-2.4219641423889166631511216110084205865860
-2.4299729670293981342865663464181125164032
-2.4377369098917145429084030183730646967888
-2.4451938416544942711539079027716070413589
-2.4522816333249766174162687093485146760941
-2.4589385810222545991621245775604620575905
-2.4651038133944362940042083209846168756485
-2.4707176783141484577299706870689988136292
-2.4757221060388014954867230699164792895317
-2.4800609465718377322218657354824244976044
-2.4836802795078036787401742913061752915382
-2.4865286951711533802722442487720400094986
-2.4885575463556466324632765463320538401604
-2.4897211704279640365200521046062931418419
-2.4899770819678193056745385547401383519173
-2.4892861364718523731198729365132749080658
-2.4876126659473078994722072820877656340599
-2.4849245874626921803951518086250871419907
-2.4811934859072697356907610810594633221626
-2.4763946723426943918866527383215725421906
-2.4705072194123083306749322218820452690125
-2.4635139753124466466260855668224394321442
-2.4554015578317986978618137072771787643433
-2.4461603299364331753906753874616697430611
-2.4357843583264928710718777438160032033920
-2.4242713563228117656933591206325218081474
-2.4116226123635264855238347081467509269714
-2.3978429053099024059747534920461475849152
-2.3829404076790425826004593545803800225258
-2.3669265778462160731976382521679624915123
-2.3498160421915756934652108611771836876869
-2.3316264681092091493042062211316078901291
-2.3123784287504567380722164671169593930244
-2.2920952603390505331049098458606749773026
-2.2708029128729312340340129594551399350166
-2.2485297950138085631976991862757131457329
-2.2253066139610262474946011934662237763405
-2.2011662111072642922238173923688009381294
-2.1761433942790531226307848555734381079674
-2.1502747673721072096952866559149697422981
-2.1235985581980818537317645677831023931503
-2.0961544453639655571919320209417492151260
-2.0679833850048514598540805309312418103218
-2.0391274381860755582351885095704346895218
-2.0096295997780675435251396265812218189240
-1.9795336295882648425248362400452606379986
-1.9488838865071529404815464658895507454872
-1.9177251663911616397228954156162217259407
-1.8861025443632275511163243209011852741241
-1.8540612221634322764884927892126142978668
-1.8216463811281433660127504481351934373379
-1.7889030413170723399218786653364077210426
-1.7558759272454378397299024072708562016487
-1.7226093406132871876934586907736957073212
-1.6891470403580481907113153283717110753059
-1.6555321302900216640097141862497664988041
-1.6218069545051596591633824573364108800888
-1.5880130007059236607602770163794048130512
-1.5541908115003422174993374937912449240685
-1.5203799036918390630290787157719023525715
-1.4866186955190190399633820561575703322887
-1.4529444417556214297349015396321192383766
-1.4193931765361447183693144324934110045433
-1.3859996637332219204807870482909493148327
-1.3527973546779050728616766718914732336998
-1.3198183529839047078979774596518836915493
-1.2870933862114082302241513389162719249725
-1.2546517840851407754598767496645450592041
-1.2225214629643121888591394963441416621208
-1.1907289162492120659919692116091027855873
-1.1592992103996691000133978377562016248703
-1.1282559862343672918427728291135281324387
-1.0976214651766249552622412011260166764259
-1.0674164601114650707813780172728002071381
-1.0376603905202257394080334051977843046188
-1.0083713015624047315554889792110770940781
-0.9795658867795029589586874863016419112682
-0.9512595141022051059565001196460798382759
-0.9234662548499088519093902505119331181049
-0.8961989154204909047152227685728576034307
-0.8694690713776506152399292659538332372904
-0.8432871036535060094152527199184987694025
-0.8176622365948249537837000389117747545242
-0.7926025775924481209244731871876865625381
-0.7681151580449597782163095871510449796915
-0.7442059754191509002296811559062916785479
-0.7208800361817837565325817195116542279720
-0.6981413993887347624323069794627372175455
-0.6759932207295257233781171635200735181570
-0.6544377968368394471454507765884045511484
-0.6334766096821470293676270557625684887171
-0.6131103708901006754672380338888615369797
-0.5933390658153102625860242369526531547308
-0.5741619972362789203756960887403693050146
-0.5555778285317287679134778954903595149517
-0.5375846262151111609739473351510241627693
-0.5201799017130288582677621889160946011543
-0.5033606522830827989523072574229445308447
-0.4871234009760090910567953415011288598180
-0.4714642355560109687750980356213403865695
-0.4563788463018257357539653185085626319051
-0.4418625626193041777689529681083513423800
-0.4279103884041986494146669883775757625699
-0.4145170361013241766556802758714184165001
-0.4016769594133209886344104688760126009583
-0.3893843846190023771924870743532665073872
-0.3776333404675486504764592154970159754157
-0.3664176866207414229315020293142879381776
-0.3557311406210106330405551489093340933323
-0.3455673033681964101404560096852947026491
-0.3359196830928085630851853693457087501884
-0.3267817178179797110715298913419246673584
-0.3181467963064772974668414917687186971307
-0.3100082774929234230576469144580187276006
-0.3023595084048698589107573297951603308320
-0.2951938405795676567677787716093007475138
-0.2885046449862005424336075520841404795647
-0.2822853254659763444500697460171068087220
-0.2765293307048984905449628968199249356985
-0.2712301647561956574605801506550051271915
-0.2663813961313585276791116029926342889667
-0.2619766654804934202793731401470722630620
-0.2580096918842909037294930385542102158070
-0.2544742777813456258151347810780862346292
-0.2513643125558346902437278913566842675209
-0.2486737748117734680963764049010933376849
-0.2463967333610584398151388541009509935975
-0.2445273469535620969317335493542486801744
-0.2430598627783813470148999158482183702290
-0.2419886137662309311124886335164774209261
-0.2413080147237665340487211551590007729828
-0.2410125573314038649463952879159478470683
-0.2410968040369936005173912008103798143566
-0.2415553808784770828399501851890818215907
-0.2423829692694627335747270535648567602038
-0.2435742967824859328551667658757651224732
-0.2451241269655960730577959338916116394103
-0.2470272482288444759745971168740652501583
-0.2492784618382335448671938138431869447231
-0.2518725690557687135751052665000315755606
-0.2548043574653892640036190186947351321578
-0.2580685865258089406459873771382262930274
-0.2616599723926114617889027158526005223393
-0.2655731720534133533107024049968458712101
-0.2698027668214152408054928855563048273325
-0.2743432452343423921803378107142634689808
-0.2791889854075250698706156526895938441157
-0.2843342368917490259327962576207937672734
-0.2897731020885005448484150747390231117606
-0.2954995172773359768392253954516490921378
-0.3015072333123027803480908914934843778610
-0.3077897960466822735448033654392929747701
-0.3143405265477360321924038544239010661840
-0.3211525011656438111096179000014672055840
-0.3282185315234584788157690127263776957989
-0.3355311444975689894043568983761360868812
-0.3430825622609219860414953018334927037358
-0.3508646824641064032590520582743920385838
-0.3588690586322284548081995581014780327678
-0.3670868808584385467597144270257558673620
-0.3755089568779045317015174987318459898233
-0.3841256936089084139673843765194760635495
-0.3929270792507068565946326543780742213130
-0.4019026660306518339282888518937397748232
-0.4110415536958743065731880506064044311643
-0.4203323738476251736351230192667571827769
-0.4297632752189974869594379924819804728031
-0.4393219099992611287319732582545839250088
-0.4489954213104755953445135219226358458400
-0.4587704319442070244328135686373570933938
-0.4686330344682172466264091781340539455414
-0.4785687828147245359566852584976004436612
-0.4885626854634155802337147633807035163045
-0.4985992003335614208836545913072768598795
-0.5086622315005131511611580208409577608109
-0.5187351278524200415276368403283413499594
-0.5288006838031542589106948071275837719440
-0.5388411421772217879677668861404526978731
-0.5488381993816501269733976187126245349646
-0.5587730129787624733239681518170982599258
-0.5686262117719613762290009617572650313377
-0.5783779085144222786851742057478986680508
-0.5880077153477362150724161438120063394308
-0.5974947620740694853580521339608822017908
-0.6068177173613398256435402799979783594608
-0.6159548129760260559706352978537324815989
-0.6248838711327951989105145003122743219137
-0.6335823350438026801967339451948646456003
-0.6420273027435615675884150732599664479494
-0.6501955642573767901737369356851559132338
-0.6580636421727659168823265645187348127365
-0.6656078356637350479374504175211768597364
-0.6728042680074503012477293850679416209459
-0.6796289376217069522212455012777354568243
-0.6860577726393226605239306081784889101982
-0.6920666890227903378374207932210993021727
-0.6976316522085140858777663197543006390333
-0.7027287422553145646020311687607318162918
-0.7073342224561821600659072828420903533697
-0.7114246113559096196254927235713694244623
-0.7149767580999686344966903561726212501526
-0.7179679210218894436223990851431153714657
-0.7203758493578397148482395095925312489271
-0.7221788679575524838583078235387802124023
-0.7233559648408430797772439291293267160654
-0.7238868814284725727858926802582573145628
-0.7237522052551050855129233241314068436623
-0.7229334649509892019025869558390695601702
-0.7214132272572958415324251291167456656694
-0.7191751958186872739631212425592821091413
-0.7162043114747433936173592883278615772724
-0.7124868537507649257634056993992999196053
-0.7080105432267583820404865946329664438963
-0.7027646444428141681015631547779776155949
-0.6967400689784213341226859483867883682251
-0.6899294783235255801301377687195781618357
-0.6823273861398534423372552737419027835131
-0.6739302594927403244895458556129597127438
-0.6647366186161965950773833355924580246210
-0.6547471347575357647485816414700821042061
-0.6439647256325002899757237173616886138916
-0.6323946480076029219574706985440570861101
-0.6200445869134884047113587257626932114363
-0.6069247409814848559506117453565821051598
-0.5930479033852154024941683019278571009636
-0.5784295378604437098957191665249411016703
-0.5630878492689922465430640841077547520399
-0.5470438481669847030630648987425956875086
-0.5303214088337697695862971158931031823158
-0.5129473202157562861103201612422708421946
-0.4949513292393435404115109577105613425374
-0.4763661759490656621984783214429626241326
-0.4572276199312072519909122547687729820609
-0.4375744574900236605330405836866702884436
-0.4174485290528612280169795667461585253477
-0.3968947162925398064459159286343492567539
-0.3759609284707524645696707921160850673914
-0.3546980775245849870636050127359339967370
-0.3331600414400646137380590516841039061546
-0.3114036154826334001910481674713082611561
-0.2894884508833409642036826880939770489931
-0.2674769806135852134865160678600659593940
-0.2454343319184524585541140595523756928742
-0.2234282253206575641346631755368434824049
-0.2015288598526171759406366845723823644221
-0.1798087843250454898047507867886452004313
-0.1583427544937322517526467891002539545298
-0.1372075760446128112057806447410257533193
-0.1164819333790809846584934916791098657995
-0.0962462042458483851836703593107813503593
-0.0765822603345859970191966681341000366956
-0.0575732540169815176778200793705764226615
-0.0393033914939235479168999631838232744485
-0.0218576926828487096143849299778594286181
-0.0053217382560097415203359538793392857770
0.0102185956820047066373469135669438401237
0.0246774147106390180639312603716462035663
0.0379690943573075534445138146111276000738
0.0500085787836116735238789487993926741183
0.0607116890898452069014190612961101578549
0.0699954403543904535300868019476183690131
0.0777783664468187779794661196319793816656
0.0839808515757423101888434757711365818977
0.0885254674564156518457025413226801902056
0.0913373149064976019850803368171909824014
0.0923443686054375989513687272847164422274
0.0914778236789147297658431057243433315307
0.0886724427000626369554936445638304576278
0.0838669016303084519092791992989077698439
0.0770041331572832166152409172354964539409
0.0680316658261575779587104761958471499383
0.0569019573028821737392668467236944707111
0.0435727200582042561993745266590849496424
0.0280072377151205781364851077341882046312
0.0101746702679968645255392800663685193285
-0.0099496536450267049345175252028639079072
-0.0323839592503918152766040350343246245757
-0.0571397647628788252216480714196222834289
-0.0842216389495111933394255743223766330630
-0.1136269789279076292132231174036860466003
-0.1453458099513516010858893423574045300484
-0.1793606088686178212654454000585246831179
-0.2156461528667673321901787630849867127836
-0.2541693950049496719678643330553313717246
-0.2948893679309180781977772767277201637626
-0.3377571170344204065649762469547567889094
-0.3827156641418543725485790218954207375646
-0.4297000026877833001037743088090792298317
-0.4786371251214369126891767791676102206111
-0.5294460831154709223866916545375715941191
-0.5820380809486509487982175414799712598324
-0.6363166022337302107914069893013220280409
-0.6921775699608871956769462485681287944317
-0.7495095396303905754820107176783494651318
-0.8081939250552383491310592944500967860222
-0.8681052562343651857190707232803106307983
-0.9291114685264024730670939788979012519121
-0.9910742221988076972039038992079440504313
-1.0538492512870869521890426767640747129917
-1.1172867405776532034877845944720320403576
-1.1812317294202190343099800884374417364597
-1.2455245409884905249953135353280231356621
-1.3100012355324479607077137188753113150597
-1.3744940861052226122041020062169991433620
-1.4388320751973742162022062984760850667953
-1.5028414106690055618287260585930198431015
-1.5663460593311537838445701709133572876453
-1.6291682964924363297143372619757428765297
-1.6911292697449769040218825466581620275974
-1.7520495752222373653239628765732049942017
-1.8117498445051976041497709957184270024300
-1.8700513402941907337151405954500660300255
-1.9267765588885763516913129933527670800686
-1.9817498374331179444851613880018703639507
-2.0347979637935300623041712242411449551582
-2.0857507868225879654744403524091467261314
-2.1344418246644201175854504981543868780136
-2.1807088686347153583255931152962148189545
-2.2243945801005464701916025660466402769089
-2.2653470776762718585928269021678715944290
-2.3034205119592794375193989253602921962738
-2.3384756249456297716449171275598928332329
-2.3703802912078408837714960100129246711731
-2.3990100378852288187658814422320574522018
-2.4242485405284721622365395887754857540131
-2.4459880918745033895334017870482057332993
-2.4641300406884996121448239136952906847000
-2.4785851979141515499804881983436644077301
-2.4892742075133829082744796323822811245918
-2.4961278795536898655882396269589662551880
-2.4990874833145810818280097009846940636635
-2.4981049984328036472902567766141146421432
-2.4931433223797623277562252042116597294807
-2.4841764328682547358084775623865425586700
-2.4711895041066829215026245947228744626045
-2.4541789761559353877373723662458360195160
-2.4331525769921915625104702485259622335434
-2.4081292972273637964519821252906695008278
-2.3791393177914192946786897664424031972885
-2.3462238912195103601732171227922663092613
-2.3094351775205779198074651503702625632286
-2.2688360359172792257709261320997029542923
-2.2244997740428957833103140728780999779701
-2.1765098564517320056665994343347847461700
-2.1249595745462315221629978623241186141968
-2.0699516802436619400396011769771575927734
-2.0115979858928185741717697965214028954506
-1.9500189331113642055015588994137942790985
-1.8853431333450361151449214958120137453079
-1.8177068830464120363643587552360258996487
-1.7472536564407838977075471120770089328289
-1.6741335788856761546128382178721949458122
-1.5985028838408339435517291349242441356182
-1.5205233564482947272722412890288978815079
-1.4403617666805530461715534329414367675781
-1.3581892949435365736121639201883226633072
-1.2741809529353214092139978674822486937046
-1.1885150024447943550853779015596956014633
-1.1013723746478418785699204818229191005230
-1.0129360923079355760734188152127899229527
-0.9233906971297749510796393224154599010944
-0.8329216843399859238061821997689548879862
-0.7417149463899215255935359891736879944801
-0.6499562274890124946580272080609574913979
-0.5578305904918207103193594775802921503782
-0.4655218974751715865778578518074937164783
-0.3732123051650675926715905461605871096253
-0.2810817762003576247842318025504937395453
-0.1893076070643135710991344922149437479675
-0.0980639733725353623938758573785889893770
-0.0075214930799516466208842757623642683029
0.0821531919317671083247134333760186564177
0.1707978155096062100604115130408899858594
0.2582548678077451476120529605395859107375
0.3443719565075704092116382071253610774875
0.4290021484094882486814981348288711160421
0.5120042911215443304229211207712069153786
0.5932433145427947751571196022268850356340
0.6725905117981902936463711739634163677692
0.7499237992289619070263029243506025522947
0.8251279549808637758800955452898051589727
0.8980948356695077627875889447750523686409
0.9687235705397381213543894773465581238270
1.0369207324827698357694316655397415161133
1.1026004852328417094042833923595026135445
1.1656847060389179393524727856856770813465
1.2261030831073063129821321126655675470829
1.2837931871287315832574904561624862253666
1.3387005162550940084997819212730973958969
1.3907785139691153375451904139481484889984
1.4399885593977514997021671661059372127056
1.4862999297583003865952377964276820421219
1.5296897347905404895840320023125968873501
1.5701428232188174849426332002622075378895
1.6076516614973488383810718005406670272350
1.6422161853191341585045393003383651375771
1.6738436246056940248649880231823772192001
1.7025483029360364284343631879892200231552
1.7283514126140244737683815401396714150906
1.7512807668029908292339769104728475213051
1.7713705303759901266147380738402716815472
1.7886609313254262509929048974299803376198
1.8031979547488752313455506737227551639080
1.8150330215700933855771381786325946450233
1.8242226542639290443048594170249998569489
1.8308281319285137911379024444613605737686
1.8349151370861409571233480164664797484875
1.8365533965968114937794553043204359710217
1.8358163190343774751056571403751149773598
1.8327806308091936227100404721568338572979
1.8275260132245829680641691084019839763641
1.8201347425309819527683430351316928863525
1.8106913348960482768035262779449112713337
1.7992821980466759956840405720868147909641
1.7859952911624870086626515330863185226917
1.7709197944171537475455124877043999731541
1.7541457893774186072022303051198832690716
1.7357639512835703055060321275959722697735
1.7158652540557950416655330627691000699997
1.6945406886981715377515911313821561634541
1.6718809956121445381427292886655777692795
1.6479764111834729334304938674904406070709
1.6229164288749635680630944989388808608055
1.5967895749395293325534339601290412247181
1.5696831987670702979187353776069357991219
1.5416832777928377584686359114130027592182
1.5128742368225933656589177189744077622890
1.4833387815724907721204317567753605544567
1.4531577461741622681046237630653195083141
1.4224099543596617767349243877106346189976
1.3911720940131968582420540769817307591438
1.3595186047553360353390417003538459539413
1.3275215782101770223277981131104752421379
1.2952506705935737940649232768919318914413
1.2627730272519712695356020049075596034527
1.2301532187727428624413050783914513885975
1.1974531882806089821968953401665203273296
1.1647322095263963337430368483182974159718
