-2.4999799485125451248279659921536222100258
-2.4914858682024050295922279474325478076935
-2.4827477062827250087195807282114401459694
-2.4738013540318068983481225586729124188423
-2.4646829204562537007916489528724923729897
-2.4554286329792920362535824096994474530220
-2.4460747369257096472949797316687181591988
-2.4366573941402887015783562674187123775482
-2.4272125809604019330834034917643293738365
-2.4177759860143024361889274587156251072884
-2.4083829080051115667515659879427403211594
-2.3990681539414335787796517251990735530853
-2.3898659380812974362129352812189608812332
-2.3808097819153091201371807983377948403358
-2.3719324155401517728591898048762232065201
-2.3632656807557124167828987992834299802780
-2.3548404361792969474720393918687477707863
-2.3466864646830969398649813228985294699669
-2.3388323835660171923223060730379074811935
-2.3313055576057362117126103839837014675140
-2.3241320154262230524011556553887203335762
-2.3173363693888373582296935637714341282845
-2.3109417393106030935712169593898579478264
-2.3049696802770403003535193420248106122017
-2.2994401147764573778431440587155520915985
-2.2943712694023390419317820487776771187782
-2.2897796163883126219218411279143765568733
-2.2856798200941335075242477614665403962135
-2.2820846887214689679979073844151571393013
-2.2790051313800288035338326153578236699104
-2.2764501206904825814092419022927060723305
-2.2744266610122618743616840220056474208832
-2.2729397624997371707422644249163568019867
-2.2719924210024258215412373829167336225510
-2.2715856039355220019615444471128284931183
-2.2717182421856434437756888655712828040123
-2.2723872280530468259485132875852286815643
-2.2735874193038312363057684706291183829308
-2.2753116492912663915149096283130347728729
-2.2775507431796273571933397761313244700432
-2.2802935401453741093291682773269712924957
-2.2835269216075171350155414984328672289848
-2.2872358453364629582438283250667154788971
-2.2914033853559852005332686530891805887222
-2.2960107775712756961183913517743349075317
-2.3010374709295957629251461185049265623093
-2.3064611840146640453497184353182092308998
-2.3122579668947866871064888982800766825676
-2.3184022680225315760083049099193885922432
-2.3248670060474894150104319123784080147743
-2.3316236462706019239021770772524178028107
-2.3386422815593737034589594259159639477730
-2.3458917174583393538966902269748970866203
-2.3533395612950465114465714577818289399147
-2.3609523149697930755053221218986436724663
-2.3686954711842251874998055427568033337593
-2.3765336128541147964199353737058117985725
-2.3844305153805214203543982875999063253403
-2.3923492515392092983006477879825979471207
-2.4002522986231094037634647975210100412369
-2.4081016476204539777938862243900075554848
-2.4158589140345059220749135420192033052444
-2.4234854501366265289163948182249441742897
-2.4309424582241749845934464246965944766998
-2.4381911046966502354393924179021269083023
-2.4451926345361707504366677312646061182022
-2.4519084859508688545304266881430521607399
-2.4583004048384342610233943560160696506500
-2.4643305587928856503765473462408408522606
-2.4699616503125034761012557282811030745506
-2.4751570289712536698800704471068456768990
-2.4798808022087057700844070495804771780968
-2.4840979444853026336659240769222378730774
-2.4877744045287539798039233573945239186287
-2.4908772103882821369325029081664979457855
-2.4933745720310351856596753350459039211273
-2.4952359812668145622183146770112216472626
-2.4964323087004181012105163972591981291771
-2.4969358975591564586693493765778839588165
-2.4967206540680844106816493876976892352104
-2.4957621342769455985433069145074114203453
-2.4940376270750999054826024803332984447479
-2.4915262331937726436592583922902122139931
-2.4882089400845113225102522847009822726250
-2.4840686924563772919327675481326878070831
-2.4790904583546766737356392695801332592964
-2.4732612906074034064829447743250057101250
-2.4665703835675811816940949938725680112839
-2.4590091250054300076044455636292695999146
-2.4505711430461385447188149555586278438568
-2.4412523481050785179036211047787219285965
-2.4310509697040769694353912200313061475754
-2.4199675881462314741554564534453675150871
-2.4080051609665988898711930232821032404900
-2.3951690441683779475567916961153969168663
-2.3814670081863091866125614615157246589661
-2.3669092485689433580375862220535054802895
-2.3515083913993226616412357543595135211945
-2.3352794934684313332695637654978781938553
-2.3182400371684934725635685026645660400391
-2.3004099202735006635123227169970050454140
-2.2818114404661771210669485299149528145790
-2.2624692748184491719598554482217878103256
-2.2424104542381901872261096286820247769356
-2.2216643329148104690773379843449220061302
-2.2002625529349835176162741845473647117615
-2.1782390040538954778526203881483525037766
-2.1556297787967637624717553990194573998451
-2.1324731229949862587602638086536899209023
-2.1088093817881641278688675811281427741051
-2.0846809413192013415994097158545628190041
-2.0601321661474596425023264600895345211029
-2.0352093326135398676512977544916793704033
-2.0099605581764041772885320824570953845978
-1.9844357269498809070995548609062097966671
-1.9586864115254523088793803253793157637119
-1.9327657912853482002901728264987468719482
-1.9067285672795375450760957392049022018909
-1.8806308739036938781907792872516438364983
-1.8545301874672970310342634547851048409939
-1.8284852318118622882536783436080440878868
-1.8025558812366873073784745429293252527714
-1.7768030607023646005870887165656313300133
-1.7512886437027970210067451262148097157478
-1.7260753477923018728290571743855252861977
-1.7012266279483783115722417278448119759560
-1.6768065680962718211333140061469748616219
-1.6528797707484292889290600214735604822636
-1.6295112450206354903770034070475958287716
-1.6067662932514619189561244638753123581409
-1.5847103962151865008678441881784237921238
-1.5634090973370968757905075108283199369907
-1.5429278857703259131284312388743273913860
-1.5233320788485469332584898438653908669949
-1.5046867037174742609551003624801523983479
-1.4870563786026971264675466954940930008888
-1.4705051937151747409870949923060834407806
-1.4550965919814509152985237960820086300373
-1.4408932497961364216365609536296688020229
-1.4279569579482791485958159682922996580601
-1.4163485028056559400511105195619165897369
-1.4061275481034065659713405693764798343182
-1.3973525172118794746012326868367381393909
-1.3900804763574134970127715860144235193729
-1.3843670187346361899471958167850971221924
-1.3802661497409465241048565076198428869247
-1.3778301735201150535203851177357137203217
-1.3771095809308198099074616038706153631210
-1.3781529391347644430965146966627798974514
-1.3810067829528163141361574162147007882595
-1.3857155081649752403905040409881621599197
-1.3923212668135622749332469538785517215729
-1.4008638649721023572425337988534010946751
-1.4113806626694600510063537512905895709991
-1.4239064765872260220902489891159348189831
-1.4384734854511362911466676450800150632858
-1.4551111382974795116496125046978704631329
-1.4738460658957759363829609355889260768890
-1.4947019953427700400538924441207200288773
-1.5176996681121404098036009600036777555943
-1.5428567616551913666000928060384467244148
-1.5701878147169663346716106389067135751247
-1.5997041566900978004639455321012064814568
-1.6314138408228808785338515008334070444107
-1.6653215817826756417474598492844961583614
-1.7014286976612980062384394841501489281654
-1.7397330563956798776814594020834192633629
-1.7802290270474281363988211523974314332008
-1.8229074357150651941594787786016240715981
-1.8677555266933500988102423434611409902573
-1.9147569287187715669773524496122263371944
-1.9638916263872219225561366329202428460121
-2.0151359372266743896773277811007574200630
-2.0684624941214568849545685225166380405426
-2.1238402336617530075102422415511682629585
-2.1812343900608861524403891962720081210136
-2.2406064953336737310962689662119373679161
-2.3019143851706438397286547115072607994080
-2.3651122112110831707809666113462299108505
-2.4301504595426091093202103365911170840263
-2.4969759752284628184781922755064442753792
-2.5655319937671134944423556589754298329353
-2.6357581784107675382244906359119340777397
-2.7075906644973004588905496348161250352859
-2.7809621099201251581689575687050819396973
-2.8558017525782197765238379361107945442200
-2.9320354740697109896530037076445296406746
-3.0095858701562963055664567946223542094231
-3.0883723278470345263713170425035059452057
-3.1683111090173889934362705389503389596939
-3.2493154404416708658231982553843408823013
-3.3312956104664408485405147075653076171875
-3.4141590720469037201212358922930434346199
-3.4978105521770070929221674305154010653496
-3.5821521672334593056064022675855085253716
-3.6670835449696594920965253550093621015549
-3.7525019521263787147802304389188066124916
-3.8383024280015742846217108308337628841400
-3.9243779237206513066382740362314507365227
-4.0106194470464622270355903310701251029968
-4.0969162124616955722444799903314560651779
-4.1831557964955914385996038618031889200211
-4.2692242978221459637211410154122859239578
-4.3550065022955397608939165365882217884064
-4.4403860518093480891366198193281888961792
-4.5252456183228355612868654134217649698257
-4.6094670806828279552291860454715788364410
-4.6929317058538417839486101001966744661331
-4.7755203331130084976052785350475460290909
-4.8571135611922926500483299605548381805420
-4.9375919383482571589638610021211206912994
-5.0168361544480077895968861412256956100464
-5.0947272352846031395756654092110693454742
-5.1711467383847828926946021965704858303070
-5.2459769502177122646457974042277783155441
-5.3191010841855108637332705256994813680649
-5.3904034792333685999210501904599368572235
-5.4597697985913775653443735791370272636414
-5.5270872282905818551057564036455005407333
-5.5922446750480307997577256173826754093170
-5.6551329632264604185820644488558173179626
-5.7156450302756445225327297521289438009262
-5.7736761204704540872967299947049468755722
-5.8291239765538920281073842488694936037064
-5.8818890286593150662497464509215205907822
-5.9318745803337753486061956209596246480942
-5.9789869914302880005152474041096866130829
-6.0231358570336359647967583441641181707382
-6.0642341824388275028923089848831295967102
-6.1021985537580585301498103945050388574600
-6.1369493036557489773485940531827509403229
-6.1684106720262663614562370639760047197342
-6.1965109610263029438215198752004653215408
-6.2211826846850559746826547780074179172516
-6.2423627119523361628239399578887969255447
-6.2599924037320215930435551854316145181656
-6.2740177429819370402697131794411689043045
-6.2843894578413070917122240643948316574097
-6.2910631377140298070571589050814509391785
-6.2939993416291928340910999395418912172318
-6.2931636990627302097323081397917121648788
-6.2885270026701922674305933469440788030624
-6.2800652930616385205553342530038207769394
-6.2677599349665058525715721771121025085449
-6.2515976853049179950971847574692219495773
-6.2315707521614980279878182045649737119675
-6.2076768454378425943218644533772021532059
-6.1799192181381155108965685940347611904144
-6.1483066989441450544973122305236756801605
-6.1128537156971596289167791837826371192932
-6.0735803095622804548270323721226304769516
-6.0305121400542835985447709390427917242050
-5.9836804808318264647937212430406361818314
-5.9331222062216069090823111764620989561081
-5.8788797684333200521678008954040706157684
-5.8210011654975302164416461891960352659225
-5.7595399000993072746723555610515177249908
-5.6945549289817325444573725690133869647980
-5.6261106034812007337109207583125680685043
-5.5542766007861574806270255066920071840286
-5.4791278464212753718243220646400004625320
-5.4007444275924854082404635846614837646484
-5.3192114980558935499743711261544376611710
-5.2346191741279479714421540847979485988617
-5.1470624223762033722096020937897264957428
-5.0566409387821735776924469973891973495483
-4.9634590197445369597062381217256188392639
-4.8676254252537729527716692246031016111374
-4.7692532340597217910271865548565983772278
-4.6684596910560687277325087052304297685623
-4.5653660476325317318924135179258882999420
-4.4600973943603428040205471916124224662781
-4.3527824869356148695942465565167367458344
-4.2435535652158673514122710912488400936127
-4.1325461657566897599735966650769114494324
-4.0198989279760173332078920793719589710236
-3.9057533944137912129690448637120425701141
-3.7902538050048466544694747426547110080719
-3.6735468859138560304700149572454392910004
-3.5557816331641105556116144725820049643517
-3.4371090911907646869849486392922699451447
-3.3176821267462908160439383209450170397758
-3.1976551985299845881627334165386855602264
-3.0771841224008653625787701457738876342773
-2.9564258332279167440503897523740306496620
-2.8355381429281787397655989479972049593925
-2.7146794954964876822600672312546521425247
-2.5940087192554575068470512633211910724640
-2.4736847764344096489708135777618736028671
-2.3538665108975753703646205394761636853218
-2.2347123936373800567878333822591230273247
-2.1163802673103160323364591022254899144173
-1.9990270892742887376414273603586480021477
-1.8828086741638929701991855836240574717522
-1.7678794360050917866544750722823664546013
-1.6543921303538138278810265546781010925770
-1.5424975969703962341839087457628920674324
-1.4323445031958750295331128654652275145054
-1.3240790885808471077922376935021020472050
-1.2178449112742300020073571431566961109638
-1.1137825961950824638080348449875600636005
-1.0120295859848853492479747728793881833553
-0.9127198946227693676647163556481245905161
-0.8159838645065289330915447862935252487659
-0.7219479272176246853476300202601123601198
-0.6307343686567329354986100042879115790129
-0.5424610986235564036306300295109394937754
-0.4572414257258856640220301414956338703632
-0.3751838377545190228445903812826145440340
-0.2963917881570161116933093126135645434260
-0.2209634889428928050669753702095476910472
-0.1489917106346077824152729363049729727209
-0.0805635896260381983990939147588505875319
-0.0157604432984614246937571380158260581084
0.0453424061842689837820152831682207761332
0.1026757997023778484768641305890923831612
0.1561768993796118221162316785921575501561
0.2057893372782837737577921188858454115689
0.2514633538361087383705694264790508896112
0.2931559258411687296508318922860780730844
0.3308308832224272078015303577558370307088
0.3644590145934363256685628584818914532661
0.3940181608252849021489794267836259678006
0.4194932965845887817835091482265852391720
0.4408765990920414101772450976568507030606
0.4581675041356196298458769433636916801333
0.4713727487303248087080476125265704467893
0.4805064002127030220457015730062266811728
0.4855898715352189309868435884709469974041
0.4866519223604133248528569311019964516163
0.4837286458786487219896343958680517971516
0.4768634409811101648735132130241254344583
0.4661069697606283757096434783306904137135
0.4515171000417187996411882977554341778159
0.4331588329448587959547012360417284071445
0.4111042153596891068900731625035405158997
0.3854322372598126267284612822550116106868
0.3562287138655986229451855251681990921497
0.3235861526418112310565788902749773114920
0.2876036053810065440394794222811469808221
0.2483865051406442536752194882865296676755
0.2060464885361604214786268585157813504338
0.1607012033529522099239983390361885540187
0.1124741017674196902342842463440319988877
0.0614942195455650611468634281209233449772
0.0078959413399906971248176645872263179626
-0.0481812473289520357133675076966028427705
-0.1065930212019139816659318853453441988677
-0.1671904888668522548567096919214236550033
-0.2298204785757693990877470469058607704937
-0.2943258354495785211746294862678041681647
-0.3605457297924578585757160453795222565532
-0.4283159756636725767897644345794105902314
-0.4974693592201171465916331726475618779659
-0.5678359760315100368543994591163937002420
-0.6392435767057148554570744636293966323137
-0.7115179200125969494195032893912866711617
-0.7844831327445409563381417683558538556099
-0.8579620754762546930294320191023871302605
-0.9317767133443548566162917268229648470879
-1.0057484909917315807348359157913364470005
-1.0796987107664408611640283197630196809769
-1.1534489132163117108831329460372216999531
-1.2268212589706197768180118146119639277458
-1.2996389109943271567004785538301803171635
-1.3717264163382929531564968783641234040260
-1.4429100862074144551172594219679012894630
-1.5130183735973403713614970911294221878052
-1.5818822473020539565169428897206671535969
-1.6493355613915707813532662839861586689949
-1.7152154191179380671172793881851248443127
-1.7793625303625473232926879063597880303860
-1.8416215614534325872853059991030022501945
-1.9018414766196420906396724603837355971336
-1.9598758699585010489840897207614034414291
-2.0155832870699783576640129467705264687538
-2.0688275354409402240207782597281038761139
-2.1194779827130720839534205879317596554756
-2.1674098419525686942677111801458522677422
-2.2125044431644029785388738673646003007889
-2.2546494902499092383152401453116908669472
-2.2937393026344436997021603019675239920616
-2.3296750409661242109393697319319471716881
-2.3623649161413808883480669464915990829468
-2.3917243811173283241089393413858488202095
-2.4176763049497158597489487874554470181465
-2.4401511285331221046135397045873105525970
-2.4590870016325632185782978922361508011818
-2.4744299008224350799878266116138547658920
-2.4861337279489803542276149528333917260170
-2.4941603889326926513092530512949451804161
-2.4984798526071143598414892039727419614792
-2.4990701895164217916089910431765019893646
-2.4959175905516564064612339279847219586372
-2.4890163653907335650217191869160160422325
-2.4783689208059023201258241897448897361755
-2.4639857189081832977706199017120525240898
-2.4458852155095143210417063528439030051231
-2.4240937788172978173406590940430760383606
-2.3986455887274940046438587160082533955574
-2.3695825170847872875867778930114582180977
-2.3369539892808539605084661161527037620544
-2.3008168276761038484323762531857937574387
-2.2612350773153409022597770672291517257690
-2.2182798145477211626541702571557834744453
-2.1720289391306368820266925467876717448235
-2.1225669504864863590398726955754682421684
-2.0699847088424596641687003284459933638573
-2.0143791819835694667517600464634597301483
-1.9558531784205765990947156751644797623158
-1.8945150677967581565042110014474019408226
-1.8304784894320047516913518848014064133167
-1.7638620498503334577122814152971841394901
-1.6947890102584570737320746047771535813808
-1.6233869649095644671632499012048356235027
-1.5497875113210672903818476697779260575771
-1.4741259133490514088293821259867399930954
-1.3965407581094839706281618418870493769646
-1.3171736077649240925779849931132048368454
-1.2361686472135762215884824399836361408234
-1.1536723286730967696911420716787688434124
-1.0698330142161136535605692188255488872528
-0.9848006172677359337797042826423421502113
-0.8987262440604988356085414125118404626846
-0.8117618360924006015721943185781128704548
-0.7240598145273885455353024553915020078421
-0.6357727275482545348239682425628416240215
-0.5470529015954227469720194676483515650034
-0.4580520974273871726012430372065864503384
-0.3689211719004522604947737818292807787657
-0.2798097463397308803934038223815150558949
-0.1908658823480265109839848491901648230851
-0.1022357658528043472534463376177882310003
-0.0140634001660012702278335083860838494729
0.0735096912079522407656995142133382614702
0.1603447513456703887868570745922625064850
0.2463060655779124030750892870855750516057
0.3312612254878251061285254763788543641567
0.4150813806629604640896502587565919384360
0.4976414776807505657707508817111374810338
0.5788204858828996934860811052203644067049
0.6585016095034483818437820445979014039040
0.7365724857920328272342658237903378903866
0.8129253688126771848487805982585996389389
0.8874572986536098939680528019380290061235
0.9600702558178479950612427273881621658802
1.0306713006423735556893461762228980660439
1.0991726976133853188599687200621701776981
1.1654920245135973466688028565840795636177
1.2295522663693063680767636469681747257710
1.2912818942372989994282761472277343273163
1.3506149288837427935305868231807835400105
1.4074909894846430180592733449884690344334
1.4618553274940320196861875956528820097446
1.5136588459010451579445089009823277592659
1.5628581040875970664671967824688181281090
1.6094153085987201734496920835226774215698
1.6532982901197268432724740705452859401703
1.6944804670279998148885169939603656530380
1.7329407958952933732632573082810267806053
1.7686637093714434598723528324626386165619
1.8016390418818997165573136953753419220448
1.8318619436222340901565530657535418868065
1.8593327833453630049120874900836497545242
1.8840570404571388429815215204143896698952
1.9060451869782140121856173209380358457565
1.9253125599128668721249368900316767394543
1.9418792246018179437072603832348249852657
1.9557698296597880727176743675954639911652
1.9670134540865282790633727927342988550663
1.9756434471545305520123747555771842598915
1.9816972617008543622318939014803618192673
1.9852162814278890845542946408386342227459
1.9862456428393493457207341634784825146198
1.9848340524353531577617104630917310714722
1.9810335997695656118366969167254865169525
1.9748995670054478868138403413468040525913
1.9664902355533246947061343234963715076447
1.9558666904093460203739596181549131870270
1.9430926227752911561452719979570247232914
1.9282341315361626321589483268326148390770
1.9113595241742304953191933236666955053806
1.8925391176528236769627255853265523910522
1.8718450398248740462747718993341550230980
1.8493510318652297552688423820654861629009
1.8251322522452253505065300487331114709377
1.7992650827170550975608875887701287865639
1.7718269367757988330680518629378639161587
1.7428960710335710260210362321231514215469
1.7125513999326866798611490594339556992054
1.6808723141752077712141044685267843306065
1.6479385032627014151529465380008332431316
1.6138297824701512972467298823175951838493
1.5786259246030180936060105523210950195789
1.5424064968096200534120043812436051666737
1.5052507027492141311597606545547023415565
1.4672372303494123357836542709264904260635
1.4284441053822578560072997788665816187859
1.3889485510647003874140636980882845818996
1.3488268538568255472398504934972152113914
