-1.0790151769190574615464583985158242285252
-1.1123804125250347230036140899755991995335
-1.1462366737696676466384815284982323646545
-1.1805596288068378463265162281459197402000
-1.2153228915199210113939898292301222681999
-1.2504980047075777704890242603141814470291
-1.2860544327264031849722414335701614618301
-1.3219595643969808129725151957245543599129
-1.3581787269365366288553786944248713552952
-1.3946752116181888592194582088268361985683
-1.4314103117726317826452486769994720816612
-1.4683433736421498405633201400632970035076
-1.5054318604690133387435935219400562345982
-1.5426314300513077615306656298344023525715
-1.5798960258302698900223504097084514796734
-1.6171779813866491437579497869592159986496
-1.6544281380226006916700498550198972225189
-1.6915959748938473872215126903029158711433
-1.7286297509394232818635828152764588594437
-1.7654766576385105825153232217417098581791
-1.8020829814115915112893162586260586977005
-1.8383942742833443428907003180938772857189
-1.8743555312433690662743401844636537134647
-1.9099113725852503442581564740976318717003
-1.9450062293805612245733982490492053329945
-1.9795845301581360686782318225596100091934
-2.0135908868153844508697147830389440059662
-2.0469702777911686908396404760424047708511
-2.0796682265818797752388036315096542239189
-2.1116309737842970939425413234857842326164
-2.1428056410006512955135349329793825745583
-2.1731403851401180915559052664320915937424
-2.2025845418930343200258903380017727613449
-2.2310887574333451155439433932770043611526
-2.2586051077138109555164646735647693276405
-2.2850872050484505315637306921416893601418
-2.3104902920173491231992102257208898663521
-2.3347713230697477726494071248453110456467
-2.3578890345306633413713370828190818428993
-2.3798040040228376490460959757911041378975
-2.4004787005887853190699843253241851925850
-2.4198775270266326131718415126670151948929
-2.4379668561295333439886690030107274651527
-2.4547150626345914936621284141438081860542
-2.4700925527374293366733581933658570051193
-2.4840717930105178368194174254313111305237
-2.4966273404755123799247940041823312640190
-2.5077358754245016037032200983958318829536
-2.5173762383659203933916614914778620004654
-2.5255294721950045655489702767226845026016
-2.5321788703642660323112067999318242073059
-2.5373100314675394173491440596990287303925
-2.5409109202637116808887185470666736364365
-2.5429719347663475303988889208994805812836
-2.5434859786270407333574894437333568930626
-2.5424485376572150130414229352027177810669
-2.5398577589787638686402715393342077732086
-2.5357145309807909150379146012710407376289
-2.5300225619989800129872037359746173024178
-2.5227884554351152068818464613286778330803
-2.5140217789039707163567527459235861897469
-2.5037351249383021922767511568963527679443
-2.4919441608019394784889755101175978779793
-2.4786676650556240808498387195868417620659
-2.4639275486877050269640676560811698436737
-2.4477488588561508997543114674044772982597
-2.4301597635825693544120440492406487464905
-2.4111915160832690929737509577535092830658
-2.3908783978062451147650335769867524504662
-2.3692576396541191741107468260452151298523
-2.3463693212991625358654346200637519359589
-2.3222562489247899897293336834991350769997
-2.2969638121459472479557462065713480114937
-2.2705398212569862792520325456280261278152
-2.2430343263194587599684837186941877007484
-2.2144994199245187083135988359572365880013
-2.1849890257380928382247020635986700654030
-2.1545586751559819838064413488609716296196
-2.1232652745570383956419391324743628501892
-2.0911668657439639318340596219059079885483
-2.0583223822034391048418910941109061241150
-2.0247914038021259663935325079364702105522
-1.9906339124666054818391103253816254436970
-1.9559100512782812142376087649608962237835
-1.9206798892549945545482614761567674577236
-1.8850031938965516875583716682740487158298
-1.8489392133488515845840538531774654984474
-1.8125464697986450879341191466664895415306
-1.7758825654556777973169801043695770204067
-1.7390040022182302603681591790518723428249
-1.7019660158588811871283041909919120371342
-1.6648224253153511842384659757954068481922
-1.6276254974320638613249911941238678991795
-1.5904258272755911196583156197448261082172
-1.5532722339449316351078778097871690988541
-1.5162116716178446473861640697577968239784
-1.4792891554186327063291628292063251137733
-1.4425477015615384424052081158151850104332
-1.4060282811168942629365119501017034053802
-1.3697697866636207031376670784084126353264
-1.3338090110301914492652031185571104288101
-1.2981806372848994080015927465865388512611
-1.2629172391130776276213509845547378063202
-1.2280492907116662415489827253622934222221
-1.1936051853376887788016347258235327899456
-1.1596112616645222193056952164624817669392
-1.1260918371261647852321630125516094267368
-1.0930692474627630161876368219964206218719
-1.0605638917188131564728337252745404839516
-1.0285942819867868180949699308257550001144
-0.9971770972323139581305895262630656361580
-0.9663272405810555687466489871439989656210
-0.9360578994913218986440028857032302767038
-0.9063806082794464424878810859809163957834
-0.8773053125064751434081244951812550425529
-0.8488404347745714950690398836741223931313
-0.8209929415193186752475185130606405436993
-0.7937684104198957646403300714155193418264
-0.7671710980827483039590219959791284054518
-0.7412040076860882953369014103373046964407
-0.7158689563022335722308753247489221394062
-0.6911666416427579839876216283300891518593
-0.6670967079976306557398402219405397772789
-0.6436578111641921839947144690086133778095
-0.6208476821850321680784645650419406592846
-0.5986631897356653464470355174853466451168
-0.5771004010235042391840920572576578706503
-0.5561546410789629524273891547636594623327
-0.5358205503377293510425261047203093767166
-0.5160921404303120407774940758827142417431
-0.4969628481109039097596280498692067340016
-0.4784255872724718083865980133850825950503
-0.4604727990087569833299596666620345786214
-0.4430964996965605640077967564138816669583
-0.4262883270833481841322054606280289590359
-0.4100395843757872471613268317014444619417
-0.3943412823343970807776770470809424296021
-0.3791841793880732502941555139841511845589
-0.3645588197898130822238726977957412600517
-0.3504555698416495501668066481215646490455
-0.3368646522225478001644205505726858973503
-0.3237761784579434864994595955067779868841
-0.3111801795737296760790968619403429329395
-0.2990666349808695501089061963284621015191
-0.2874254996395302352851786054088734090328
-0.2762467295537008871164630363637115806341
-0.2655203056487684953879124805098399519920
-0.2552362560855286344185799407568993046880
-0.2453846770646549713124073832659632898867
-0.2359557521757914833049341041260049678385
-0.2269397703452313563854403355435351841152
-0.2183271424356349466044946439069462940097
-0.2101084165504643330724121597086195833981
-0.2022742920948332190356211413018172606826
-0.1948156326432785578894879563449649140239
-0.1877234776636560187323965465111541561782
-0.1809890531448868356001469237526180222631
-0.1746037811747592205513512908510165289044
-0.1685592885123461115437493162971804849803
-0.1628474141979392442181051592342555522919
-0.1574602162416667561206651271277223713696
-0.1523899774302316101337595455333939753473
-0.1476292102894435076532175799002288840711
-0.1431706612384635035617463927337666973472
-0.1390073139699287418924456005697720684111
-0.1351323920883810980608785712320241145790
-0.1315393610377085520379836225401959381998
-0.1282219293466076992515922938764560967684
-0.1251740492194123310909503743459936231375
-0.1223899164979923848139975461890571750700
-0.1198639700188318391038677646065480075777
-0.1175908903878260386433041162490553688258
-0.1155655981938233656247660974258906207979
-0.1137832516804464372262017946013656910509
-0.1122392438943034809195609113885439001024
-0.1109291993263038789141461393228382803500
-0.1098489700614583564064474785482161678374
-0.1089946314512541120089750279475993011147
-0.1083624773214636322071768859132134821266
-0.1079490147270661393186230725405039265752
-0.1077509582648475267019350098962604533881
-0.1077652239531808331385320798290194943547
-0.1079889226875052760101780791046621743590
-0.1084193532790927727571528293992741964757
-0.1090539950838366467511519886102178134024
-0.1098905002270246789031205025821691378951
-0.1109266854293478876680723033132380805910
-0.1121605234387810234863991354359313845634
-0.1135901340724366909151754612139484379441
-0.1152137748720389459622381878034502733499
-0.1170298313763167286083444196265190839767
-0.1190368070133507732988320526601455640048
-0.1212333126157491142160793629045656416565
-0.1236180555614696668920160504967498127371
-0.1261898285431626576258423710896749980748
-0.1289474979690597711279309578458196483552
-0.1318899919987139013333177217646152712405
-0.1350162882172980527428762798081152141094
-0.1383254009526650452066576235665706917644
-0.1418163682400290781515650451183319091797
-0.1454882384398803740754857471983996219933
-0.1493400565156481063500137906885356642306
-0.1533708499786488876903689515529549680650
-0.1575796145090168354219173352248617447913
-0.1619652992626140763920972176492796279490
-0.1665267918753364773110092755814548581839
-0.1712629031778210852987598400432034395635
-0.1761723516352425022990502156972070224583
-0.1812537475287443189397862397527205757797
-0.1865055768970277361162857232557144016027
-0.1919261852587172967332662665285170078278
-0.1975137611383910030138366664687055163085
-0.2032663194215173496637305561307584866881
-0.2091816845660358359371144842953071929514
-0.2152574737009573246915294930659001693130
-0.2214910796450705321447571805038023740053
-0.2278796538816915961955800185023690573871
-0.2344200895283386210099507707127486355603
-0.2411090043432432550307709107073605991900
-0.2479427238137363043168903686819248832762
-0.2549172643747297795080442028847755864263
-0.2620283168087805814039370488899294286966
-0.2692712298825183925288229147554375231266
-0.2766409942775679420279288933670613914728
-0.2841322268774548742698016212671063840389
-0.2917391554753437366009904962993459776044
-0.2994556039708266004240044821926858276129
-0.3072749781273076963294954566663363948464
-0.3151902519647771794275570300669642165303
-0.3231939548660212047082040953682735562325
-0.3312781594773989701785410488810157403350
-0.3394344704883344165935454839200247079134
-0.3476540143765202151016069365141447633505
-0.3559274302085851382493331129808211699128
-0.3642448615884028018108153901266632601619
-0.3725959498476417719459163890860509127378
-0.3809698285750981461283970475051319226623
-0.3893551195832424260956372563668992370367
-0.3977399304118330314317120155465090647340
-0.4061118534696787074622648106014821678400
-0.4144579669163773183448995496291900053620
-0.4227648373863289177343460778502048924565
-0.4310185246572986184077080906718038022518
-0.4392045883653700744098102859425125643611
-0.4473080968671780399681381368282018229365
-0.4553136383489156946424714078602846711874
-0.4632053342795856565317080821841955184937
-0.4709668553034646043542466031794901937246
-0.4785814396635655887379812156723346561193
-0.4860319142441392736841976329742465168238
-0.4933007183158190644967078242189018055797
-0.5003699300619327550165849061158951371908
-0.5072212959586674951850682191434316337109
-0.5138362630753177118236862952471710741520
-0.5201960143535238056955449792440049350262
-0.5262815069164450409999744806555099785328
-0.5320735134500429452941716590430587530136
-0.5375526666890723115344030702544841915369
-0.5426995070300975054777836703578941524029
-0.5474945332827712007883746991865336894989
-0.5519182565587297251141762899351306259632
-0.5559512572849147904463507074979133903980
-0.5595742453147245498712436528876423835754
-0.5627681230964608483091637936013285070658
-0.5655140518437390406703002554422710090876
-0.5677935206371970133787385748291853815317
-0.5695884183709195580647133283491712063551
-0.5708811084404883384735285289934836328030
-0.5716545060525107802007482860062737017870
-0.5718921580181711705748170970764476805925
-0.5715783248754249257217452395707368850708
-0.5706980651664145254287063835363369435072
-0.5692373216783669365170794662844855338335
-0.5671830094375210906676443300966639071703
-0.5645231052272602356723041339137125760317
-0.5612467383827171030219460590160451829433
-0.5573442825955292612150060449494048953056
-0.5528074484438822988607853403664194047451
-0.5476293763444141093899020233948249369860
-0.5418047296043865257431093596096616238356
-0.5353297872344596752824941177095752209425
-0.5282025361645467098625772450759541243315
-0.5204227624879820268688490614295005798340
-0.5119921413420324141085870905953925102949
-0.5029143250160739153642452947678975760937
-0.4931950288628371703580910434538964182138
-0.4828421145720324658690003616356989368796
-0.4718656703510699657044824562035501003265
-0.4602780875428244544700362439471064135432
-0.4480941331969545138314003906998550519347
-0.4353310180986472710529255891742650419474
-0.4220084597468500287043013941001845523715
-0.4081487397637081349088816750736441463232
-0.3937767552080664867908410542440833523870
-0.3789200632581715133540001261280849575996
-0.3636089187238373821031700572348199784756
-0.3478763038442233002101033889630343765020
-0.3317579498274094151888391479587880894542
-0.3152923495891148397696213123708730563521
-0.2985207611531877636146248278237180784345
-0.2814872011846976107563023106195032596588
-0.2642384281382532118520600761257810518146
-0.2468239145201111262029058934786007739604
-0.2292958077825144880268481983875972218812
-0.2117088793928895984475246905276435427368
-0.1941204616496001733594312099739909172058
-0.1765903718491830809433906779304379597306
-0.1591808234481763284495769994464353658259
-0.1419563239056849390795633780726348049939
-0.1249835589400533769621759461188048589975
-0.1083312629851753833287730799384007696062
-0.0920700756886161236769439142335613723844
-0.0762723843539629964283221852383576333523
-0.0610121522942726340899000092576898168772
-0.0463647331325042696970051281368796480820
-0.0324066711548387786923086650858749635518
-0.0192154878989135302624902124080108478665
-0.0068694552347725026594793540368755202508
0.0045526447225829524620421828728922264418
0.0149717724501199963421660399376378336456
0.0243088960991359737118244765952113084495
0.0324852682351474408850577901830547489226
0.0394227135608295822799540530922968173400
0.0450439268598807202037548336193140130490
0.0492727803125774591053165352150244871154
0.0520346392450127745443744231579330516979
0.0532566852853196895378751207772438647225
0.0528682458129740573404831138759618625045
0.0508011284991800801669192821918841218576
0.0469899596508171202291492818403639830649
0.0413725249863022143115287576620175968856
0.0338901113907174866834992599251563660800
0.0244878481196049817281146232517130556516
0.0131150458487241886734731011188159754965
-0.0002744681006785032288675107992048651795
-0.0157220200904510040706973938995361095294
-0.0332637678292216146247461949769785860553
-0.0529303871934973524382428422541124746203
-0.0747467700581782024116250795486848801374
-0.0987317350065061577479852417127403896302
-0.1248977527915105106837145854115078691393
-0.1532506884104380684430424253150704316795
-0.1837895616237290030703377397003350779414
-0.2165063277078985159995738740690285339952
-0.2513856801667211926520906217774609103799
-0.2884048770487762092251671219855779781938
-0.3275335924222372296910066324926447123289
-0.3687337944478168982875843084912048652768
-0.4119596513634675161164011569780996069312
-0.4571574665578590490611077257199212908745
-0.5042656437595077756341765962133649736643
-0.5532146832111171086410195130156353116035
-0.6039272095367129722376375866588205099106
-0.6563180318419725711720502658863551914692
-0.7102942364239156480820724937075283378363
-0.7657553123008707940400086044974159449339
-0.8225933096171254010897655462031252682209
-0.8806930308254901085263099957956001162529
-0.9399322544075577878786020846746396273375
-1.0001819907616316118748045482789166271687
-1.0613067697670690581190910961595363914967
-1.1231649594210426634788291266886517405510
-1.1856091148480267793985376556520350277424
-1.2484863568855528725976000714581459760666
-1.3116387793690278407154892192920669913292
-1.3749038841546665778992064588237553834915
-1.4381150428412892150475954622379504144192
-1.5011019840693291538258336004219017922878
-1.5636913051902485705113576841540634632111
-1.6257070070021848451347068476025015115738
-1.6869710501450196904471567904693074524403
-1.7473039316267733322973754184204153716564
-1.8065252798200361894487286917865276336670
-1.8644544661187905099097861238988116383553
-1.9209112312794573984575663416762836277485
-1.9757163242910349421066484865150414407253
-2.0286921514289066870162514533149078488350
-2.0796634329436112231803690519882366061211
-2.1284578646329093132294474344234913587570
-2.1749067813380680291857061092741787433624
-2.2188458192071958130497932870639488101006
-2.2601155733795126323570912063587456941605
-2.2985622475763407557280970650026574730873
-2.3340382919408004802619416295783594250679
-2.3664030253551375793108491052407771348953
-2.3955232383895470604784350143745541572571
-2.4212737730039264327785986097296699881554
-2.4435380751381035047131717874435707926750
-2.4622087163882215854471269267378374934196
-2.4771878810853600327845924766734242439270
-2.4883878152575267250767865334637463092804
-2.4957312341771817898461449658498167991638
-2.4991516854666158131692554889013990759850
-2.4985938650457857335140943177975714206696
-2.4940138835686682661219037981936708092690
-2.4853794813832861265723295218776911497116
-2.4726701904770802542543606250546872615814
-2.4558774423119458241160373290767893195152
-2.4350046209170050914849525725003331899643
-2.4100670610725045683864209422608837485313
-2.3810919918881228163343166670529171824455
-2.3481184265369354768893117579864338040352
-2.3111969993523002742108474194537848234177
-2.2703897519154438988664423959562554955482
-2.2257698701577695032938208896666765213013
-2.1774213748608675089712960470933467149734
-2.1254387682613820054200459708226844668388
-2.0699266397491333790981116180773824453354
-2.0109992338820692481249352567829191684723
-1.9487799841356114871615545780514366924763
-1.8834010159428455910557431707275100052357
-1.8150026226808284590674702485557645559311
-1.7437327183060287172366997765493579208851
-1.6697462703427612407125479876413010060787
-1.5932047168900731470841947157168760895729
-1.5142753712266749932524589894455857574940
-1.4331308174743926375782621107646264135838
-1.3499483006243560012649140844587236642838
-1.2649091140423147638927048319601453840733
-1.1781979873575019190923285350436344742775
-1.0900024774049850151413920684717595577240
-1.0005123646391944625122505385661497712135
-0.9099190571761497370317783861537463963032
-0.8184150043516893457962169122765772044659
-0.7261931214177853588509492510638665407896
-0.6334462267340762453571301193733233958483
-0.5403664925620944581297067088598851114511
-0.4471449103327174157129775267094373703003
-0.3539707710438750876136282386141829192638
-0.2610311612565317518352969727857271209359
-0.1685104749957490044565133757714647799730
-0.0765899417385005609748560573279974050820
0.0145528294245030071635271795571497932542
0.1047442894206940533496918988021207042038
0.1938153726095407369811596254294272512197
0.2816019039495802345207664529880275949836
0.3679449898386500938940457672288175672293
0.4526913924665926236556856565584894269705
0.5356938874069814282563584129093214869499
0.6168116040442135350474472943460568785667
0.6959103482797439621521107255830429494381
0.7728629068030586912740886873507406562567
0.8475493320454474677205780608346685767174
0.9198572067770919291618270108301658183336
0.9896818871566605002598748797026928514242
1.0569267229120447026957663183566182851791
1.1215032532267050768837179930415004491806
1.1833313768313471481263832174590788781643
1.2423394947673978006008610464050434529781
1.2984646242927786463638994973734952509403
1.3516524824548628025411289854673668742180
1.4018575379526061475132792111253365874290
1.4490430300573491351201482757460325956345
1.4931809535547311273973036804818548262119
1.5342520089051077114561394409975036978722
1.5722455170975202509708879006211645901203
1.6071592989800271844558210432296618819237
1.6389995191861621570694751426344737410545
1.6677804951344241679578317416599020361900
1.6935244719432567261918620715732686221600
1.7162613644744015850562846026150509715080
1.7360284680801394419091820964240469038486
1.7528701399781163594582267251098528504372
1.7668374534999005120994297612924128770828
1.7779878277542553455248253158060833811760
1.7863846354992634068992174434242770075798
1.7920967922302966091052667252370156347752
1.7951983296540217072134737463784404098988
1.7957679568331152974991482551558874547482
1.7938886123481605494589530280791223049164
1.7896470108332322990207785551319830119610
1.7831331872029065888085597180179320275784
1.7744400417996299967882123382878489792347
1.7636628895608459366428633074974641203880
1.7508990161332331769727943537873215973377
1.7362472436595661751113084392272867262363
1.7198075087303288377427179511869326233864
1.7016804547404518199726908278535120189190
1.6819670406231008730202347578597255051136
1.6607681676554313376925620104884728789330
1.6381843257522115120394801124348305165768
1.6143152603845312142993861925788223743439
1.5892596609928426598656869828118942677975
1.5631148715041929264657483145128935575485
1.5359766233212068797797655861359089612961
1.5079387909260244526876704185269773006439
1.4790931700364302603389887735829688608646
1.4495292780697397461153741460293531417847
1.4193341765066440629539101792033761739731
1.3885923146092939983731184838688932359219
1.3573853938290090237472895751125179231167
1.3257922521418772365819904734962619841099
1.2938887674725532139774486495298333466053
1.2617477793059159729693874396616593003273
1.2294390275426489989030187643948011100292
1.1970291076245545003331471889396198093891
1.1645814409386421317549320519901812076569
1.1321562595024716735281344881514087319374
1.0998106039366430941583985259057953953743
1.0675983337406187434481807940755970776081
