0.0000822094071766299493500551598401671072
0.0001082385501995819558846215202585483439
0.0001913780979062584819416770187672227621
0.0003124966699226927840764289623365357329
0.0004556823573607849038082096004842469483
0.0006079519664648991251684750913852894882
0.0007589610074040465054548421086622056464
0.0009007188689511913884389038287281437078
0.0010273107341286680412040244192439786275
0.0011346298414256273702493960087167579331
0.0012201217870690061161054185134844374261
0.0012825430201774735451680786724182325997
0.0013217351583345493450799557066943634709
0.0013384163284248140786403258317704967340
0.0013339905361719939149572899950157989224
0.0013103755615530010558700269029941409826
0.0012698498448439866307518864019243665098
0.0012149179042834257376271001049872211297
0.0011481947033265748822628005143542395672
0.0010723073342290322454428697085404564859
0.0009898142732272852996333600827938425937
0.0009031403085204425676760231489481611789
0.0008145266144769447913195903332450598100
0.0007259941959614168950284951442597503046
0.0006393194628096620767826463449523544114
0.0005560207028318719718260054740710529586
0.0004773535506175052801555724890647525172
0.0004043143017604933480563245140615435957
0.0003376496529400396882231172313026945631
0.0002778712681387762750175041137623566101
0.0002252744205383994037950740052522746737
0.0001799587315167361291790709687532512362
0.0001418510373828763026279181636013504431
0.0001107287666438239187192624224387316190
0.0000862433926522276884073237024352920344
0.0000679431008747410924725890213338175272
0.0000552947593370678428426230610615021988
0.0000477041977237346859468808402127137924
0.0000445352624155104229370684409961000938
0.0000451268135985261032404325387545895865
0.0000488085651995451294342907855305924159
0.0000549146730679295189451148695436444314
0.0000627965136607855367329583673452475523
0.0000718332854588954418037505256222630123
0.0000814423205342551547770979514240252684
0.0000910874117458959680010757709034407981
0.0001002868675141677150481137048565472014
0.0001086202888159792977543216530023073574
0.0001157347912871831163185432078677195022
0.0001213502638997265836977995645540318037
0.0001252639086356621776069397711239616910
0.0001273537543801905836619164924528035954
0.0001275812135435261342100016213052526837
0.0001259920477784603966460441615282661587
0.0001227164385223877905283645928236069267
0.0001179666358470798920429420397759656680
0.0001120333660409622599570672596414055988
0.0001052795411645979218023122525593748833
0.0000981320723202605538475901125750056053
0.0000910711021656496205614952921258975493
0.0000846165238193030688762519275769591331
0.0000793124902916497704448081651484869781
0.0000757093483887816260215555819179655828
0.0000743435022301941488996265827715603791
0.0000757157189498602873180613248571546592
0.0000802679776316717118016252907608532041
0.0000883603557498924225893296990896885745
0.0001002471750172917469177621963005719863
0.0001160550228687773328213259094177089992
0.0001357621518276808179458842174014421289
0.0001591813726483160061457577949539654583
0.0001859465538049809166590287112796886504
0.0002155050692651538923882981180213391781
0.0002471156457648992989424574506784892947
0.0002798547073947554647208035838445994159
0.0003126306162175351626916763869701298972
0.0003442075735568517181293957118981552412
0.0003732401031401222542271955973092190106
0.0003983179068357767466448948745494362811
0.0004180227415065562875627624972452167640
0.0004309969345288555643211370060896570067
0.0004360231999239560889136679833200105350
0.0004321159928772688512896293921983215114
0.0004186241256267430937629270282229754230
0.0003953427484944782815783070883952632357
0.0003626343599103387530316333631219549716
0.0003215573403515748157968645593030032614
0.0002739996318673698725426612909927825967
0.0002228164812476229991906884198016314258
0.0001719688660100349142639125643583497549
0.0001266611045397114676275968081498035644
0.0000934742588162507050033450672898993616
0.0000804930004997705977236657770568228898
0.0000974225079062218717257728983760500796
0.0001556930431490410773713584102750928650
0.0002685485059038317029109221856231215497
0.0004511168419814870229195280515455124259
0.0007204590852820346976240206693375967006
0.0010955943281871060451804211766102525871
0.0015974987887647752130698686201526470541
0.0022490763758108833075821664237992081326
0.0030750994590094784045253284432419604855
0.0041021180869162017501583505918461014517
0.0053583372881993969819025558365410688566
0.0068734613827508362141061049044310493628
0.0086785058788596772944012869288599176798
0.0108055772225099828987016081782712717541
0.0132876214373260428946998956689640181139
0.0161581435234188913740993598366912920028
0.0194508992471309309635341122657337109558
0.0231995623240742430970495746578308171593
0.0274373698048318466480299804288733866997
0.0321967492913347100302878800448524998501
0.0375089317877156450120601505204831482843
0.0434035543404660620336876775127166183665
0.0499082573329545364781978378232452087104
0.0570482808710372074623151661398878786713
0.0648460652583739555199215942593582440168
0.0733208609350396445236697218206245452166
0.0824883524115422178679679632296029012650
0.0923603017575010259987422500671527814120
0.1029442163580785440935017049923771992326
0.1142430456190160065199634686905483249575
0.1262549113676001144579430501835304312408
0.1389728758287612220279072516859741881490
0.1523847513536069064876699030719464644790
0.1664729548956752624988553179719019681215
0.1812144103923554183666055905632674694061
0.1965805013381421995077857900469098240137
0.2125370752156334475113652615618775598705
0.2290445011249436779721122547925915569067
0.2460577811914596013664890961081255227327
0.2635267154776522180448239396355347707868
0.2813961199726449091684798986534588038921
0.2996060962039230335385298076289473101497
0.3180923503797192797293291732785291969776
0.3367865599028760925648384727537631988525
0.3556167838996813768126514787581982091069
0.3745079140996956379439097872818820178509
0.3933821621528996725913884802139364182949
0.4121595787273634181602233184094075113535
0.4307585996645336701149631153384689241648
0.4490966136631521776756414965348085388541
0.4670905463364784515611916049238061532378
0.4846574550112665025203284585586516186595
0.5017151280233426158261522687098477035761
0.5181826836111068645962518530723173171282
0.5339811617032811374983225505275186151266
0.5490341034725836344421168178087100386620
0.5632681130790787582540701805555727332830
0.5766133963441766319135695084696635603905
0.5890042707258352772115017614851240068674
0.6003796431447194770214537129504606127739
0.6106834499616341505046079873864073306322
0.6198650567811657685624027180892881006002
0.6278796128009447308215840166667476296425
0.6346883587158186346144361777987796813250
0.6402588844457245409458323592843953520060
0.6445653352933150559422870173875708132982
0.6475885659618050294028535063262097537518
0.6493162399098315606948972344980575144291
0.6497428755432801406044518444105051457882
0.6488698388709083220149409498844761401415
0.6467052837524004393898735543189104646444
0.6432640404867265848665169869491364806890
0.6385674550225033385686401743441820144653
0.6326431816395640117534071578120347112417
0.6255249298789226086725534514698665589094
0.6172521716682729531200379824440460652113
0.6078698084625178132966993871377781033516
0.5974278052365291635794619651278480887413
0.5859807930979241685776059966883622109890
0.5735876453359979310064886703912634402514
0.5603110307163390313434092604438774287701
0.5462169490628988599567605888296384364367
0.5313742513744511564155459382163826376200
0.5158541514193027976986627436417620629072
0.4997297314957743208374552068562479689717
0.4830754449708325459766911080805584788322
0.4659666240620890520496288900176296010613
0.4484789908204211972275743391946889460087
0.4306881799936676524787060316157294437289
0.4126692745178297538899414576007984578609
0.3944963570651769391162133615580387413502
0.3762420812597326857940061017870903015137
0.3579772647309852895425308361154748126864
0.3397705067312887794450659839640138670802
0.3216878315882015226812029595748754218221
0.3037923619378583017791584097722079604864
0.2861440193663906117471640300209401175380
0.2687992586539413863988556840922683477402
0.2518108309146087631091859293519519269466
0.2352275833806649618651363198296166956425
0.2190942883496607429538727274120901711285
0.2034515077540215433060666327946819365025
0.1883354902159719568288664959254674613476
0.1737781017636804148374096712359460070729
0.1598067869457141521039034159912262111902
0.1464445642115222157020326676502008922398
0.1337100505578947273743750656649353913963
0.1216175166019368286685065072560973931104
0.1101769691683370661072771667932101991028
0.0993942632110695195590821526820946019143
0.0892712363509968465091759526330861262977
0.0798058710523319586593871122204291168600
0.0709924747610645862083700308176048565656
0.0628218848586070827133553962084988597780
0.0552816888851410045968570727836777223274
0.0483564611451574588585344827151857316494
0.0420280165327305416100855950389814097434
0.0362756721444461305292605857175658456981
0.0310765216441987179862849188793916255236
0.0264057152768938478704097150284724193625
0.0222367463869568814105459608754244982265
0.0185417384489159654814560695967884385027
0.0152917338742206213031415984460181789473
0.0124569812783563663854957681564883387182
0.0100072158922389492508031594297790434211
0.0079119348914089646790381848973083833698
0.0061406643749052844394320516130392206833
0.0046632118107975276469212566610167414183
0.0034499103047050771846115946317468115012
0.0024718428389756351946926482554545145831
0.0017010526127722558863142321428085779189
0.0011107338171443491801892999859546762309
0.0006754033459278696669564334698065977136
0.0003710497324581929251725853635690555166
0.0001752619001559319045213669596705585718
0.0000673347206441210537281386039332176097
0.0000283502174185068513102229298405987379
0.0000412369851598937155992725955844235841
0.0000908051819906008345463857556190134801
0.0001637593606013654202145646276989054968
0.0002486871777792654157959728600246762653
0.0003360304018477000467107762560203809699
0.0004180297233709406672617914235701164216
0.0004886566877688558289960507607929685037
0.0005435234121642640563870640946220191836
0.0005797794832094283010853752458046983520
0.0005959932472607576154494113396253851533
0.0005920237042816856032345640414860099554
0.0005688788152214696320491116310336110473
0.0005285712454520786161837886396597241401
0.0004739671938104939095774692514595471948
0.0004086307910761855107482920512751434217
0.0003366706822905163082500223925563886951
0.0002625871706031279772045050613371586223
0.0001911240635879574178458695232762920568
0.0001271253945664030284967010997476677403
0.0000753999782018599550622445226721879408
0.0000405974861589797363960185894171672771
0.0000270907195665159876072063810381607141
0.0000388756880739382632136344475348721517
0.0000794792713875480704485004812553938791
0.0001518848576588238685758369683753699064
0.0002584698518492833810636377656066997588
0.0004009573781744180131537957922915893505
0.0005803847360510516837500682996164869110
0.0007970841708345988412681704105011704087
0.0010506786764841312842994058840417892497
0.0013400896838786690093425768566248734714
0.0016635594675470911051051725593197261333
0.0020186826631672614984491787026854581200
0.0024024505298058463145793872683952940861
0.0028113031193566762576396822481683557271
0.0032411893631735821420802867720567519427
0.0036876352962841927977943878858013704303
0.0041458163266907413838091578384137392277
0.0046106345296329110522437488839386787731
0.0050767975381148166755251871506970928749
0.0055389007832184321972190943483838054817
0.0059915076857037117760707012337206833763
0.0064292304172557691865907969486215733923
0.0068468088693360937974086155577424506191
0.0072391843647054265192819499930010351818
0.0076015723739537707434599234090910613304
0.0079295276156370782250082385189671185799
0.0082190057521321687600268646178847120609
0.0084664176092732867234813554091488185804
0.0086686767598975131288163709086802555248
0.0088232414891094099879120804530430177692
0.0089281462164289664140692792670961352997
0.0089820288634637531627324946725821064319
0.0089841475072668427331867846419299894478
0.0089343903760422671567198449338320642710
0.0088332771818606797831208155002968851477
0.0086819534380221160402291147306641505565
0.0084821759049111909029017297712016443256
0.0082362906242746669605025999771896749735
0.0079472042875712040760349808010687411297
0.0076183479374152532001551740847844484961
0.0072536335869729960321161676972678833408
0.0068574058015127507120789474015509767924
0.0064343861423436839869216541387686447706
0.0059896140609151911696206305180112394737
0.0055283817287498406012336005233009927906
0.0050561662898884352640438422099578019697
0.0045785586626353371592079710694633831736
0.0041011902405414654357307391308040678268
0.0036296587449367568277425188938423161744
0.0031694529575580698485537389785804407438
0.0027258789121417815320969069148304697592
0.0023039877491817951221664273475653317291
0.0019085062293005838635756576948665497184
0.0015437709214162786443280683812417919398
0.0012136673868171632406642856949474662542
0.0009215753470409682266556439245164256135
0.0006703204425647646402808277343865483999
0.0004621336675507326159119403374830881148
0.0002986192826363431710758045145581718316
0.0001807324017623912492964272091811039900
0.0001087650585527288882303764694370329380
0.0000823434288055180379920297562001962888
0.0001004353660131451764486038014112523342
0.0001613673918368130387815395643258398195
0.0002628530751518587610729427161970761517
0.0004020306830654263221397348715413500031
0.0005755105616859613028649111932111281931
0.0007794316233266851065564218004055874189
0.0010095251474777145513778142671412751952
0.0012611859562972505422601132707427495916
0.0015295493960191608798226958754185034195
0.0018095722180393014177218757865261977713
0.0020961171850772818310570944078108368558
0.0023840382655319204523169940301841052133
0.0026682666147966617974096603660427717841
0.0029438940269085334122678432322572916746
0.0032062538306595776346763493336311512394
0.0034509964465369025177210460242349654436
0.0036741589182920407832821929616784473183
0.0038722266451506914299030004400492543937
0.0040421867936156052197871346720603469294
0.0041815710607298718984314866986551351147
0.0042884887804552108969691204265473061241
0.0043616477729338191254848666744692309294
0.0044003644408958922026875448807459179079
0.0044045616849502254239179244166280113859
0.0043747551381870279293972991752070811344
0.0043120286019446129460730432469972583931
0.0042179983496225580477667627121718396666
0.0040947681934249535035119649251100781839
0.0039448753890570656746583644292059034342
0.0037712295187732627031740317846697507775
0.0035770450007822553878389371107004990336
0.0033657694438017624928571880360550494515
0.0031410087108494442326156459444064239506
0.0029064512125152887865586759374991743243
0.0026657923430145171253546898526565200882
0.0024226612433032412678712841369588204543
0.0021805511018414013880983848281402970315
0.0019427548587674125287610982226738087775
0.0017123072974981744676786776793164790433
0.0014919346949598644939266600673022367118
0.0012840134657671419503299770070725571713
0.0010905377771102298285754716999917945941
0.0009130972226371492517921213405429625709
0.0007528647053655168706193245853341977636
0.0006105941131576697600280567712616175413
0.0004866282019213841441435119961056443572
0.0003809154756530386113679009785215612283
0.0002930359555885475564794562242099118521
0.0002222344173182166861442443650531686217
0.0001674604046691552264401053884412817752
0.0001274133821077905257945078743020417278
0.0001005919745459360421574110389109080188
0.0000853457294403314780436436981503334209
0.0000799278893661048455603415630044139562
0.0000825478070644036776570828806143254042
0.0000914215590955880274062761436937307735
0.0001048194236544475156040073793306532934
0.0001211089791839681272574841264244582817
0.0001387929008589194933374205698228820438
0.0001565403756499117459994457890459784721
0.0001732117229962959351150658671159021651
0.0001878754884114020062054611903690215513
0.0001998180916937952874765094257725195348
0.0002085457662437395498500336543656885624
0.0002137792574580643764538961937304861749
0.0002154416232936551321795054514396383638
0.0002136398548842288692885954537459269886
0.0002086411970729384771170572543397270238
0.0002008451290674839739835988439153879881
0.0001907522568903585735711203597020357847
0.0001789312180548696641028266762774023846
0.0001659850035573695722565523702485279500
0.0001525179691835632010774720379586710806
0.0001391047127977929054581246459676435734
0.0001262622086625819826759264952187322706
0.0001144261325252404748725049143942555929
0.0001039324171557431969068960309066085301
0.0000950047925758701285094826038957194214
0.0000877489534424968973917724479605340093
0.0000821536139052758690318536971552987325
0.0000780986782221404463814190544113102987
0.0000753703421744011909733443332903846112
0.0000736827749241131225391848724726173714
0.0000727057887256066253832062495909838162
0.0000720975829566272772945534352828644842
0.0000715416034091820345541465342442677411
0.0000707862037381801179579399185826105168
0.0000696856893794572951079252520756313061
0.0000682413505118173511869439362698130935
0.0000666406837701094610475205382016383737
0.0000652934116493097998134773063405589255
0.0000648624460814817337204335467859550590
0.0000662884211577674466089188376471952324
0.0000708062324234060008884203418766389859
0.0000799523322149076114346080701444918759
0.0000955616664735625654346351520729285767
0.0001197533721176968757576170032663753773
0.0001549046477269699938813379835877981350
0.0002036125328058169237609165147517842342
0.0002686435782015861068079687345999673198
0.0003528718069915903494254694194864896417
0.0004592056960997093059337337273007051408
0.0005905052637970476404200015352330410678
0.0007494906145313695935983311358086211840
0.0009386438338413594225859148956203625858
0.0011601061281864800348723187894961483835
0.0014155726758082964010510007568655055366
0.0017061877019518823222349324097990574955
0.0020324425763989717105828525234301196178
0.0023940798307259345684139262289136240724
0.0027900061483840366514941333520027910708
0.0032182173712910168081324790989583561895
0.0036757384871562949132939301932765374659
0.0041585816984919428407341257525331457146
0.0046617252260371163513630321517666743603
0.0051791155530090324243808197479665977880
0.0057036953805886889817822194004293123726
0.0062274594578859950380622656496143463301
0.0067415398033815691208880949147896899376
0.0072363217316954876051626754929202434141
0.0077015914277364806023173926519120868761
0.0081267154668709425807682222853145503905
0.0085008521814117447151781803427184058819
0.0088131941479988144816370976286634686403
0.0090532407328626132020366057417959382292
0.0092110990053522641407557358661506441422
0.0092778108049983293303952791575284209102
0.0092457034191920639543127435899805277586
0.0091087606402655389714606570805699448101
0.0088630108209329927504427359963301569223
0.0085069279150556953439377139147836714983
0.0080418413283498014348937843465137120802
0.0074723500546989155349231204183979571098
0.0068067363643167632519803689206128183287
0.0060573741459003871759336767865988804260
0.0052411269190643624063530303658353659557
0.0043797304609241296743937787994127575075
0.0035001551132747363986874589159015158657
0.0026349427876845199665567509583752325852
0.0018225140350529222751929658841163472971
0.0011074405657458541440973931457847356796
0.0005406790828255125802570546511560678482
0.0001797624531452024368785580499263687670
0.0000889447810406540618176352008816820671
0.0003392972403023852639124269270354261607
0.0010087521093245933444942918910669504839
0.0021820928600209833075895815568401303608
0.0039508887370168950525783913008126546629
0.0064133728000426871301842268735526886303
0.0096742629134463388462794597444371902384
0.0138445258179157003330939090801621205173
0.0190410848721652391224434808236765093170
0.0253864727230025816195890797644096892327
0.0330084305616754475343199715098307933658
0.0420394563037347346323713281890377402306
0.0526163043531133675645428127154445974156
0.0648794402004868320243957668935763649642
0.0789724534499872676818199579429347068071
0.0950414332896184904653225089532497804612
0.1132343107325394643281057938111189287156
0.1337001722702657324770569857719237916172
0.1565885497983461049908981976841459982097
0.1820486918829852251988654643355403095484
0.2102288215817365024662422001711092889309
0.2412753860950545836683289735447033308446
0.2753323035927208173312408234778558835387
0.3125402125283693877122459525708109140396
0.3530357287103220165214167991507565602660
0.3969507152681165940144580872583901509643
0.4444115705202494881476127375208307057619
0.4955385385557130595302055553474929183722
0.5504450470881239176890176167944446206093
0.6092370769104479277800123782071750611067
0.6720125669385446087744639953598380088806
0.7388608585499457648282373156689573079348
0.8098621825290314157896887081733439117670
0.8850871916053718591044230379338841885328
0.9645965411602468453367009715293534100056
1.0484405202854423233560510198003612458706
1.1366587349899890391213830298511311411858
1.2292798449286179707229393898160196840763
1.3263213546332364156654648468247614800930
1.4277894598220819410983040143037214875221
1.5336789489725777269057971352594904601574
1.6439731599552616092552170812268741428852
1.7586439911724363049927433166885748505592
1.8776519662693345047443926887353882193565
