-2.4999748021077787818455817614449188113213
-2.4911523250294518305736346519552171230316
-2.4821345665140595038167248276295140385628
-2.4729547048649691554089713463326916098595
-2.4636460538990316848639849922619760036469
-2.4542419786226408184859337779926136136055
-2.4447758098233718371261602442245930433273
-2.4352807580749673554976197920041158795357
-2.4257898271817426305574372236151248216629
-2.4163357274155923271052870404673740267754
-2.4069507887149996783193728333571925759315
-2.3976668741668545337120121985208243131638
-2.3885152939449865172605314000975340604782
-2.3795267199974579064303270570235326886177
-2.3707311017131580399563972605392336845398
-2.3621575827724590190825892932480201125145
-2.3538344195607563413830121135106310248375
-2.3457889011366357401300319907022640109062
-2.3380472713349238489399795071221888065338
-2.3306346528766694881085186352720484137535
-2.3235749739833448934689386078389361500740
-2.3168908976159117152349153911927714943886
-2.3106037535515735470426079700700938701630
-2.3047334734451547788580683118198066949844
-2.2992985293618048991959312843391671776772
-2.2943158755087744715694952901685610413551
-2.2898008938123091127181396586820483207703
-2.2857673432230400933917735528666526079178
-2.2822273130143551078674590826267376542091
-2.2791911802734432512806961312890052795410
-2.2766675716718505206870304391486570239067
-2.2746633295902443094860245764721184968948
-2.2731834829322048463495775649789720773697
-2.2722312224792391432970362075138837099075
-2.2718078810762794006450349115766584873199
-2.2719129186163851130686452961526811122894
-2.2725439120372099566225188027601689100266
-2.2736965501450057125509829347720369696617
-2.2753646336432016283879420370794832706451
-2.2775400801066911782299939659424126148224
-2.2802129340843015903317336778854951262474
-2.2833713822561030326596664963290095329285
-2.2870017737117511735789321392076089978218
-2.2910886453180565602849583228817209601402
-2.2956147520109424498002681502839550375938
-2.3005611021674612359788625326473265886307
-2.3059069978620536645053107349667698144913
-2.3116300799826881018361746100708842277527
-2.3177063780876965282118362665642052888870
-2.3241103649730967539710491109872236847878
-2.3308150157153488812866726220818236470222
-2.3377918712450207472386409790487959980965
-2.3450111061588718719406188029097393155098
-2.3524416006586572613912267115665599703789
-2.3600510165867558676211501733632758259773
-2.3678058771629331147323682671412825584412
-2.3756716505349011470116238342598080635071
-2.3836128365936195550034426560159772634506
-2.3915930572740542459087009774520993232727
-2.3995751498072532825744929141364991664886
-2.4075212628293098937604099774034693837166
-2.4153929551958865928895647812169045209885
-2.4231512971906790099296813423279672861099
-2.4307569738768131095696389820659533143044
-2.4381703904575799946030656428774818778038
-2.4453517793160854942868809303035959601402
-2.4522613085149735923096159240230917930603
-2.4588591914819981631978862424148246645927
-2.4651057977291666034602712898049503564835
-2.4709617641471508520112365658860653638840
-2.4763881068482249681039775168756023049355
-2.4813463330846157184339517698390409350395
-2.4857985531838808768156923179049044847488
-2.4897075920309648111583555873949080705643
-2.4930370999951545485373571864329278469086
-2.4957516629487730419612034893361851572990
-2.4978169112030927934142710000742226839066
-2.4991996269555540877149724110495299100876
-2.4998678501491315984139873762615025043488
-2.4997909824079549423458956880494952201843
-2.4989398887743772270653153100283816456795
-2.4972869970941862227675756003009155392647
-2.4948063947135721285519593948265537619591
-2.4914739222700545973054886417230591177940
-2.4872672644210411796450443944195285439491
-2.4821660371500198216665467043640092015266
-2.4761518715523940237233091465895995497704
-2.4692084938335510102547232236247509717941
-2.4613218012823430136393199063604697585106
-2.4524799341037586408731385745340958237648
-2.4426733428380957846570709079969674348831
-2.4318948512446594278912925801705569028854
-2.4201397144182719145533155824523419141769
-2.4074056720640659712273645709501579403877
-2.3936929966556186322179655689978972077370
-2.3790045364003682415443563513690605759621
-2.3633457529849568601321152527816593647003
-2.3467247536723929712820790882688015699387
-2.3291523180014079841271268378477543592453
-2.3106419187275482052257302711950615048409
-2.2912097370117230354935600189492106437683
-2.2708746717676215887138368998421356081963
-2.2496583431365744232266479230020195245743
-2.2275850899012659134257319237804040312767
-2.2046819609815404561459217802621424198151
-2.1809787008280183684405528765637427568436
-2.1565077287430192143347085220739245414734
-2.1313041122004445782067705295048654079437
-2.1054055339490029830074035999132320284843
-2.0788522531982724927956951432861387729645
-2.0516870606945705191037632175721228122711
-2.0239552278254997474959964165464043617249
-1.9957044497919311787370588717749342322350
-1.9669847829280060480527936306316405534744
-1.9378485761399999454113185493042692542076
-1.9083503967458472772023014840669929981232
-1.8785469506472816103581635616137646138668
-1.8484969970004161421428534595179371535778
-1.8182612575716061709130144663504324853420
-1.7879023207861930444551035179756581783295
-1.7574845407569190669505587720777839422226
-1.7270739313351015642439278963138349354267
-1.6967380554404494219511434494052082300186
-1.6665459098126120807137340307235717773438
-1.6365678053095891186785593163222074508667
-1.6068752431363424459931366072851233184338
-1.5775407869777364755492499170941300690174
-1.5486379314789613381719846074702218174934
-1.5202409671100878263416689151199534535408
-1.4924248417956760270897120790323242545128
-1.4652650195071488248288460454205051064491
-1.4388373360520969601594742925954051315784
-1.4132178522760190375606725865509361028671
-1.3884827051618244819763958730618469417095
-1.3647079567798876542639163744752295315266
-1.3419694416688465743447977729374542832375
-1.3203426127086741459493168804328888654709
-1.2999023859404870151479371997993439435959
-1.2807229845760834674450734382844530045986
-1.2628777824145991370841102252597920596600
-1.2464391471683888834576237059081904590130
-1.2314782837313547059210350198554806411266
-1.2180650779846673437134541018167510628700
-1.2062679413543917483764289499958977103233
-1.1961536561906600528715216569253243505955
-1.1877872228391179731943338993005454540253
-1.1812317080081493614329701813403517007828
-1.1765480954558271697862892324337735772133
-1.1737951387436487138415941444691270589828
-1.1730292167581266582487842242699116468430
-1.1743041920648882303623850020812824368477
-1.1776712724590558956094810127979144454002
-1.1831788762877613052637570945080369710922
-1.1908725012101912810180692758876830339432
-1.2007945974877853867468502357951365411282
-1.2129844454509735030001138511579483747482
-1.2274780377496543604110001979279331862926
-1.2443079665034875169737915712175890803337
-1.2635033158994783963890995437395758926868
-1.2850895599760445708881206883233971893787
-1.3090884665341440129537886605248786509037
-1.3355180067394138987424412334803491830826
-1.3643922710741784865007275584503076970577
-1.3957213918358339910241738834884017705917
-1.4295114721503734411811592508456669747829
-1.4657645218752741733680977631593123078346
-1.5044784006926601449549707467667758464813
-1.5456467682161008081465070063131861388683
-1.5892590415499392442200132791185751557350
-1.6353003605964575584152953524608165025711
-1.6837515606494704023532449355116114020348
-1.7345891530451285067471189904608763754368
-1.7877853135518371185952446467126719653606
-1.8433078788899905919862476366688497364521
-1.9011203510525229720684592393808998167515
-1.9611819099465221949429860615055076777935
-2.0234474340429202676716613495955243706703
-2.0878675292695199061654420802369713783264
-2.1543885659926611531034268409712240099907
-2.2229527241089539479901304730447009205818
-2.2934980465498884250052924471674486994743
-2.3659585004185417211886033328482881188393
-2.4402640465345206699510072212433442473412
-2.5163407167245739337602117302594706416130
-2.5941106990073667937224399793194606900215
-2.6734924305837659552764762338483706116676
-2.7544006981876503203920947271399199962616
-2.8367467462289965851596207357943058013916
-2.9204383919999878926887504348997026681900
-3.0053801481034674303316478471970185637474
-3.0914733517083394787050565355457365512848
-3.1786163006623775473258319834712892770767
-3.2667043959459465263250876887468621134758
-3.3556302904914168117045392136787995696068
-3.4452840438849374748997433925978839397430
-3.5355532830437370606091462832409888505936
-3.6263233680355533294914494035765528678894
-3.7174775631439125334054551785811781883240
-3.8088972131760812089851242490112781524658
-3.9004619236203321719358427799306809902191
-3.9920497457016597131485013960627838969231
-4.0835373649208728252801847702357918024063
-4.1748002932710370771474117645993828773499
-4.2657130647534335921022830007132142782211
-4.3561494335424697510461555793881416320801
-4.4459825748128878331044688820838928222656
-4.5350852876303173744076957518700510263443
-4.6233301993911943839066225336864590644836
-4.7105899721460220419544384640175849199295
-4.7967375092589392693298577796667814254761
-4.8816461632513457047366500773932784795761
-4.9651899434384896281358123815152794122696
-5.0472437238039216111928908503614366054535
-5.1276834499467103256620248430408537387848
-5.2063863455848062855579883034806698560715
-5.2832311172250037145659007364884018898010
-5.3580981577729094311735025257803499698639
-5.4308697475787690578385991102550178766251
-5.5014302536286718847691190603654831647873
-5.5696663253577298746677115559577941894531
-5.6354670880221293671752391674090176820755
-5.6987243323832830199648924462962895631790
-5.7593327002656611313113899086602032184601
-5.8171898667351964462568503222428262233734
-5.8721967173507456649872437992598861455917
-5.9242575207254777325260874931700527667999
-5.9732800964648209429697089944966137409210
-6.0191759772548811824322001484688371419907
-6.0618605660780424670974753098562359809875
-6.1012532867729518670785182621330022811890
-6.1372777294592655294991345726884901523590
-6.1698617886545203958803540444932878017426
-6.1989377959167617504476766043808311223984
-6.2244426447637382082689327944535762071609
-6.2463179093839711342184273235034197568893
-6.2645099558526897709498371114023029804230
-6.2789700463180988521116887568496167659760
-6.2896544353914487501810981484595686197281
-6.2965244593723239674432079482357949018478
-6.2995466175558920696175846387632191181183
-6.2986926455630793952877866104245185852051
-6.2939395813306067140047161956317722797394
-6.2852698222044693920906865969300270080566
-6.2726711748876304852728935657069087028503
-6.2561368966316948103667527902871370315552
-6.2356657282159311250779865076765418052673
-6.2112619194469864680741011397913098335266
-6.1829352453770312081360316369682550430298
-6.1507010149762004758144939842168241739273
-6.1145800713582003638180140114855021238327
-6.0745987835934327492282136518042534589767
-6.0307890305862690283333904517348855733871
-5.9831881764378467281062512483913451433182
-5.9318390380293610775197521434165537357330
-5.8767898439369954388666883460246026515961
-5.8180941859804828908409035648219287395477
-5.7558109622169624230991757940500974655151
-5.6900043123524843835525643953587859869003
-5.6207435453028082861237635370343923568726
-5.5481030586560633466319814033340662717819
-5.4721622511891849782728058926295489072800
-5.3930054271552458899918747192714363336563
-5.3107216936980314869742869632318615913391
-5.2254048504858534585082452394999563694000
-5.1371532725628696880448842421174049377441
-5.0460697860604870612633021664805710315704
-4.9522615368079279107860202202573418617249
-4.8558398522503321004251120029948651790619
-4.7569200970554188501182579784654080867767
-4.6556215216739271767210084362886846065521
-4.5520671050785725952891880297102034091949
-4.4463833911631027717703545931726694107056
-4.3387003189607478148559494002256542444229
-4.2291510474310749501114514714572578668594
-4.1178717742816512981107734958641231060028
-4.0050015495283624034073000075295567512512
-3.8906820835262543312182970112189650535583
-3.7750575503810694932838032400468364357948
-3.6582743858901545230821739096427336335182
-3.5404810813957987569722263287985697388649
-3.4218279727477778351385495625436305999756
-3.3024670251471035520296481990953907370567
-3.1825516141967757910435921075986698269844
-3.0622363028974008969385067757684737443924
-2.9416766150592938977581525250570848584175
-2.8210288058436101543691165716154500842094
-2.7004496288416905969143044785596430301666
-2.5800961005370233181110961595550179481506
-2.4601252624725686857232176407705992460251
-2.3406939407843396772079813672462478280067
-2.2219585043155771764133987744571641087532
-2.1040746207907337073095277446554973721504
-1.9871970118829396234616524452576413750648
-1.8714792071545127694065513423993252217770
-1.7570732976616592058149990407400764524937
-1.6441296887877274723877008000272326171398
-1.5327968537801970327905110025312751531601
-1.4232210871725377021590475123957730829716
-1.3155462592102227237234046697267331182957
-1.2099135718186575516597258683759719133377
-1.1064613154298903463512715461547486484051
-1.0053246286055641522949599675484932959080
-0.9066352596078866010742558501078747212887
-0.8105213308191561161208937846822664141655
-0.7171071067993608494361978955566883087158
-0.6265127656093514296742341684876009821892
-0.5388541746967282497493556547851767390966
-0.4542426710785196775077565689571201801300
-0.3727848469541312215191908308042911812663
-0.2945823405838668418432746420876355841756
-0.2197316333318373171579196423408575356007
-0.1483238531954647054789120375062339007854
-0.0804445853585348952252687126929231453687
-0.0161736900508930962760967275926304864697
0.0444148714448527673348543487463757628575
0.1012532026508684707133411961876845452935
0.1542796285256158306253837508847936987877
0.2034388431905306826585899671044899150729
0.2486820474235287292685825377702713012695
0.2899670762808108648300731147173792123795
0.3272585157143447776029177020973293110728
0.3605278082841316678042176135932095348835
0.3897533472821814171105359037028392776847
0.4149205588854689152888965963938971981406
0.4360219719487961609338810831104638054967
0.4530572752925829393966239422297803685069
0.4660333616798890687960010836832225322723
0.4749643587163669411488342575466958805919
0.4798716459249698917943760534399189054966
0.4807838578645345362083673990127863362432
0.4777368732527936812104485397867392748594
0.4707737894648794108043432515842141583562
0.4599448825866976342524594656424596905708
0.4453075527335148553476074084755964577198
0.4269262544247643398342972886894131079316
0.4048724120068500353930573965044459328055
0.3792243202461985096540786344121443107724
0.3500670296318232899146494219166925176978
0.3174922168834695690442515569884562864900
0.2815980405368960770573494301061145961285
0.2424889815834039563657853477707249112427
0.2002756695870209491250335531731252558529
0.1550746941077432716760142739076400175691
0.1070084021794247830516866315520019270480
0.0562046814912539466346785843597899656743
0.0027967301374607544603434483576620550593
-0.0530771870681575538841734385187010047957
-0.1112739951210014593963038009860611055046
-0.1716460777976051843562999010828207246959
-0.2340415587236076011556917819689260795712
-0.2983045936103442818954079029936110600829
-0.3642756737565288616131908838724484667182
-0.4317919394185848469547295280790422111750
-0.5006875031395296993252941319951787590981
-0.5707937817493911047961319127352908253670
-0.6419398368383246733515079540666192770004
-0.7139527224711088582154161485959775745869
-0.7866578397712621351089978816162329167128
-0.8598792973013930085457445784413721412420
-0.9334402765060764162186046632996294647455
-1.0071634012876564678862223445321433246136
-1.0808711110029016744249474868411198258400
-1.1543860356328889960053629692993126809597
-1.2275313726308751949289899130235426127911
-1.3001312640960600575112948718015104532242
-1.3720111736399172031042326125316321849823
-1.4429982618131163008001749403774738311768
-1.5129217591229175976508258827379904687405
-1.5816133358160326949359841819386929273605
-1.6489074672395707121808072770363651216030
-1.7146417940491618381315674923826009035110
-1.7786574761080133910695622034836560487747
-1.8407995392362683784170940270996652543545
-1.9009172138463930057383777239010669291019
-1.9588642645421918686565732059534639120102
-2.0144993098134027498247178300516679883003
-2.0676861308846898879210129962302744388580
-2.1182939689150335205169994878815487027168
-2.1661978097321501479655125876888632774353
-2.2112786552831926734086209762608632445335
-2.2534237810612638419627273833611980080605
-2.2925269787686914924051961861550807952881
-2.3284887836158705276545788365183398127556
-2.3612166854619824896133195579750463366508
-2.3906253234428782583620431978488340973854
-2.4166366632427642713309978717006742954254
-2.4391801568366044961067018448375165462494
-2.4581928839733788727528462914051488041878
-2.4736196752490315908801221667090430855751
-2.4854132162240962777843833464430645108223
-2.4935341324539290752682063612155616283417
-2.4979510551469634727084212499903514981270
-2.4986406672889356350708567333640530705452
-2.4955877300978532851161162398057058453560
-2.4887850898134233901259904087055474519730
-2.4782336648058733707955525460420176386833
-2.4639424130113845023970498004928231239319
-2.4459282799243071693240381137002259492874
-2.4242161272434037400103079562541097402573
-2.3988386424543777231122021476039662957191
-2.3698362296025519135866943543078377842903
-2.3372568816904530919487115170340985059738
-2.3011560349821480464527212461689487099648
-2.2615964058029560668217072816332802176476
-2.2186478102491986597044615336926653981209
-2.1723869674113660543923742807237431406975
-2.1228972867183637518451178038958460092545
-2.0702686400011485190475468698423355817795
-2.0145971190654576865597391588380560278893
-1.9559847794200089232674599770689383149147
-1.8945393709727975650736198076629079878330
-1.8303740564955084391129958021338097751141
-1.7636071187096602486121810215990990400314
-1.6943616568162100932681823906023055315018
-1.6227652734258903866049195130472071468830
-1.5489497527759183981288515496999025344849
-1.4730507311280323090585397949325852096081
-1.3952073604156938202436322171706706285477
-1.3155619659601500703871579389669932425022
-1.2342596993689769480084805763908661901951
-1.1514481874839233022100870584836229681969
-1.0672771784682406615019090168061666190624
-0.9818981859296171954554210969945415854454
-0.8954641321304011025716818039654754102230
-0.8081289912135478648025355141726322472095
-0.7200474334387694241854660504031926393509
-0.6313744713739339875502309951116330921650
-0.5422651089899003240546448978420812636614
-0.4528739945476237260812979457114124670625
-0.3633550782199550521767150712548755109310
-0.2738612752894267199366140630445443093777
-0.1845441357761762879441391760337864980102
-0.0955535213172657021951650335722661111504
-0.0070372900976885489551793106954846734880
0.0808590094585142638017316585319349542260
0.1679924354688988319406206528583425097167
0.2542229391911712266249878666712902486324
0.3394136408222832579362204796780133619905
0.4234310938411336988629329880495788529515
0.5061455374089185443864380431477911770344
0.5874311362562282257115953143511433154345
0.6671662076357756099298512708628550171852
0.7452334348760452087390149245038628578186
0.8215200672021382155563173910195473581553
0.8959181054574080205199493320833425968885
0.9683244734719997914851319364970549941063
1.0386411748293167267576109225046820938587
1.1067754348380465234669145502266474068165
1.1726398275944809324045081666554324328899
1.2361523879964060323999319734866730868816
1.2972367087069804902910163946216925978661
1.3558220220472534389699603707413189113140
1.4118432668334091051320910992217250168324
1.4652411402938543272256310956436209380627
1.5159621351560303992300760000944137573242
1.5639585620847629154894775638240389525890
1.6091885576829312309854458362678997218609
1.6516160783055437999422565553686581552029
1.6912108799505287670683628675760701298714
1.7279484845861192710003706451971083879471
1.7618101332220346133539123911759816110134
1.7927827261517443879768052283907309174538
1.8208587507433078300778106495272368192673
1.8460361972518999351677848608233034610748
1.8683184631136773301562925553298555314541
1.8877142461904281578455311318975873291492
1.9042374275252191839769011494354344904423
1.9179069440894351838977627267013303935528
1.9287466521182901058040215502842329442501
1.9367851815692715966576997743686661124229
1.9420557822921800106286127629573456943035
1.9445961625143994844222561368951573967934
1.9444483202097637697391974143101833760738
1.9416583679826338038054700518841855227947
1.9362763520678543116559922054875642061234
1.9283560660534169173274676722940057516098
1.9179548599407656439552738447673618793488
1.9051334451648025414272069610888138413429
1.8899556961552947953464354213792830705643
1.8724884490730409059011662975535728037357
1.8528012982905257555188427431858144700527
1.8309663912125386797669079896877519786358
1.8070582220250763771929314316366799175739
1.7811534249055001044581558744539506733418
1.7533305672843821909623329702299088239670
1.7236699436605107393916114233434200286865
1.6922533705051154839793525752611458301544
1.6591639827658486439077023533172905445099
1.6244860324318131095111539252684451639652
1.5883046896523518309862765818252228200436
1.5507058468254575345213197579141706228256
1.5117759261107841517457472946261987090111
1.4716016907469799956942324570263735949993
1.4302700605581364357021811883896589279175
1.3878679320145244080464408398256637156010
1.3444820031734181497995450627058744430542
1.3001986038153763303171217557974159717560
1.2551035310547666856706428006873466074467
1.2092818907004385664549772627651691436768
1.1628179445898203514531132896081544458866
