0.2846967503087778350590042464318685233593
0.2566170475644948267834877242421498522162
0.2304093386405918764125999587122350931168
0.2060369746006260049941971601583645679057
0.1834569127433756108302986831404268741608
0.1626200050807972974364901119770365767181
0.1434713464040645314323541015255614183843
0.1259506802967230998380188111696043051779
0.1099928608972651766784167648438597097993
0.0955283669531637041894001072250830475241
0.0824838637287384907059717420452216174453
0.0707828074686571578899574319621024187654
0.0603460857502708947208702738862484693527
0.0510926863842800157988754961024824297056
0.0429403864295676770956866619144420837983
0.0358064518671421111450925423014268744737
0.0296083381275619277051003308542931335978
0.0242643809489895105613310732906029443257
0.0196944664769128259529384905590632115491
0.0158206700321790114105446889425365952775
0.0125678525224321522429926645259001816157
0.0098642044070405086181319020965929667000
0.0076417279321595813629253157728271617088
0.0058366489709326717719162225250784103991
0.0043897520492368839045704831391958578024
0.0032466329809738114602069014580365546863
0.0023578659482208874469122417139033132116
0.0016790837617049270483193801339893980185
0.0011709722241856801612513994115261084517
0.0007991815460037222061673300999018465518
0.0005341602351130858962816039259280387341
0.0003509184015783306780783545875124218583
0.0002287296709407038452794430627434962844
0.0001507818898065416048787090730343152245
0.0001037883739192224652470031287521123886
0.0000775717761934502321235704314084102862
0.0000646332748435640751455757979648808487
0.0000597193950928365279492288086871099040
0.0000593984162513616628718653156493445522
0.0000616571732000759136415810046649710330
0.0000655279327208435651746024075414709387
0.0000707533462978737775648727104105262242
0.0000774957216321414693203581403047053300
0.0000860948537135564106233948100665998027
0.0000968768765873329116937451299662598103
0.0001100143353544580371305983135243877769
0.0001254361544505599903708698006354893550
0.0001427841295237453197661259274298117816
0.0001614115047604558483840264671016484499
0.0001804176028152837374905759215693024089
0.0001987116574297309503499553429151092132
0.0002150984503172392739780982573449819029
0.0002283778871330643955601252814702206706
0.0002374506304974199780242344326453007852
0.0002414220926843624434772472842070101251
0.0002396976242738868491562176377129844695
0.0002320624908087443158313106783552370871
0.0002187410743971551828433025344011753077
0.0002004309541338744518178954789888734922
0.0001783086635871078309400344918955738649
0.0001540055665599160340979711936171270281
0.0001295534840444889776098214007049591601
0.0001073013168031344881587010875456655867
0.0000898056493533827489327350801495697397
0.0000796992065870427712510198903217428779
0.0000795429856496809921341181737197700841
0.0000916687112945702175549611556704121540
0.0001180189000338205374505962108599987914
0.0001599931740624738099165041971261302933
0.0002183090301191059666788274462589924951
0.0002928855471622826577883513810007798384
0.0003827581016540193732666796933017394622
0.0004860310620266350173541980428382203172
0.0005998745414787731928055181107595217327
0.0007205693880555763932219126566280920088
0.0008436031684757306064320614424900668382
0.0009638176516593511058972332250505132833
0.0010756063555619932610440958598019278725
0.0011731586053143705592610723797974969784
0.0012507447594418152382600428751402432681
0.0013030353664858585014535430346427347104
0.0013254458159712623113030138810586322506
0.0013144969008564899495133948548186708649
0.0012681812548613357639892829098471338511
0.0011863254924421263655776037637679110048
0.0010709381261749140613198649774062687356
0.0009265343162880967497335715776785036724
0.0007604295000347982558253079332644119859
0.0005829952531612447863551551563432440162
0.0004078726861180581348027829324820459078
0.0002521399590287143181212281550784837236
0.0001364324781766690483555265478443629945
0.0000850157078894109329621903148321848676
0.0001258119994377193576022555543403314005
0.0002903838792828228364609199907420133968
0.0006138770864357389689738853100209325930
0.0011349270197051008167432595286072682939
0.0018955325931062506471941331298580735165
0.0029409012407181924463051014839720664895
0.0043192684882793000444856090780376689509
0.0060816950121313339411299736525506887119
0.0082818434980078334262110217878216644749
0.0109757368720904760484025075584213482216
0.0142214989023110652266446152225398691371
0.0180790776451176249395302875200286507607
0.0226099518429110010742100200786808272824
0.0278768200691883807906812364763027289882
0.0339432725562961515319848615490627707914
0.0408734456162732212591848224292334634811
0.0487316591232911794362436808114580344409
0.0575820377555545243053458648319065105170
0.0674881174714879183973437193344580009580
0.0785124391918443492732748723028635140508
0.0907161323663115692905734022133401595056
0.1041584916030727503422070867600268684328
0.1188965501939103219797289057169109582901
0.1349846546269563019038173479202669113874
0.1524740445271550171035812581976642832160
0.1714124426193698591536218600595020689070
0.1918436591983622152568500496272463351488
0.2138072155543445651559864018054213374853
0.2373379904279772079078725255385506898165
0.2624658932947261935630933749052928760648
0.2892155677682242131965040243812836706638
0.3176061279509784784913506427983520552516
0.3476509300758332532410577186965383589268
0.3793573812546289225622331287013366818428
0.4127267866938771345708403259777696803212
0.4477542362891249738687804438086459413171
0.4844285311125730020265223174646962434053
0.5227321500005939203248317426186986267567
0.5626412561252673860678896744502708315849
0.6041257431843670699933568357664626091719
0.6471493206802161335389200758072547614574
0.6916696375255939610582345267175696790218
0.7376384430523801327694854990113526582718
0.7850017843791305960365889404783956706524
0.8337002388420192700024813348136376589537
0.8836691801069018747938343949499540030956
0.9348390762964914335597654826415237039328
0.9871358183144388620533504763443488627672
1.0404810762759431064239379338687285780907
1.0947926817316133707436165423132479190826
1.1499850331061631791840227378997951745987
1.2059695215362173925655042694415897130966
1.2626549740402974730812957204761914908886
1.3199481107264745549656481671263463795185
1.3777540125726699393737817445071414113045
1.4359765961308212922631355468183755874634
1.4945190914101311729922372251166962087154
1.5532845191207038659797490254277363419533
1.6121761634550577646507463214220479130745
1.6710980366228644911075207346584647893906
1.7299553314613598242743819355382584035397
1.7886548585882580120198781514773145318031
1.8471054647740379195397508738096803426743
1.9052184294574803224975312332389876246452
1.9629078366150560785996503909700550138950
2.0200909195150731356704909558175131678581
2.0766883762303431915086093795252963900566
2.1326246541523823374575385969365015625954
2.1878282021091481901464703696547076106071
2.2422316890741957884358726005302742123604
2.2957721888146256361551422742195427417755
2.3483913301845431575998190965037792921066
2.4000354131165582138862646388588473200798
2.4506554906721320641338479617843404412270
2.5002074178156821204765947186388075351715
2.5486518678391436587560292537091299891472
2.5959543175984434171255088585894554853439
2.6420850029310036788388060813304036855698
2.6870188458004991005623196542728692293167
2.7307353548502941720244052703492343425751
2.7732185011686039111111767851980403065681
2.8144565711520836970294112688861787319183
2.8544419984113371668854597373865544795990
2.8931711766996643930838217784184962511063
2.9306442558592284974849917489336803555489
2.9668649227732357687159492343198508024216
3.0018401692924459034372830501524731516838
3.0355800490676680958301858481718227267265
3.0680974251716048861737817787798121571541
3.0994077103428105957050320284906774759293
3.1295286016155356989543179224710911512375
3.1584798110362850565024928073398768901825
3.1862827940957014760670062969438731670380
3.2129604774308018200201786385150626301765
3.2385369872814386837944766739383339881897
3.2630373801095258201598880987148731946945
3.2864873767178148789014358044369146227837
3.3089131011348573707664399989880621433258
3.3303408254615898265171836101217195391655
3.3507967218059344638447782926959916949272
3.3703066223667503820138335868250578641891
3.3888957886587980361525751504814252257347
3.4065886908070597272057966620195657014847
3.4234087977715468298356427112594246864319
3.4393783792976342361669139791047200560570
3.4545183203206994981826483126496896147728
3.4688479484854504164559330092743039131165
3.4823848753712054460152103274594992399216
3.4951448519433454542593153746565803885460
3.5071416386788358821036126755643635988235
3.5183868907388675673075795202748849987984
3.5288900584861249143386885407380759716034
3.5386583035672085628675631596706807613373
3.5476964307012872623658950033131986856461
3.5560068352388474188785494334297254681587
3.5635894664745197957245181896723806858063
3.5704418066206931037243066384689882397652
3.5765588652718567352906120504485443234444
3.5819331891159067460250753356376662850380
3.5865548865770309205913690675515681505203
3.5904116670082117934725829400122165679932
3.5934888939887330572275914164492860436440
3.5957696522251820780979869596194475889206
3.5972348275037830944711458869278430938721
3.5978631990977198995551589177921414375305
3.5976315439965929066090666310628876090050
3.5965147522956475434341427899198606610298
3.5944859530615800302655316045274958014488
3.5915166499776223218987070140428841114044
3.5875768660659064224205394566524773836136
3.5826352967862264975451580539811402559280
3.5766594708201946417602812289260327816010
3.5696159178653306121020705177215859293938
3.5614703427855185502437507238937541842461
3.5521878054914259870145087916171178221703
3.5417329059553104286806046729907393455505
3.5300699737994363225368488201638683676720
3.5171632619333372815617622109130024909973
3.5029771437526839861220651073381304740906
3.4874763134493651506318201427347958087921
3.4706259890176793803107102576177567243576
3.4523921175743335076901985303265973925591
3.4327415826384410912908151658484712243080
3.4116424130414806370481528574600815773010
3.3890639931548371954761478264117613434792
3.3649772741331629433148009411524981260300
3.3393549858749351777476022107293829321861
3.3121718493961935791958239860832691192627
3.2834047892993902806324513221625238656998
3.2530331459961274731540470384061336517334
3.2210388873101072348958950897213071584702
3.1874068190450821624892796535277739167213
3.1521247940521295305416060728020966053009
3.1151839192714190218680414545815438032150
3.0765787601568903575355307111749425530434
3.0363075418177047914980448695132508873940
2.9943723461300231214465839002514258027077
2.9507793039866201389997968362877145409584
2.9055387817616282752908318798290565609932
2.8586655609745612593997066142037510871887
2.8101790100431758290255856991279870271683
2.7601032469188857554343030642485246062279
2.7084672913054004261823592969449236989021
2.6553052050689167629116127500310540199280
2.6006562193611681976790350745432078838348
2.5445648468953923071467215777374804019928
2.4870809777395184170245556742884218692780
2.4282599569261558158927982731256633996964
2.3681626421220740574824503710260614752769
2.3068554395564664361018003546632826328278
2.2444103163756126129158019466558471322060
2.1809047875757823220510545070283114910126
2.1164218756657300346546435321215540170670
2.0510500412278722670578190445667132735252
1.9848830825841836666967310520703904330730
1.9180200028305691706265179163892753422260
1.8505648425840350856930172085412777960300
1.7826264768913770986102917959215119481087
1.7143183748786483544535030887345783412457
1.6457583208793797879820886009838432073593
1.5770680959655813957454029150540009140968
1.5083731190267781752112341564497910439968
1.4398020467912915343333679629722610116005
1.3714863324717947445918753146543167531490
1.3035597430373337957121293584350496530533
1.2361578354737381424399700335925444960594
1.1694173927889222053266848888597451150417
1.1034758209538233497681858352734707295895
1.0384705084412062525700548576423898339272
0.9745381505299407498554842277371790260077
0.9118140410858265321181193030497524887323
0.8504313351003256471472013799939304590225
0.7905202858688550326959898484346922487020
0.7322074613090631123313301031885202974081
0.6756149445545084342157338141987565904856
0.6208595245982730936873394966823980212212
0.5680518833943069001435333120753057301044
0.5172957864449891918212642849539406597614
0.4686872844882229438567833312845323234797
0.4223139344447693344086758315825136378407
0.3782540482689228933388392306369496509433
0.3365759787516927059591864690446527674794
0.2973374516439625248054312578460667282343
0.2605849536617798056781225568556692451239
0.2263531860183920219053987921142834238708
0.1946645930528011492199880194675642997026
0.1655289752958764293300220060700667090714
0.1389431959154298901193413939836318604648
0.1148909889021719615831429450736322905868
0.0933428765842174851252721623495745006949
0.0742562031017553053624524750375712756068
0.0575752893194271045396170904950849944726
0.0432317133265536293618147567485721083358
0.0311447191637561036914316758839049725793
0.0212217547650106301559969068648570100777
0.0133591382924689947714336213380192930344
0.0074428501629939455841444839734322158620
0.0033494460660248013585127413449527011835
0.0009470842664803535721623761745036063076
0.0000966584541635384642249001485581061388
0.0006530254339875130303177952484361412644
0.0024663150288795022621601837897742370842
0.0053833078054578483578884728899538458791
0.0092488646272543169335467183600485441275
0.0139073906274971934721174093851914221887
0.0192043150660700899512445261052562273107
0.0249875676519520292795384364126221043989
0.0311090313763226038179521282245332258753
0.0374259516763566918440275799184746574610
0.0438022819018765025012029923345835413784
0.0501099455534522036925793031514331232756
0.0562299966393247779850028678083617705852
0.0620536607254269789724077099890564568341
0.0674832408357870089377072986280836630613
0.0724328742605806763510400969607871957123
0.0768291285260262607481607233239628840238
0.0806114272316405533480576650617877021432
0.0837322991479308997853081564244348555803
0.0861574467764926049673235297632345464081
0.0878656335589258208340623923504608683288
0.0888483919123823906449644027816248126328
0.0891095573126472889624594131419144105166
0.0886646365815438042279339470042032189667
0.0875400214225073303175861383351730182767
0.0857720608892565683500919249127036891878
0.0834060090055030317612860812914732377976
0.0804948658752227957924318957338982727379
0.0770981325513119264414285680686589330435
0.0732805014720255276650107134628342464566
0.0691105053290294729650966587541915941983
0.0646591480829799697405135816552501637489
0.0599985419901073180337647272608592174947
0.0552005744604860057456185984392504906282
0.0503356278798889195114085737259301822633
0.0454713744900920313618541968025965616107
0.0406716669398623081876920082322612870485
0.0359955431744820100736781398609309690073
0.0314963620361108573297848067795712267980
0.0272210833295575965751211811038956511766
0.0232097030768437656567115823236235883087
0.0194948515777096410828139738669051439501
0.0161015583609773541007292863014299655333
0.0130471847506732595289857812304035178386
0.0103415210233326355232508220183262892533
0.0079870417380281596986257852677226765081
0.0059793092552357339497515198445398709737
0.0043075123348260959885158705162666592514
0.0029551236204558837573908025575519786798
0.0019006572248894792586532132006027495663
0.0011185055046814818251882384103623735427
0.0005798323167478880782454986331231339136
0.0002534989274658072840040734519106990774
0.0001069982951885384292196184974343964313
0.0001073733392307007979181790457978706854
0.0002220957738748285926165537684795481255
0.0004198833047543115942583369371021717598
0.0006714350289363491507133030467002754449
0.0009500675221471177210250114164580281795
0.0012322370858485398245618647194987715920
0.0014979373439237475204577343390610622009
0.0017309650512261742349301441024067571561
0.0019190512356306998077021264137442813080
0.0020538589646648098240022672911209156155
0.0021308531633051196879646838056032720488
0.0021490519497137251098139998362057667691
0.0021106726022560272360006905500995344482
0.0020206886254621613148441117147058321279
0.0018863169897298305045796329437735039392
0.0017164566920435731563893133611031771579
0.0015211011539849295885057367527792848705
0.0013107474993622526306114028926685932674
0.0010958253527714911963741872824584788759
0.0008861668749804851733312127670671998203
0.0006905377830926973147310232725715195556
0.0005162464648803077958000296021623398701
0.0003688451997586739269582856159956918418
0.0002519336592559406656950671266059771369
0.0001670708099602324946727355259312730595
0.0001137970183446013183996975426381936813
0.0000897637853692923059524544360243680785
0.0000909641629540391971359830636245646929
0.0001120530747266967875035853507981187249
0.0001467430250464074538603587161134100825
0.0001882577050819511546402018620227636347
0.0002298236220491856106416111993340223307
0.0002651783078017788848612656948944277246
0.0002890728368678962970431123302716969192
0.0002977464682030483717617430627910835028
0.0002893520747875944019306126975266124646
0.0002643128121984284124336428423163170010
0.0002255927890495579421145655452107803285
0.0001788676766412300325834877634534336721
0.0001325847368605015332183871823445997506
0.0000979057460096965952904904395559526620
0.0000885305201433084237470569344274906598
0.0001204030866860450531101445204029687375
0.0002113067026522719236546893339934172218
0.0003803581534092992269373290081801997076
0.0006474152274000432747899647090150665463
0.0010324146818706191573722374954513725243
0.0015546605490466957211898035851049826306
0.0022320847148568122644829436751479079248
0.0030805029243746217051946878484613989713
0.0041128900552186544239963161828654847341
0.0053386981858347540633169536761215567822
0.0067632402501641578421165412748905509943
0.0083871603877125663201175242988938407507
0.0102060099914753447947202147361167590134
0.0122099457611526737016438559635389538016
0.0143835628635269937442009435812906303909
0.0167058728146963417215964398110372712836
0.0191504320988794135560695508502249140292
0.0216856234605602472831353821902666823007
0.0242750881816739746965616575380408903584
0.0268783036825843250905432313402343424968
0.0294512973470918738849722018358079367317
0.0319474840288299852253395272327907150611
0.0343186117982466967757382292347756447271
0.0365157979302447033287393196587800048292
0.0384906349421333601745764951829187339172
0.0401963450908132402528138982233940623701
0.0415889604170114543513214755421358859167
0.0426285050769343934473631918535829754546
0.0432801566555930244950545215942838694900
0.0435153635031814006728367871801310684532
0.0433128963774169206679687249561538919806
0.0426598138286919739692315545198653126135
0.0415523228160075974724207981125800870359
0.0399965180783651980123138969247520435601
0.0380089863071337505373570309075148543343
0.0356172638388934301167942919619235908613
0.0328601394473153202158144381428428459913
0.0297877967572026322584655133596243103966
0.0264617937600418740018426433380227535963
0.0229548798757641392409567515642265789211
0.0193506538373129435837149969756865175441
0.0157430683563983021822085817120751016773
0.0122357900848830709189529741820479102898
0.0089414255218119992330016998494102153927
0.0059806256425975990939636339760454575298
0.0034810835529890103191841266294659362757
0.0015764408950519892549380074342479929328
0.0004051197122703742545431204735706387510
0.0001090971045437205661594523564694725337
0.0008326403780628988549744606828539872367
0.0027210203122742361928065868426074302988
0.0059192199239211417197137343748636340024
0.0105706554169053609099071522336998896208
0.0168159252108865987784813711414244608022
0.0247916018020664374876815827519749291241
0.0346290799612467906087864832898048916832
0.0464534933027885774126097828684578416869
0.0603827097656156816518624452783114975318
0.0765264148665458637799119401279313024133
0.0949852899593646021747517238509317394346
0.1158502910428412108201357000325515400618
0.1392020320343405892504762277894769795239
0.1651102748127238339925781929196091368794
0.1936335268414119126223482680870802141726
0.2248187457647803089155758016204345040023
0.2587011490698721272174509522301377728581
0.2953041257391445517654915420280303806067
0.3346392457984723178832098255952587351203
0.3767063627630062860873749741585925221443
0.4214938032426864822355128126218914985657
0.4689786373691732235258200489624869078398
0.5191270232310296606215160863939672708511
0.5718946181719016808031597065564710646868
0.6272270495933923717402080910687800496817
0.6850604377976281522677481916616670787334
0.7453219634162456808113006445637438446283
0.8079304720462975319961174136551562696695
0.8727971089154463735226840981340501457453
0.9398259766042740270819422221393324434757
1.0089148091908424209606209842604584991932
1.0799556565002457197977037139935418963432
1.1528355725436305601050435143406502902508
1.2274373026445513090720851323567330837250
1.3036399641786069469873154957895167171955
1.3813197163063193340093448568950407207012
1.4603504145350447718243458439246751368046
1.5406042463924149998888424306642264127731
1.6219523449517634361427553812973201274872
1.7042653773871618838597896683495491743088
1.7874141061625810067425845772959291934967
1.8712699208704308695416784757981076836586
1.9557053391265566411050258466275408864021
