-2.4999753391582126837988653278443962335587
-2.4922404718798434331006319553125649690628
-2.4841647515935925127905647968873381614685
-2.4757883577788106777006760239601135253906
-2.4671519073493315410416926170000806450844
-2.4582963293948578709091634664218872785568
-2.4492627379178828483929919457295909523964
-2.4400923029961281152111496339784935116768
-2.4308261208521027008089276932878419756889
-2.4215050832911124700785876484587788581848
-2.4121697470158416365393350133672356605530
-2.4028602032733328286440155352465808391571
-2.3936159483475702991484013182343915104866
-2.3844757553911923864120581129100173711777
-2.3754775480467968939990441867848858237267
-2.3666582763951167223126503813546150922775
-2.3580537956581553160617659159470349550247
-2.3496987481685165377598423219751566648483
-2.3416264490180096480287375015905126929283
-2.3338687758728653420803311746567487716675
-2.3264560633594619787345436634495854377747
-2.3194170024329157087095154565759003162384
-2.3127785451435891594940130744362249970436
-2.3065658151519015106600818398874253034592
-2.3008020243566495999232301983283832669258
-2.2955083959591933151500597887206822633743
-2.2907040942773266856136160640744492411613
-2.2864061615645878688951597723644226789474
-2.2826294621039728838240989716723561286926
-2.2793866337993260451355581608368083834648
-2.2766880474261528277679644816089421510696
-2.2745417737387900736223400599556043744087
-2.2729535585507907313740361132659018039703
-2.2719268058818919975294647883856669068336
-2.2714625692510397314549663860816508531570
-2.2715595511427491004496914683841168880463
-2.2722141106721331915707651205593720078468
-2.2734202793887532401129192294320091605186
-2.2751697852095933427563068107701838016510
-2.2774520843450236640137518406845629215240
-2.2802544011584156002925283246440812945366
-2.2835617757439559127874417754355818033218
-2.2873571191219763676372167537920176982880
-2.2916212758084095746369257540209218859673
-2.2963330935308854385823451593751087784767
-2.3014694998638551837188970239367336034775
-2.3070055854851774235214634245494380593300
-2.3129146937758351398883860383648425340652
-2.3191685164154041132178463158197700977325
-2.3257371946735272416617590351961553096771
-2.3325894260030413107642743852920830249786
-2.3396925755846180727814953570486977696419
-2.3470127924320371981536936800694093108177
-2.3545151296461397372183910192688927054405
-2.3621636684127498284624380175955593585968
-2.3699216453305207430446444050176069140434
-2.3777515826074435700832054862985387444496
-2.3856154207297595171155535354046151041985
-2.3934746531261597013440223236102610826492
-2.4012904623878386090041203715372830629349
-2.4090238576265723402514140616403892636299
-2.4166358124657256745138056430732831358910
-2.4240874032783485958475466759409755468369
-2.4313399471886110170260053564561530947685
-2.4383551394072373597055047866888344287872
-2.4450951894762882332656772632617503404617
-2.4515229559926470237485318648396059870720
-2.4576020793837312083951474050991237163544
-2.4632971123465097207372309640049934387207
-2.4685736475323265537440420303028076887131
-2.4733984421087438221320553566329181194305
-2.4777395388264147335632969770813360810280
-2.4815663832194245763673734472831711173058
-2.4848499366233158802685920818476006388664
-2.4875627846551169319866403384367004036903
-2.4896792408794778950209547474514693021774
-2.4911754453353527338776984834112226963043
-2.4920294576889054916080112889176234602928
-2.4922213447226582161420083139091730117798
-2.4917332619586800568356466101249679923058
-2.4905495291784540690116500627482309937477
-2.4886566996549972508034898055484518408775
-2.4860436229357074644497060944559052586555
-2.4827015009992643435055015288526192307472
-2.4786239376760188513060256809694692492485
-2.4738069812208198783309853752143681049347
-2.4682491599397966552942307316698133945465
-2.4619515108116787338587982958415523171425
-2.4549176010524695890069324377691373229027
-2.4471535426111210576038956787670031189919
-2.4386679995793176800589208141900599002838
-2.4294721885343064649021016521146520972252
-2.4195798718586103426275712990900501608849
-2.4090073440912846969297333998838439583778
-2.3977734113761703937939273600932210683823
-2.3858993641245396233330211543943732976913
-2.3734089429795113268539807904744520783424
-2.3603282982370088483037307014456018805504
-2.3466859428563591194460968836210668087006
-2.3325126992345270870998774626059457659721
-2.3178416399132739655897239572368562221527
-2.3027080224326783586263900360791012644768
-2.2871492185188988521815645071910694241524
-2.2712046378482839692480865778634324669838
-2.2549156466081590188821337505942210555077
-2.2383254811100474768181811668910086154938
-2.2214791567045777398448080930393189191818
-2.2044233722687653909133587148971855640411
-2.1872064105394550814764897950226441025734
-2.1698780345745491970887997013051062822342
-2.1524893806248504013467481854604557156563
-2.1350928477205379785175409779185429215431
-2.1177419842575555541941412229789420962334
-2.1004913718980411374559480464085936546326
-2.0833965070789917106708344363141804933548
-2.0665136804341703857801348931388929486275
-2.0498998544406190625011277006706222891808
-2.0336125395903614787584956502541899681091
-2.0177096693855620657132021733559668064117
-2.0022494744736878402591173653490841388702
-1.9872903561940093997151279836543835699558
-1.9728907598541969292682551895268261432648
-1.9591090480092410164303373676375485956669
-1.9460033740325153317485273873899132013321
-1.9336315562471710904901556205004453659058
-1.9220509528958129585873848554911091923714
-1.9113183382035427992917675510398112237453
-1.9014897797892091890759047601022757589817
-1.8926205176655996886836419434985145926476
-1.8847648450716381063330118195153772830963
-1.8779759913518878633453823567833751440048
-1.8723060071070591892095080766011960804462
-1.8678056518119239282071930574602447450161
-1.8645242841059073146681157595594413578510
-1.8625097549346179004459145289729349315166
-1.8618083037123276390900628030067309737206
-1.8624644576775148951952587594860233366489
-1.8645209345864457439745365263661369681358
-1.8680185488915737046511367225321009755135
-1.8729961215289077092194247597944922745228
-1.8794903934422158009454051352804526686668
-1.8875359429523579368748187334858812391758
-1.8971651070695543239708058536052703857422
-1.9084079068431476500222743197809904813766
-1.9212919768302978429375116320443339645863
-1.9358424987503874969974049236043356359005
-1.9520821393987031200367709971033036708832
-1.9700309928658272795587436121422797441483
-1.9897065271151013199357748817419633269310
-2.0111235349568299390909942303551360964775
-2.0342940894520125105771057860692963004112
-2.0592275037705509710406204249011352658272
-2.0859302955266674217682520975358784198761
-2.1144061556003137525294732768088579177856
-2.1446559214584293151517613296164199709892
-2.1766775549733412553621292317984625697136
-2.2104661247416688141242957499343901872635
-2.2460137928919596816967896302230656147003
-2.2833098063757621964953159476863220334053
-2.3223404927228004090977719897637143731117
-2.3630892602455269013717042980715632438660
-2.4055366026690561120915390347363427281380
-2.4496601081649940212514593440573662519455
-2.4954344727558481764617681619711220264435
-2.5428315180644882609328760736389085650444
-2.5918202133729857372657079395139589905739
-2.6423667019523913168654871697071939706802
-2.6944343316294658841059117548866197466850
-2.7479836895412304009767012757947668433189
-2.8029726410406032854893965122755616903305
-2.8593563726982864636738668195903301239014
-2.9170874393560013437820543913403525948524
-2.9761158151741620159214107843581587076187
-3.0363889486175041909632454917300492525101
-3.0978518213206580611540630343370139598846
-3.1604470107664188738283428392605856060982
-3.2241147567115042704699590103700757026672
-3.2887930312867639237595085432985797524452
-3.3544176126977203189483134337933734059334
-3.4209221624401311423468996508745476603508
-3.4882383059518131673826246696989983320236
-3.5562957166050699342463303764816373586655
-3.6250222029473579965497265220619738101959
-3.6943437990866154763125450699590146541595
-3.7641848581168892984294416237389668822289
-3.8344681484716760522246659093070775270462
-3.9051149530845830071257296367548406124115
-3.9760451712344404562315958173712715506554
-4.0471774229455608207217665039934217929840
-4.1184291558014889389482959813904017210007
-4.1897167540353787984486189088784158229828
-4.2609556497414899922659969888627529144287
-4.3320604360569641144707020430359989404678
-4.4029449821484645255509349226485937833786
-4.4735225498383988096406937984284013509750
-4.5437059116953779636105537065304815769196
-4.6134074704110350495511738699860870838165
-4.6825393792793823521947160770650953054428
-4.7510136635869768539919277827721089124680
-4.8187423427234694628396027837879955768585
-4.8856375528132751639986963709816336631775
-4.9516116696661205409668582433369010686874
-5.0165774318448868029918230604380369186401
-5.0804480636410316307660650636535137891769
-5.1431373977514613926587117020972073078156
-5.2045599974452718683437524305190891027451
-5.2646312780107722417710647277999669313431
-5.3232676272736956235576144536025822162628
-5.3803865249750648658277896174695342779160
-5.4359066608031731959727039793506264686584
-5.4897480508739500137949107738677412271500
-5.5418321524576423797725510667078197002411
-5.5920819767541036782176888664253056049347
-5.6404221995228125408061714551877230405807
-5.6867792693820851113173375779297202825546
-5.7310815135926285179834849259350448846817
-5.7732592411545491373203731200192123651505
-5.8132448430486087787016913352999836206436
-5.8509728894646331198714506172109395265579
-5.8863802238668094801710140018258243799210
-5.9194060537570267754858832631725817918777
-5.9499920380056883217889662773814052343369
-5.9780823706310908249861313379369676113129
-6.0036238609193777193695495952852070331573
-6.0265660097882847168193620746023952960968
-6.0468610823094710582381594576872885227203
-6.0644641763161253322778065921738743782043
-6.0793332870350766938827291596680879592896
-6.0914293676939017530003184219822287559509
-6.1007163860663071730527917679864913225174
-6.1071613769311561270569654880091547966003
-6.1107344904312377309452131157740950584412
-6.1114090363314383935744444897864013910294
-6.1091615241855627971290232380852103233337
-6.1039716994325967647228026180528104305267
-6.0958225754541528473851030867081135511398
-6.0847004616337017068872228264808654785156
-6.0705949874683993172652662906330078840256
-6.0534991227924033196927666722331196069717
-6.0334091941788452473360848671291023492813
-6.0103248975937137998926118598319590091705
-5.9842493073828446625839205808006227016449
-5.9551888816767419854159015812911093235016
-5.9231534643030752107506486936472356319427
-5.8881562833008409540980210294947028160095
-5.8502139461308590995258782641030848026276
-5.8093464316803729019511592923663556575775
-5.7655770791587750423445868364069610834122
-5.7189325739814353966039561782963573932648
-5.6694429307364337944363796850666403770447
-5.6171414733267521768311780760996043682098
-5.5620648123763603010161205020267516374588
-5.5042528199844920067107523209415376186371
-5.4437486019061136488517149700783193111420
-5.3805984672310680494433654530439525842667
-5.3148518956259120926688410690985620021820
-5.2465615021957194841206728597171604633331
-5.1757830000133493442149301699828356504440
-5.1025751603546600776439845503773540258408
-5.0269997706684588223424725583754479885101
-4.9491215902992351516331837046891450881958
-4.8690083039700189360132753790821880102158
-4.7867304730219455422002283739857375621796
-4.7023614843954000264147907728329300880432
-4.6159774973271181508494009904097765684128
-4.5276573877252150879257897031493484973907
-4.4374826901742139284579025115817785263062
-4.3455375375104186019825647235848009586334
-4.2519085978974748840641950664576143026352
-4.1566850093231888507716575986705720424652
-4.0599583114265120897812266775872558355331
-3.9618223745580176675673556019319221377373
-3.8623733259668551198728891904465854167938
-3.7617094730006419567303055373486131429672
-3.6599312231991580901535598968621343374252
-3.5571410011570532283542434015544131398201
-3.4534431620270935603400630498072132468224
-3.3489439015324737880519023747183382511139
-3.2437511623560921769637843681266531348228
-3.1379745367741689321405829105060547590256
-3.0317251654028596341561296867439523339272
-2.9251156319308164732717614242574200034142
-2.8182598537132177440867053519468754529953
-2.7112729681113734159225714392960071563721
-2.6042712144672122143163051077863201498985
-2.4973718116137364475548565678764134645462
-2.3906928308318509124319461989216506481171
-2.2843530641779987711004196171415969729424
-2.1784718881203049001271665474632754921913
-2.0731691224372825743671455711591988801956
-1.9685648843514338413029918228858150541782
-1.8647794378875166554365705451346002519131
-1.7619330384674258827004678096272982656956
-1.6601457727744000081315789429936558008194
-1.5595373939432426446671797748422250151634
-1.4602271521568468415352981537580490112305
-1.3623336207571512534997282273252494633198
-1.2659745180014041476823649645666591823101
-1.1712665246271736219085823904606513679028
-1.0783250974135734079339954405440948903561
-0.9872642789585818201558709006349090486765
-0.8981965039196502242901942736352793872356
-0.8112324019965153620859155125799588859081
-0.7264805979645051481341511134814936667681
-0.6440475090973295513308016779774334281683
-0.5640371403491204471691844446468167006969
-0.4865508776940107860120576788176549598575
-0.4116872800537000887111105384974507614970
-0.3395418702698131396822134320245822891593
-0.2702069256083639570142906904948176816106
-0.2037712683096529753257186712289694696665
-0.1403200567230510620309047453702078200877
-0.0799345775930352941962553359189769253135
-0.0226920400825955312362758320432476466522
0.0313346278534891234390791225905559258536
0.0820769801179248720268688543910684529692
0.1294712494924790124883884345763362944126
0.1734585403698108707626346358665614388883
0.2139850165169848439372657367130159400403
0.2510020831833754129114311126613756641746
0.2844665628542369928410948887176346033812
0.3143408639506001245322863724140916019678
0.3405931417650771009242305353836854919791
0.3631974509335796352793579444551141932607
0.3821338887359025937584533494373317807913
0.3973887285311130113107935812877258285880
0.4089545426407192874052043407573364675045
0.4168303140045819255021797289373353123665
0.4210215359519554056966228472447255626321
0.4215402994480197396143239529919810593128
0.4184053672000143664355675809929380193353
0.4116422340314845329523052441800246015191
0.4012831729640254363467022358236135914922
0.3873672664771992124599364615278318524361
0.3699404224532261142854849822469986975193
0.3490553743524451024704546853172359988093
0.3247716652062462849848145651776576414704
0.2971556150596137424457765519036911427975
0.2662802715432009970086824068857822567225
0.2322253433057575866538257969295955263078
0.1950771160859058050984771170988096855581
0.1549283512651782046543047499653766863048
0.1118781667933978068996125898593163583428
0.0660319004427615541263918430558987893164
0.0175009554019052680773338437347774743102
-0.0335973717109886854670364186858932953328
-0.0871400802768055038338701479005976580083
-0.1429986723441759588482113940699491649866
-0.2010393762649344273629736790098831988871
-0.2611233869663036055719373962347162887454
-0.3231071224575970957104686931415926665068
-0.3868424961069759637766196647135075181723
-0.4521772041599718683357878035167232155800
-0.5189550279037608015997307120414916425943
-0.5870161498243866571300486612017266452312
-0.6561974830358693333565156535769347101450
-0.7263330132074631295679978393309284001589
-0.7972541521507743311758531490340828895569
-0.8687901021806758716792273844475857913494
-0.9407682303038368276659753064450342208147
-1.0130144512454841709825359430396929383278
-1.0853536182740715076988635701127350330353
-1.1576099207421672865336859103990718722343
-1.2296072872232377548584736359771341085434
-1.3011697930863883598817665188107639551163
-1.3721220713227797460831425269134342670441
-1.4422897254063551386593644565436989068985
-1.5114997429549241747537280389224179089069
-1.5795809089315693274357954578590579330921
-1.6463642171261794189263127918820828199387
-1.7116832786305484770394969018525443971157
-1.7753747260385579487262930342694744467735
-1.8372786120877702131792830186896026134491
-1.8972388014757644025820582101005129516125
-1.9551033545944620506418232253054156899452
-2.0107249019418036439788011193741112947464
-2.0639610079956698385217350733000785112381
-2.1146745233618498005512265081051737070084
-2.1627339240374578999137611390324309468269
-2.2080136366767537658972742065088823437691
-2.2503943487791038258194475929485633969307
-2.2897633027734691779642162146046757698059
-2.3260145730217725024147057411028072237968
-2.3590493248208455057124410814139991998672
-2.3887760545386043098403661133488640189171
-2.4151108100891884866712189250392839312553
-2.4379773910144022508461603138130158185959
-2.4573075275086293522974756342591717839241
-2.4730410378008178540198969130869954824448
-2.4851259633767370793577811127761378884315
-2.4935186816087870909086632309481501579285
-2.4981839954341502618717640871182084083557
-2.4990951998064101502450284897349774837494
-2.4962341247256110143837304349290207028389
-2.4895911547372340244521637941943481564522
-2.4791652248705631222946976777166128158569
-2.4649637930711474353984158369712531566620
-2.4470027892663739343959150573937222361565
-2.4253065412833851866025725030340254306793
-2.3999076779202308529193032882176339626312
-2.3708470095499332153110572107834741473198
-2.3381733867182630248748864687513560056686
-2.3019435372648273663287454837700352072716
-2.2622218825795470387163277337094768881798
-2.2190803336687028313178871030686423182487
-2.1725980677756733250305387628031894564629
-2.1228612863688498535452708892989903688431
-2.0699629553607170606710496940650045871735
-2.0140025284901712510077231854666024446487
-1.9550856548426747139046710799448192119598
-1.8933238715371292215650100843049585819244
-1.8288342826514332184473232700838707387447
-1.7617392254943373686160157376434653997421
-1.6921659253725553906377854218590073287487
-1.6202461400236183308720683271531015634537
-1.5461157949201120853643942609778605401516
-1.4699146106582601234435969672631472349167
-1.3917857236707888990423498398740775883198
-1.3118753015080053536678406089777126908302
-1.2303321539346934176961667617433704435825
-1.1473073410970022756316666345810517668724
-1.0629537799996497948740170613746158778667
-0.9774258505357331650031937897438183426857
-0.8908790022828665389198476987075991928577
-0.8034693632787547334928035525081213563681
-0.7153533519467103474198665935546159744263
-0.6266872933292589875620137718215119093657
-0.5376270407530724382283437989826779812574
-0.4483276040051860089619140126160345971584
-0.3589427850746980674934150101762497797608
-0.2696248224624441247598838344856631010771
-0.1805240450183984990406571569110383279622
-0.0917885362227479212338110414748371113092
-0.0035638097654578908962674788085678301286
0.0840075027600801632621241310516779776663
0.1707859513021267594545804513472830876708
0.2566355532372225911608154547138838097453
0.3414240650594517756388768248143605887890
0.4250232392983205320646789004968013614416
0.5073090661487169583665490790735930204391
0.5881619993565577741989613969053607434034
0.6674671659716102656290104278014041483402
0.7451145596365226220214594832214061170816
0.8209992171428512897080054244725033640862
0.8950213780534886920392523279588203877211
0.9670866272443008337944547747611068189144
1.0371060202814357253942034731153398752213
1.1049961916137220896416692994534969329834
1.1706794456143707616746496569248847663403
1.2340838305594428181422017587465234100819
1.2951431956963972425000974908471107482910
1.3537972315975264070431194340926595032215
1.4099914940528037732292432337999343872070
1.4636774118007691569687267474364489316940
1.5148122784469300050602669216459617018700
1.5633592289591589086228395899524912238121
1.6092872011743903915004239024710841476917
1.6525708827912706233576045633526518940926
1.6931906443534112671756020063185133039951
1.7311324587702174859771275805542245507240
1.7663878079467869586238748524920083582401
1.7989535771229236971180398541036993265152
1.8288319375485835305283899288042448461056
1.8560302181434433776985315489582717418671
1.8805607668065977833293800358660519123077
1.9024408020591401236032425003941170871258
1.9216922557150544204063180586672388017178
1.9383416072880381708642971716471947729588
1.9524197108433034575369902086094953119755
1.9639616150169214581211463155341334640980
1.9730063769174115417825987606192938983440
1.9795968706315578700127844058442860841751
1.9837795910472477700636773079168051481247
1.9856044537033281649485161324264481663704
1.9851245913669044451665968153974972665310
1.9823961480303791127255408355267718434334
1.9774780710013413198566922801546752452850
1.9704319017541507275126377862761728465557
1.9613215661851719495700763218337669968605
1.9502131649009681879647359892260283231735
1.9371747641487340185761922839446924626827
1.9222761879740404289407251781085506081581
1.9055888121690165437627229039208032190800
1.8871853605526403008241231873398646712303
1.8671397040957957713658288412261754274368
1.8455266633779225937672663349076174199581
1.8224218148395214811330333759542554616928
1.7979013012604911914138483552960678935051
1.7720416468711963631221806281246244907379
1.7449195774710362094594984228024259209633
1.7166118459032082554927001183386892080307
1.6871950632013652526808300535776652395725
1.6567455356988896042480519099626690149307
1.6253391083581689713355444837361574172974
1.5930510145511302955156907046330161392689
1.5599557324918125189583406609017401933670
1.5261268484934773503880478529026731848717
1.4916369271957439224252084386534988880157
1.4565573888785348088958926382474601268768
1.4209583939527130613811323200934566557407
