-1.1190007160405874842012963199522346258163
-1.1502906191323767348677620248054154217243
-1.1820844953223330620062370144296437501907
-1.2143673428450023621394393558148294687271
-1.2471222307226086378761920059332624077797
-1.2803301918558964711536418690229766070843
-1.3139701128782841355047139586531557142735
-1.3480186200822159570122948935022577643394
-1.3824499606180231658925094961887225508690
-1.4172358782252687525726742023834958672523
-1.4523454830649844549128602011478506028652
-1.4877451158559937827163821566500701010227
-1.5233982075427283664481592495576478540897
-1.5592651371697001660976411585579626262188
-1.5953030925007711804397558807977475225925
-1.6314659401349720369012175069656223058701
-1.6677041143064201822454606372048147022724
-1.7039645360182567035423062407062388956547
-1.7401905763927598691509501804830506443977
-1.7763220798202743466731590160634368658066
-1.8122954633361092469101549795595929026604
-1.8480439083397266486485932546202093362808
-1.8834976590398497808820366117288358509541
-1.9185844387037418456998238980304449796677
-1.9532299898811251726016280372277833521366
-1.9873587383952706630907414364628493785858
-2.0208945733488286045087534148478880524635
-2.0537617271485326675417582009686157107353
-2.0858857312156664498559166531777009367943
-2.1171944153120532128298236784758046269417
-2.1476189119923470016715327801648527383804
-2.1770946232608570092281752295093610882759
-2.2055621046080444713766155473422259092331
-2.2329678225800360102937247575027868151665
-2.2592647460044990026517552905716001987457
-2.2844127378052774268724078865488991141319
-2.3083787235749899657832884258823469281197
-2.3311366241061635129483420314500108361244
-2.3526670511154978981949170702137053012848
-2.3729567775613351621188940043793991208076
-2.3919980053927121232959507324267178773880
-2.4097874635173308632829503039829432964325
-2.4263253766433661162693624646635726094246
-2.4416143510596568511061832396080717444420
-2.4556582262302506514117794722551479935646
-2.4684609413735696392677709809504449367523
-2.4800254642383428027585523523157462477684
-2.4903528254662723462331541668390855193138
-2.4994412966880901194599573500454425811768
-2.5072857442665346106025481276446953415871
-2.5138771837419837673621714202454313635826
-2.5192025528189012639757038414245471358299
-2.5232447133116293613852576527278870344162
-2.5259826849118653946391077624866738915443
-2.5273921059599868677025824581505730748177
-2.5274459086063250090603560238378122448921
-2.5261151878938239434546630945987999439240
-2.5233702365287200564125669188797473907471
-2.5191817096979560730574121407698839902878
-2.5135218776255432437949366430984809994698
-2.5063659181128477015931821370031684637070
-2.4976931975999869806059905386064201593399
-2.4874884878115808284348986489931121468544
-2.4757430662043664604254900041269138455391
-2.4624556524384519917703073588199913501740
-2.4476331399435893310112533072242513298988
-2.4312910910853218204863424034556373953819
-2.4134539759377178214094783470500260591507
-2.3941551475048550301494287850800901651382
-2.3734365595131179382804020860930904746056
-2.3513482456638143958116415888071060180664
-2.3279475905625641729557173675857484340668
-2.3032984316244715650157104391837492585182
-2.2774700374932526081295236508594825863838
-2.2505360115703005874365771887823939323425
-2.2225731690758125935758471314329653978348
-2.1936604328874769187507354217814281582832
-2.1638777876946675426950150722404941916466
-2.1333053244192559105840700794942677021027
-2.1020223981428949322491916973376646637917
-2.0701069137207412929058136796811595559120
-2.0376347445722959861313938745297491550446
-2.0046792824220691642267411225475370883942
-1.9713111094530990641260359552688896656036
-1.9375977796894665594606976810609921813011
-1.9036036935111990686664285021834075450897
-1.8693900479365215261395860579796135425568
-1.8350148454650871965299074872746132314205
-1.8005329455593588328099485806887969374657
-1.7659961449078276363167105955653823912144
-1.7314532751208284722110875009093433618546
-1.6969503091496500601920160988811403512955
-1.6625304702405905299400501462514512240887
-1.6282343394560394589376528529101051390171
-1.5940999596043987640570094299619086086750
-1.5601629347759260468819775269366800785065
-1.5264565255934607890253573714289814233780
-1.4930117408065959327956306879059411585331
-1.4598574260606653751892736181616783142090
-1.4270203506443481789034422035911120474339
-1.3945252928459266339444866389385424554348
-1.3623951243032523805709388398099690675735
-1.3306508934753995543331939188647083938122
-1.2993119081372750400760196498595178127289
-1.2683958166272899514837035894743166863918
-1.2379186874731706868857372683123685419559
-1.2078950869814941704305510938866063952446
-1.1783381543932540669317177162156440317631
-1.1492596742677596566295505908783525228500
-1.1206701458449559449803700772463344037533
-1.0925788492374106652960108476690948009491
-1.0649939084052144622205560153815895318985
-1.0379223509602362174319978294079191982746
-1.0113701649240014468489334831247106194496
-0.9853423526224149853192102455068379640579
-0.9598429819396312456802888846141286194324
-0.9348752351734331833554847435152623802423
-0.9104414557380714478895811225811485201120
-0.8865431929503987396046227331680711358786
-0.8631812451151610332544805714860558509827
-0.8403557010984538111486585876264143735170
-0.8180659805479701951469451159937307238579
-0.7963108728871834962603770691202953457832
-0.7750885751801180889586362354748416692019
-0.7543967289353578076216422232391778379679
-0.7342324558933736033949912780371960252523
-0.7145923928206976416532825169269926846027
-0.6954727253180837953649984228832181543112
-0.6768692206374434805482565025158692151308
-0.6587772594938020587207461176149081438780
-0.6411918668533015397414942526665981858969
-0.6241077416758804563556850553140975534916
-0.6075192855912553424602151608269196003675
-0.5914206304885778475721735958359204232693
-0.5758056650033078760486660030437633395195
-0.5606680598889259847794619417982175946236
-0.5460012922657702105766475142445415258408
-0.5317986687442273208148435514885932207108
-0.5180533474245323510842808900633826851845
-0.5047583587802341176242748588265385478735
-0.4919066254369990343064955595764331519604
-0.4794909808625941738391418311948655173182
-0.4675041869876506717140784985531354323030
-0.4559389507801014373988834904594114050269
-0.4447879397989873972996122120093787088990
-0.4340437967556440845839915709802880883217
-0.4236991531121866993991886829462600871921
-0.4137466417486047598472964637039694935083
-0.4041789087308729211400759595562703907490
-0.3949886242131385727383019457192858681083
-0.3861684925074200247507860694895498454571
-0.3777112613543279207029002009221585467458
-0.3696097304281431017436432284739566966891
-0.3618567591092026747290333332784939557314
-0.3544452735559612821525377057696459814906
-0.3473682731083975183672407638368895277381
-0.3406188360535524206618163134407950565219
-0.3341901247830689758444577819318510591984
-0.3280753903715586394795877822616603225470
-0.3222679766035527193501764031680068001151
-0.3167613234756628259880528730718651786447
-0.3115489701994414994956628106592688709497
-0.3066245577292796564705668060923926532269
-0.3019818308385257554782299393991706892848
-0.2976146397658788744777780266304034739733
-0.2935169414529901210642037767684087157249
-0.2896828003931181672037098451255587860942
-0.2861063891096453648543729286757297813892
-0.2827819882822218411355663647555047646165
-0.2797039865373655009861408871074672788382
-0.2768668799193943486081082028249511495233
-0.2742652710566971241412659310299204662442
-0.2718938680375229122176961027435027062893
-0.2697474830086686869989875958708580583334
-0.2678210305097327159629116977157536894083
-0.2661095255548817095636593421659199520946
-0.2646080814734734221183032332191942259669
-0.2633119075202515202427377971616806462407
-0.2622163062652881904135426793800434097648
-0.2613166707733584614992139449896058067679
-0.2606084815819344480125607788068009540439
-0.2600873034865907040824595242156647145748
-0.2597487821422111986535696814826223999262
-0.2595886404880530795580284575407858937979
-0.2596026750044042041842828894004924222827
-0.2597867518083095128567094889149302616715
-0.2601368025955878016119982021336909383535
-0.2606488204361913085804758338781539350748
-0.2613188554297474763821185206325026229024
-0.2621430102280333795938815910631092265248
-0.2631174354310047425187235603516455739737
-0.2642383248629474046254017594037577509880
-0.2655019107352696861035212805290939286351
-0.2669044587024885228920823010412277653813
-0.2684422628179433667483522185648325830698
-0.2701116403958877532076598981802817434072
-0.2719089267866686698837952462781686335802
-0.2738304700718641182533019673428498208523
-0.2758726256863961445731092680944129824638
-0.2780317509748471138664172030985355377197
-0.2803041996894384824123847010923782363534
-0.2826863164374084913532669816049747169018
-0.2851744310858059239244255422818241640925
-0.2877648531320884939255222434439929202199
-0.2904538660492651525046881033631507307291
-0.2932377216147276643987140687386272475123
-0.2961126342323885385354742538766004145145
-0.2990747752581817686667875477724010124803
-0.3021202673395176341308854262024397030473
-0.3052451787798369231552442215615883469582
-0.3084455179399611668422664934041677042842
-0.3117172276885717963068600511178374290466
-0.3150561799147859609604438446694985032082
-0.3184581701164665434866662963031558319926
-0.3219189120786113966765640270750736817718
-0.3254340326569106212062365557358134537935
-0.3289990666822859011197976997209480032325
-0.3326094520030380419228777100215665996075
-0.3362605246820487003844846185529604554176
-0.3399475143672336940880995825864374637604
-0.3436655398543995154625463328557088971138
-0.3474096048624011889849327872070716693997
-0.3511745940414750521973985541990259662271
-0.3549552692364127404189844128268305212259
-0.3587462660272018322160647585405968129635
-0.3625420905705918350747651857091113924980
-0.3663371167669851602433084281074116006494
-0.3701255837778972823670642355864401906729
-0.3739015939201149607562513210723409429193
-0.3776591109635747955941553755110362544656
-0.3813919588607465049889810870809014886618
-0.3850938209362413933156688017334090545774
-0.3887582395660092449141131965006934478879
-0.3923786163763804957227421255083754658699
-0.3959482129937971217614745000901166349649
-0.3994601523768447903783851415937533602118
-0.4029074207626966441786464656615862622857
-0.4062828702607405584323885250341845676303
-0.4095792221265227017745758075761841610074
-0.4127890707496210676019643415202153846622
-0.4159048883893310954995570227765711024404
-0.4189190306922816464663128499523736536503
-0.4218237430261799203456973827996989712119
-0.4246111676639228726948260828066850081086
-0.4272733518521408813128914516710210591555
-0.4298022567979631891610381444479571655393
-0.4321897676073861993550906390737509354949
-0.4344277042080212924979321087448624894023
-0.4365078332881731082437681834562681615353
-0.4384218812832127998291298354160971939564
-0.4401615484390384303026166890049353241920
-0.4417185239807727148431126806826796382666
-0.4430845024132888387846662681113230064511
-0.4442512009778845083474152488633990287781
-0.4452103782871532633436117976089008152485
-0.4459538541572280467839561879372922703624
-0.4464735306535082548506920829822774976492
-0.4467614143622739564243318000080762431026
-0.4468096398966984739153929240274010226130
-0.4466104946411884601964459307055221870542
-0.4461564447331379246186600084911333397031
-0.4454401622757713785638600256788777187467
-0.4444545537699055026692462888604495674372
-0.4431927897464359999979421900206943973899
-0.4416483355746197436708655459369765594602
-0.4398149834147370151882228128670249134302
-0.4376868852766718220870245659170905128121
-0.4352585871390919347589942844933830201626
-0.4325250640771709509380116287502460181713
-0.4294817563401804871858757906011305749416
-0.4261246063140006756775335361453471705317
-0.4224500962978565699046384906978346407413
-0.4184552870189696682778901504207169637084
-0.4141378568039118523991248821403132751584
-0.4094961413204568634327529252914246171713
-0.4045291737987137814513971534324809908867
-0.3992367256353578364169720771315041929483
-0.3936193472782891222827572619280545040965
-0.3876784092823031269148259525536559522152
-0.3814161434170793563147583427053177729249
-0.3748356836986221352070458578964462503791
-0.3679411072022659712210668203624663874507
-0.3607374745015913819479180801863549277186
-0.3532308695623284089393223439401481300592
-0.3454284389056328508083026918029645457864
-0.3373384298425811111954430998594034463167
-0.3289702275732443448319486378750298172235
-0.3203343909425145352720676328317495062947
-0.3114426866528106074838433414697647094727
-0.3023081217540767307028204413654748350382
-0.2929449742654094412941390146443154662848
-0.2833688218308552664304045265453169122338
-0.2735965683734498110624144828761927783489
-0.2636464687835911036017932929098606109619
-0.2535381517544325058466370137466583400965
-0.2432926409519154675731300585539429448545
-0.2329323747694350965620202487116330303252
-0.2224812249583791867735271807760000228882
-0.2119645144333049124885093306147609837353
-0.2014090345162477535545519913284806534648
-0.1908430618000991063620830345826107077301
-0.1802963746735675720778147024248028174043
-0.1698002693601805279666194792298483662307
-0.1593875750895001608409273785582627169788
-0.1490926677508099540414576722469064407051
-0.1389514810985116588515353441835031844676
-0.1290015143037523126512411408839398063719
-0.1192818344044590250785375928899156861007
-0.1098330720189728132440976082762063015252
-0.1006974085783940570104633138726057950407
-0.0919185533153254880067706267254834529012
-0.0835417083309585306594158282678108662367
-0.0756135202479309154188769070970010943711
-0.0681820172337088831193696591981279198080
-0.0612965305309810387646152207707928027958
-0.0550076000322918118312642832279379945248
-0.0493668638563696665633173665810318198055
-0.0444269322920995898829055192891246406361
-0.0402412468435921141796107747268251841888
-0.0368639254104621491570092928213853156194
-0.0343495948539695727941278846628847531974
-0.0327532123226070004395893420223728753626
-0.0321298767391102468859997998151811771095
-0.0325346317944360113871837825172406155616
-0.0340222616666789740014209542096068616956
-0.0366470805062462934298395111909485422075
-0.0404627165230331958811760273420077282935
-0.0455218912998593405738745332200778648257
-0.0518761947548680782404950662112241843715
-0.0595758559981238028369077142087917309254
-0.0686695101785798900362323138324427418411
-0.0792039612975937862282549417614063713700
-0.0912239408679020452597185908416577149183
-0.1047718622142701366817263419761729892343
-0.1198875701338839722120965802787395659834
-0.1366080855562144258374956962143187411129
-0.1549673447627064881704228582748328335583
-0.1749959326564951567206662730313837528229
-0.1967208095317399541013259067767648957670
-0.2201650308121364529867491910408716648817
-0.2453474593515891921668981012771837413311
-0.2722824701622941767631402854021871462464
-0.3009796479059895779606392807181691750884
-0.3314434781916672512203092537674820050597
-0.3636730346916298151072055588883813470602
-0.3976616653156634928478752044611610472202
-0.4333966821339531594325933383515803143382
-0.4708590613406085645387122440297389402986
-0.5100231611822059196725831498042680323124
-0.5508564672903411008064722409471869468689
-0.5933193760687541784548670875665266066790
-0.6373650275014873800571990614116657525301
-0.6829391987784745321476975732366554439068
-0.7299802693226026262252048582013230770826
-0.7784192660418427500701454846421256661415
-0.8281799948958782353614083149295765906572
-0.8791792612231573711412124794151168316603
-0.9313271768882905865538646139611955732107
-0.9845275474457980680043078791641164571047
-1.0386783275194622078174688795115798711777
-1.0936721278738452678425119302119128406048
-1.1493967536265390361194249635445885360241
-1.2057357501250760556388286204310134053230
-1.2625689315311241500694450223818421363831
-1.3197728673628956741481488279532641172409
-1.3772213042560756957044532100553624331951
-1.4347855039886026062845303385984152555466
-1.4923344841966283969014739341218955814838
-1.5497351548817475119790287862997502088547
-1.6068523513574834993278273032046854496002
-1.6635487722224531204062714095925912261009
-1.7196848387584742212652599846478551626205
-1.7751184993285369362325809561298228800297
-1.8297050084232870936773451830958947539330
-1.8832967145797652186445247934898361563683
-1.9357428941626171337020423379726707935333
-1.9868896687437520576224869728321209549904
-2.0365800424266904400383282336406409740448
-2.0846540919246709933076999732293188571930
-2.1309493365956937438454588118474930524826
-2.1753013081434007247594308864790946245193
-2.2175443305831223916868566448101773858070
-2.2575125107198790175289104809053242206573
-2.2950409282580221947966947482200339436531
-2.3299670033197217300369175063678994774818
-2.3621320082235923720759274146985262632370
-2.3913826805450986157097759132739156484604
-2.4175728864258148043120399961480870842934
-2.4405652774572823560106371587608009576797
-2.4602328817574594665984477614983916282654
-2.4764605704441846611985056370031088590622
-2.4891463447267718755995247192913666367531
-2.4982023961657580102269093913491815328598
-2.5035559029094338612253523024264723062515
-2.5051495372668308725394581415457651019096
-2.5029416739818262094274814444361254572868
-2.4969063030504266009756975108757615089417
-2.4870326648512000033974800317082554101944
-2.4733246377530964110746936057694256305695
-2.4557999183895002914823635364882647991180
-2.4344890418186557745627851545577868819237
-2.4094342924790543847279877809341996908188
-2.3806885571391780409555849473690614104271
-2.3483141681674464251727840746752917766571
-2.3123817798912700283153753844089806079865
-2.2729693132406412203749823675025254487991
-2.2301609950571292806387191376416012644768
-2.1840465091932692587306519271805882453918
-2.1347202675737371180275658844038844108582
-2.0822808013668274718099837627960368990898
-2.0268302657823880075227407360216602683067
-1.9684740470465802442134872762835584580898
-1.9073204568927237811948316448251716792583
-1.8434804983704389247378685467992909252644
-1.7770676867033512458249333576532080769539
-1.7081979100133932725213981029810383915901
-1.6369893166375748538854395519592799246311
-1.5635622181386024109883692290168255567551
-1.4880389996457625834125337860314175486565
-1.4105440315983590604531627832329832017422
-1.3312035791197711631639322149567306041718
-1.2501457070154864403832561947638168931007
-1.1675001797245498913468964019557461142540
-1.0833983564744487093634006669162772595882
-0.9979730824519998932942144165281206369400
-0.9113585770805723296206224404159002006054
-0.8236903205687979845350810137460939586163
-0.7351049398381771515786908821610268205404
-0.6457400947936249302472333511104807257652
-0.5557343656988084079628720246546436101198
-0.4652271421495632885978466219967231154442
-0.3743585137776850313429122252273373305798
-0.2832691623217593601680164283607155084610
-0.1921002540207120967696852176231914199889
-0.1009933303837114021428433829896675888449
-0.0100901942465114191627151285501895472407
0.0804672133400316097473492504832393024117
0.1705369513685404125880040737683884799480
0.2599772398341984036562735127517953515053
0.3486466524098286723365447414835216477513
0.4364043510062391995063535432564094662666
0.5231103730089803338643150709685869514942
0.6086259818504683449802428185648750513792
0.6928140904969862789997137042519170790911
0.7755397652647501027800558404123876243830
0.8566708140797345549799501895904541015625
0.9360784589197256311265959993761498481035
1.0136380869063490450798781239427626132965
1.0892300686528606501468630085582844913006
1.1627406264316806350223032495705410838127
1.2340627289918695286274896716349758207798
1.3030969849544808969454834368661977350712
1.3697525031465709322020529725705273449421
1.4339476864334534944589449878549203276634
1.4956109258783742976817165981628932058811
1.5546811645356055642253068072022870182991
1.6111083048104504200637165922671556472778
1.6648534398438730175229238739120773971081
1.7158888973632597796381560328882187604904
1.7641980933071610415652230585692450404167
1.8097752016149768472530467988690361380577
1.8526246551835356957127487476100213825703
1.8927605004922309905879274083417840301991
1.9302056342534887889428318885620683431625
1.9649909542842127763151438557542860507965
1.9971544584323068782794052822282537817955
2.0267403248484203714951945585198700428009
2.0537980043661203666260917088948190212250
2.0783813516040932078965397522551938891411
2.1005478160936319476093103730818256735802
2.1203577087838940684605404385365545749664
2.1378735532033137367591280053602531552315
2.1531595248241535145439229381736367940903
2.1662809771673789960289013833971694111824
2.1773040491571635790535310661653056740761
2.1862953453303419770747950678924098610878
2.1933216787433251759864560881396755576134
2.1984498657173316971125132113229483366013
2.2017465617609399686216420377604663372040
2.2032781289001825975049086991930380463600
2.2031105260018093439100539399078115820885
2.2013092152755704411504211748251691460609
2.1979390797910358656963580870069563388824
2.1930643483906773205660556413931772112846
2.1867485257160406142418196395738050341606
2.1790543261276500430767555371858179569244
2.1700436110726628591294229408958926796913
2.1597773299526439316764481191057711839676
2.1483154648038653711239476251648738980293
2.1357169791774381906179769430309534072876
2.1220397715509706770831144240219146013260
2.1073406334710016452049785584677010774612
2.0916752124615847208133345702663064002991
2.0750979795741684164056550798704847693443
2.0576622013203462735475568479159846901894
2.0394199156364889446990673604886978864670
2.0204219114794921274835814983816817402840
2.0007177116454455401139966852497309446335
1.9803555584287144686328474563197232782841
1.9593824017894712063991846662247553467751
