0.0000932930240921425767749303181730624601
0.0001252291710311936867583426646888256073
0.0002254291773994054946892579005535139913
0.0003708413484375405484022580893110898614
0.0005422702615010965713007728972172571957
0.0007240492894248084934996634309811724961
0.0009037074552906431985227486691769627214
0.0010716364573344083505751500595692959905
0.0012207610615226460303722744171750491660
0.0013462172718631836877689611497999067069
0.0014450414432411395285887900641341730079
0.0015158741251233376432644428533080827037
0.0015586806683157749045531836884492804529
0.0015744915178788154806049925937827538291
0.0015651636511216527464229741894996550400
0.0015331643339911594364766145304201927502
0.0014813788678648797791231883635987287562
0.0014129415404757227937848629295558566810
0.0013310902771363597018455804388281649153
0.0012390451932971213982320746183063420176
0.0011399086702549342600687687365734745981
0.0010365870249827225432065480603682772198
0.0009317319235782406741663841387435240904
0.0008276990924109294857358154473558897735
0.0007265234270801457401589562579147241195
0.0006299084286732182201562491030699675321
0.0005392267240074222287710137280214439670
0.0004555307934345087387054129557384385407
0.0003795716811431493046581631123359557023
0.0003118230991481407872456532714977583964
0.0002525094751342305075120231450114260952
0.0002016369743776102996506843778590223337
0.0001590247817256606988837314142770651415
0.0001243363304499034535828549952185539951
0.0000971097543831156488581754504529897076
0.0000767851303101618759420002313653697001
0.0000627305761477892038580420064342035857
0.0000542646272800517684626632475275442857
0.0000506756063884061816134964095770243375
0.0000512389545586167135626624868915968136
0.0000552308016358438175338538278502653611
0.0000619398324249953392741513402697250967
0.0000706768943362945411320458211079653665
0.0000807834935819951022303517240708004010
0.0000916383695236078178129185412004176214
0.0001026643408920246963852637711589466107
0.0001133339314921055838818186867200665802
0.0001231755607562590257991752551447461883
0.0001317795425936463368961348852081982841
0.0001388044658786569086547646456608617882
0.0001439835515050447102471803395573601847
0.0001471310466284592296734579086603389442
0.0001481484016984602127171843921615845829
0.0001470296073415866544564778450876474380
0.0001438654650115811538865079333149310514
0.0001388463695782604699711232365544333334
0.0001322628278055404393853677902370691299
0.0001245028264573200282340492694999056766
0.0001160466924008574134607671424213037881
0.0001074580173704742268921824566163536474
0.0000993704415753526913799437148000492925
0.0000924705251911284208457542099779402633
0.0000874767310858270909397493841908044487
0.0000851138542004825605306189695298257902
0.0000860845010744881738865355580436755645
0.0000910370293191764567465595892059582184
0.0001005322903307526226195089957826667160
0.0001150080777018214249832195328338002582
0.0001347448268003947869590058994404557779
0.0001598325104283482398122295808917670001
0.0001901404278477691954345185632035963863
0.0002252928604038828628696594646996231859
0.0002646506550765881436541870908030205101
0.0003073017609363138009925808802336177905
0.0003520625320911108008421763759798750471
0.0003974909538433291002895719756793369015
0.0004419138346638540326694055693224072456
0.0004834694530904748497983358657137387127
0.0005201671828719333983900852125259461900
0.0005499641756813389509642164831859645346
0.0005708608179132835082694730211017031252
0.0005810145673623967870619066999893220782
0.0005788722363198140017509496502157162467
0.0005633203770074412912449712820261993329
0.0005338523682353457774571459104606674373
0.0004907509062184712243792628072469597100
0.0004352846268356902622274906544674877296
0.0003699152067655919642712170070097954522
0.0002985135972308317173391778442947952499
0.0002265813661295457126770153122308215643
0.0001614740199847375444301700309068792194
0.0001126222936729082097851231680785133449
0.0000917477687586654101683375506226525431
0.0001130682213099820681212123729686425122
0.0001934887440343047225292660851181381076
0.0003527738689795523424445888860390141417
0.0006136968588048396892886682252310492913
0.0010021617498582014674918250207724668144
0.0015472938186751328260015725390985608101
0.0022814953493579892898623917574241204420
0.0032404626469355337324562693623875020421
0.0044631615775931800932374571289074083325
0.0059917590152466452396717855322094692383
0.0078715079414438445665203047951763437595
0.0101505848110624973673621340708450588863
0.0128798780250544715048066635176837735344
0.0161127276388568947684820642507474985905
0.0199046158106596232650886690862535033375
0.0243128099390699133064419612537676584907
0.0293959591809528388017813682608903036453
0.0352136472989343293771291598659445298836
0.0418259044407594191006261041820835089311
0.0492926814019054235216366066651971777901
0.0576732906652222890309111846818268531933
0.0670258184782294985648576357561978511512
0.0774065136983352469757235780889459419996
0.0888691584815140406261591010661504697055
0.1014644272169650945913943473897234071046
0.1152392396529618445732978671003365889192
0.1302361151741635303391575462228502146900
0.1464925346245617154838924989235238172114
0.1640403169321986431850035614843363873661
0.1829050171186988316129884424299234524369
0.2031053528176879063860127416774048469961
0.2246526658050967129032216007544775493443
0.2475504255302196643384604612947441637516
0.2717937804365633258640855274279601871967
0.2973691636028681362091674600378610193729
0.3242539576939614809347744994738604873419
0.3524162249032457561170872395450714975595
0.3818145061120700733958699402137426659465
0.4123976932397911965288983537902822718024
0.4441049783437338027702878662239527329803
0.4768658820620721994210100547206820920110
0.5106003632344310316781843539502006024122
0.5452190111272424699606631293136160820723
0.5806233203119762764643496666394639760256
0.6167060485125844815357254447008017450571
0.6533516555394993652328139432938769459724
0.6904368217427151455112266376090701669455
0.7278310433057423312064315723546314984560
0.7653973006552348135045349408756010234356
0.8029927957426197249191091032116673886776
0.8404697534730128927193959498254116624594
0.8776762812904879140774028201121836900711
0.9144572810118029027037778178055305033922
0.9506554054307569945336808814317919313908
0.9861120532424648699176827904011588543653
1.0206683934334086494288840185618028044701
1.0541664118517868331537101767025887966156
1.0864499706494112896137949064723215997219
1.1173658725364519206380009563872590661049
1.1467649204567147425137818572693504393101
1.1745029640691218020265296217985451221466
1.2004419239427428500732730753952637314796
1.2244507847291330460137714908341877162457
1.2464065487719042657488444092450663447380
1.2661951414390792969300036929780617356300
1.2837122611035158836756409073132090270519
1.2988641649275332046187259038561023771763
1.3115683846054784211787591630127280950546
1.3217543649802254712710691819665953516960
1.3293640197413447712193601546459831297398
1.3343521994758860138574618758866563439369
1.3366870670531769693667456522234715521336
1.3363503774396567891358245105948299169540
1.3333376584257805586020140253822319209576
1.3276582910927530178923916537314653396606
1.3193354884360006806787168898154050111771
1.3084061720957089747230384091380983591080
1.2949207478689397365911872839205898344517
1.2789427816776042234891974658239632844925
1.2605485786397230274502589963958598673344
1.2398266674999702807724588637938722968102
1.2168771958579029934810478152940049767494
1.1918112404357346090222335988073609769344
1.1647500374046046989207070510019548237324
1.1358241406093601000293347169645130634308
1.1051725127101903467519150581210851669312
1.0729415577444811891183462648768909275532
1.0392841043703073822257465508300811052322
1.0043583446613930654223167948657646775246
0.9683267410788544138355860013689380139112
0.9313549090394056539921052717545535415411
0.8936104834037983390970794062013737857342
0.8552619803781947860343848333286587148905
0.8164776628095196109313747001579031348228
0.7774244186836553049957387884205672889948
0.7382666622282312296476902702124789357185
0.6991652669480639126220467005623504519463
0.6602765389489708702797088335501030087471
0.6217512390410320222144946455955505371094
0.5837336619722697239609487951383925974369
0.5463607798505970558622379940061364322901
0.5097614571670535665859347318473737686872
0.4740557427751753150069191633519949391484
0.4393542452578914625505035473906900733709
0.4057575959368726614684419473633170127869
0.3733560032498383085552973170706536620855
0.3422289014114850425052338778186822310090
0.3124446969272417495844251789094414561987
0.2840606109175226601237795875931624323130
0.2571226218599904078665474571607774123549
0.2316655033727850754310395586799131706357
0.2077129590588223384539645621771342121065
0.1852778499909596143790935229844762943685
0.1643625104664125369247074104350758716464
0.1449591510558241036488169584117713384330
0.1270503378096039526212734926957637071609
0.1106095475403819639037550359716988168657
0.0956017890571281420131199979550729040056
0.0819842823399822562269179115901351906359
0.0697071897716794591781663825713621918112
0.0587143896301994330788609488536167191342
0.0489442826339023390191940166005224455148
0.0403306222947442463699907477803208166733
0.0328033612432698587491053388021100545302
0.0262895013448505923681075557851727353409
0.0207139408218245703319215778037687414326
0.0160003080459023283577124630028265528381
0.0120717717370789050929102970144413120579
0.0088518220786932486077169812688225647435
0.0062650117754301784186998780512567464029
0.0042376514410795438139722968173828121508
0.0026984521134646487564023864536011387827
0.0015791094199811529178584246224659182189
0.0008148220109121240544575170972052546858
0.0003447453710372805238230931035303683529
0.0001123719680373369615667897281063858372
0.0000658388602878545736458298920368292784
0.0001581624277692572665739850767963048384
0.0003473973575307720725036109143957219203
0.0005967235895813427981257404120185583452
0.0008744607868646081657790225527548955142
0.0011540150744915767411918894325140172441
0.0014137616114447482725674509751456753293
0.0016368653342645521700515764962347020628
0.0018110485972127499543909978640954250295
0.0019283084181553533306696657234624581179
0.0019845914827959008734648005400913461926
0.0019794335552706242460641039571100918693
0.0019155692285186898607407535166657908121
0.0017985203634773049615608320195292435528
0.0016361699855592702970707996712462772848
0.0014383292699941473916785961151276751480
0.0012163028578608069650568435093873631558
0.0009824619053207862308385589500403511920
0.0007498291229986530715204140484786421439
0.0005316820118071596433170777906696002901
0.0003411792613757480790818987781420901229
0.0001910172251012820466772867966653848271
0.0000931157483502254078398113756875886793
0.0000583415999042014043508841414364951561
0.0000962688898246177914355681259905850311
0.0002149790309016186284907234949059784412
0.0004209012821189883819285315613711873084
0.0007186946332179911444901221351244657853
0.0011111700912123012498916585499841858109
0.0015992526160355069030777341865245944064
0.0021819802652136032795893161306821639300
0.0028565410527897406624264764474219191470
0.0036183411800597385654665316678801900707
0.0044611046654285061580091920063750876579
0.0053770005376078079326052083786180446623
0.0063567921551288628784215362088616529945
0.0073900081113807301533280558203387045069
0.0084651283864731041023388158350826415699
0.0095697829874178633874359789501795603428
0.0106909600954753977730682379387872060761
0.0118152180933217901270815275438508251682
0.0129289001258977888364487540684422128834
0.0140183456042746179548430518480017781258
0.0150700992543614728513823308730934513733
0.0160711091993229263086284674955095397308
0.0170089178151983863584995049222925445065
0.0178718379325627646503349410522787366062
0.0186491151021406578736083758940367260948
0.0193310743364353866680094284902224899270
0.0199092480539902992597856012935153557919
0.0203764858451597960509182883015455445275
0.0207270438004960935729492632617620984092
0.0209566549285861193629987297981642768718
0.0210625775106373334943921094009056105278
0.0210436230850703162587045369491534074768
0.0209001645071756406157881258423003600910
0.0206341221352283991918863392811545054428
0.0202489312841934859799053469942009542137
0.0197494899153049970064177642825598013587
0.0191420879884426214934123322564119007438
0.0184343188806833681303576355503537342884
0.0176349753396206412880964364831015700474
0.0167539297235708047051350177980566513725
0.0158020011519513225994870708746020682156
0.0147908102976624534347083184115945186932
0.0137326241334554573214621342458485742100
0.0126401925812158737877366476709539711010
0.0115265781128995117854607599383598426357
0.0104049820014673333190557968919165432453
0.0092885673498044416668273370873976091389
0.0081902832276614032092076911339972866699
0.0071226906971315791239351966623871703632
0.0060977943636255724918493470454450289253
0.0051268799163318142311784875175817433046
0.0042203627607804690760606725064008060144
0.0033876469860548395762744888770612305962
0.0026369994213391121512524151171419362072
0.0019754390150419440935758430555324594025
0.0014086442770617235188679305935011143447
0.0009408804440574148122977682362488849321
0.0005749470763780095174111384181969697238
0.0003121477483440404676086343815910595367
0.0001522825362480251275894976847880002424
0.0000936637014944796659045647690966518439
0.0001331539141157911496256283090389160861
0.0002662277210724628179368267399951264451
0.0004870549448677863367887508339038049598
0.0007886043272544008110938595912386972486
0.0011627670105104925303562968252890641452
0.0016004967131934488226013835188155098876
0.0020919651483900470953503081261715124128
0.0026267296103356942670037366127644418157
0.0031939100377324346896612539126181218307
0.0037823722591940355831907627504051561118
0.0043809144045947687878816978468421439175
0.0049784530020431727939667077009744389215
0.0055642051688627076899695822476132889278
0.0061278640737041896804915275254188600229
0.0066597635550269896134722991121179802576
0.0071510300423525130497637292137369513512
0.0075937175721136366754460134131932136370
0.0079809245989918061597867549039619916584
0.0083068898228034360881055775394088414032
0.0085670654836869086778960991068743169308
0.0087581667929639457625956566744207520969
0.0088781970945675942052943696580769028515
0.0089264479129024017906024468516079650726
0.0089034748164395962483075308568913897034
0.0088110493902443572794558335203873866703
0.0086520888904047504180949701435565657448
0.0084305651770984375847906022727329400368
0.0081513953806195520168653700920913252048
0.0078203167282179016778220770333973632660
0.0074437481808954418863177870946401526453
0.0070286425476228679351531347663240012480
0.0065823321446215566840609589860378036974
0.0061123714144946730830731951300549553707
0.0056263799726595561251363264432256983127
0.0051318897684173503045967912328251259169
0.0046361991035138404304571935199419385754
0.0041462371052712219607339072524609946413
0.0036684410177725899730727388003970190766
0.0032086489465272902826820100585791806225
0.0027720098041602893312873590048184269108
0.0023629124131540456960065554881111893337
0.0019849343466220937051702755127280397573
0.0016408113858730377816741441421299896319
0.0013324275495137617112556549514579273819
0.0010608252408443429991996564965006655257
0.0008262344511484176869456352854115266382
0.0006281198394956887930823397070412283938
0.0004652436799809045410089569649869645218
0.0003357425935671276714077071456898693214
0.0002372155710783197088593887702501206149
0.0001668205929105770588156965050785629501
0.0001213770355748611316608343013712101310
0.0000974708663672885249800240115014560160
0.0000915598072545176217126514095490108502
0.0001000756266946911703574416008244440945
0.0001195207697231204273724189390826211365
0.0001465571909954110961602641305390193338
0.0001780848120321110248775314799374314134
0.0002113083696834472423927570039481338426
0.0002437906887666674207032491139557350834
0.0002734919178378714078522793151648784260
0.0002987937946137630778296878641953071565
0.0003185092488120755665342853646393450617
0.0003318773939769847783690104314757718384
0.0003385449862873812776342674624174833298
0.0003385353496819654009822309070898427308
0.0003322065778819638360262744836148840477
0.0003202005975645594434628171676138208568
0.0003033855190656975248791882293630806089
0.0002827933739003451888219253795853092015
0.0002595557132215198388978938393023554454
0.0002348395130567837495259159164007201070
0.0002097858004195885038394020494223468631
0.0001854532052666080200412773715257230833
0.0001627686516880366620219772189059881384
0.0001424867894372816492370992236260462960
0.0001251600334895819311657044758945289686
0.0001111199832002096609968183615890779947
0.0001004712101876492619375799697500895036
0.0000930977743940175590320676435318603126
0.0000886821032517115585792552567845348221
0.0000867359634455322454438599977244450656
0.0000866423317882158945191575782907023040
0.0000877068964918148420099180961884144381
0.0000892173745591229311194605977597404944
0.0000905084985317472506686012345689107406
0.0000910304756727331503473807372550652417
0.0000904182416167564830151992527618176609
0.0000885588387401714473203678812396333342
0.0000856543114748653533225414280494192099
0.0000822773462748482847664913131247033107
0.0000794170472533739453578974232250686782
0.0000785125944946241116368518264678755259
0.0000814725716273390049943989299485735955
0.0000906782373924564020876981640384428829
0.0001089694073074998274764865757724408013
0.0001396119163203746280522282718905557886
0.0001862464258346996338021328565304202129
0.0002528185341492950304748132950294348120
0.0003434909324460022530395297835070778092
0.0004625388147162112924791477208685819278
0.0006142302491562112937498185694096264342
0.0008026938403877447933409960967310325941
0.0010317763567066950882583631354805220326
0.0013048936335851202446278751523323080619
0.0016248781926862943935513383664215325553
0.0019938275056775810710474328146801781259
0.0024129570502869767019415991882169691962
0.0028824623070621414704095553105389626580
0.0034013940944321329785948737622902626754
0.0039675514745126779989070620047186821466
0.0045773963663161424189618209368290990824
0.0052259938879288987678695121985583682545
0.0059069818894249333934842738358383940067
0.0066125730871357023613055226007872988703
0.0073335924971566334579220480804906401318
0.0080595523951486926217402384509114199318
0.0087787665494082657569041572287460439838
0.0094785046514859853938883560431349906139
0.0101451874019852627401006017748841259163
0.0107646218367747799338207670416522887535
0.0113222759481005404852416162952977174427
0.0118035907625025603129298445992390043102
0.0121943275995220808821661861998109088745
0.0124809473220237072271787681643218093086
0.0126510179865943154370322432100692822132
0.0126936466485841666779199599091043637600
0.0125999305483516631926077522507512185257
0.0123634225522544216602227606927044689655
0.0119806052876425626202427920929949323181
0.0114513682065259646963850670431384060066
0.0107794815597405061607938492329594737384
0.0099730612258954291771129163635123404674
0.0090450182094750884720379957570912665688
0.0080134868816465320423558793550000700634
0.0069022259959388865963036963080412533600
0.0057409869142963114094224685857170698000
0.0045658436576182116067856853192097332794
0.0034194799229697548856310440612560341833
0.0023514285641336217860808410762274434092
0.0014182595473027693501466561798451948562
0.0006837129983585565808773543139409412106
0.0002187745553906594907569993502249872108
0.0001016908123810100750532975366624555136
0.0004179232692151036094099780804356214503
0.0012600400537030864971804744456562730193
0.0027275450176914529595850744669860432623
0.0049266447875920245727532353896549466299
0.0079699547635234593151443149849910696503
0.0119761457703291360893382844210464099888
0.0170695336753723912737168433295664726757
0.0233796147468840753713692492965492419899
0.0310405501305620473706525785928533878177
0.0401906032123834841551790475477901054546
0.0509715341107712591184331074600777355954
0.0635279558318064957456172692218387965113
0.0780066569899253159370289267826592549682
0.0945558961910764189662259582291881088167
0.1133246734238370079239643928303848952055
0.1344619838403729172870981756204855628312
0.1581160595100563892589917713848990388215
0.1844336046538322670951259851790382526815
0.2135590298627042249446361665832228027284
0.2456336907716721584815644519039778970182
0.2807951364406908734139278749353252351284
0.3191763726237844545075006408296758309007
0.3609051448334228973102710824605310335755
0.4061032458799445632458002819475950673223
0.4548858522956008010318385004211449995637
0.5073608937501713489481858232466038316488
0.5636284592260549786146839323919266462326
0.6237802433672959834254356792371254414320
0.6878990361076722237498870526906102895737
0.7560582582062385093024658999638631939888
0.8283215450785800237909484167175833135843
0.9047423807678229845663508967845700681210
0.9853637836663606819342930975835770368576
1.0702180450847884607412652258062735199928
1.1593265214997279244357741845306009054184
1.2526994808325462305020892017637379467487
1.3503360028582682694775485288118943572044
1.4522239334066957550106735652661882340908
1.5583398917509487802135481615550816059113
1.6686493302112290759708912446512840688229
1.7831066447584273948478994498145766556263
1.9016553350584148862623123932280577719212
2.0242282122071220129555513267405331134796
