-1.3518153485041042305425662561901845037937
-1.3852821065051981186400098522426560521126
-1.4190476555529565327873342539533041417599
-1.4530746429808949482520574747468344867229
-1.4873224407810452518674537714105099439621
-1.5217469960823526431425989358103834092617
-1.5563006697480941120659281295957043766975
-1.5909320611630122233037809564848430454731
-1.6255858182008326995315883323200978338718
-1.6602024329220708143139972889912314713001
-1.6947180259659933021509914397029206156731
-1.7290641262167361080770433545694686472416
-1.7631674577309752738329962085117585957050
-1.7969497540513006406115437130210921168327
-1.8303276321763890521765461016912013292313
-1.8632125758570468043728851625928655266762
-1.8955111005972236082328663542284630239010
-1.9271251973965268788901994412299245595932
-1.9579531688667437538953208786551840603352
-1.9878909603536365491294191087945364415646
-2.0168340215179623164942768198670819401741
-2.0446795810693898509668997576227411627769
-2.0713289680269180159655206807656213641167
-2.0966893025619350865440537745598703622818
-2.1206736149224267862223314295988529920578
-2.1431984088709983282683424476999789476395
-2.1641780669015227012152990937465801835060
-2.1835165075377833687753081903792917728424
-2.2010992979729753216133758542127907276154
-2.2168021963508395266728712158510461449623
-2.2305766587263233802218564960639923810959
-2.2426899825552890632707203621976077556610
-2.2538085356109132106894321623258292675018
-2.2639437772580519592224845837336033582687
-2.2708052459777365861270936875371262431145
-2.2712039654135751653996067034313455224037
-2.2651462609920209878566765837604179978371
-2.2558248827652649382002891798038035631180
-2.2455237135970635975468212564010173082352
-2.2342269174362949790690890949917957186699
-2.2212688035890373328129498986527323722839
-2.2063836581952513959947737021138891577721
-2.1896207982712247996914811665192246437073
-2.1711047828397802561539720045402646064758
-2.1509502722639752825273262715199962258339
-2.1292535882704006766630300262477248907089
-2.1061006141197062824232943967217579483986
-2.0815751316966637496364000980975106358528
-2.0557644070865790375535198108991608023643
-2.0287616185839985050165523716714233160019
-2.0006657317358427228271011699689552187920
-1.9715798053789495014598287525586783885956
-1.9416086696365857378054897708352655172348
-1.9108566519241572123632977309171110391617
-1.8794257167565888710925037230481393635273
-1.8474141360850688808881159275188110768795
-1.8149156544064106721947382538928650319576
-1.7820190459171965091655920332414098083973
-1.7488079501000703963597970869159325957298
-1.7153608887717299857911257277010008692741
-1.6817513922842104445720678995712660253048
-1.6480481852683774857126763890846632421017
-1.6143153996904191505024073194363154470921
-1.5806127951255706243216536677209660410881
-1.5469959742805814428834310092497617006302
-1.5135165871974738394101223093457520008087
-1.4802225211832518159127403123420663177967
-1.4471580759211801758823412455967627465725
-1.4143641247765259549851180054247379302979
-1.3818782642279670014318071480374783277512
-1.3497349537863363444500919285928830504417
-1.3179656488279105630567755724769085645676
-1.2865989285768180128144422269542701542377
-1.2556606211145977525234229688066989183426
-1.2251739268534684867972828214988112449646
-1.1951595414469409206503769382834434509277
-1.1656357786735365156260968433343805372715
-1.1366186934477455761083319885074160993099
-1.1081222048040173522309714826405979692936
-1.0801582184709048739534864580491557717323
-1.0527367485007916858563703499385155737400
-1.0258660373383152730752954084891825914383
-0.9995526736860553818075914023211225867271
-0.9738017075468993200004774735134560614824
-0.9486167618761734976473576352873351424932
-0.9240001403517845712798362001194618642330
-0.8999529308577176589523105576517991721630
-0.8764751043674690045293118600966408848763
-0.8535656090036628507178306790592614561319
-0.8312224591341949020417700921825598925352
-0.8094428194412283117387119091290514916182
-0.7882230839658574961248405088554136455059
-0.7675589501879162002140333243005443364382
-0.7474454882472840733242946953396312892437
-0.7278772054508394484528821521962527185678
-0.7088481062386529085728170684888027608395
-0.6903517478050221756191717759065795689821
-0.6723812915855534866338416577491443604231
-0.6549295508314544322914230178867001086473
-0.6379890344974536997568748120102100074291
-0.6215519876710426938615228209528140723705
-0.6056104287686681075797423545736819505692
-0.5901561837197815130195976962568238377571
-0.5751809173527477891951775745837949216366
-0.5606761621880002044449042841733898967505
-0.5466333448339850686892305020592175424099
-0.5330438101706667097801073396112769842148
-0.5198988434940207126189193331811111420393
-0.5071896907833299827927930891746655106544
-0.4949075772414155971468119332712376490235
-0.4830437242464213909443060401827096939087
-0.4715893648425976136806525573774706572294
-0.4605357578867765311336768263572594150901
-0.4498742009570978472865476760489400476217
-0.4395960421210147739401463695685379207134
-0.4296926906507487764486086234683170914650
-0.4201556267662628907366695329983485862613
-0.4109764104783802385334467999200569465756
-0.4021466895979681765993518638424575328827
-0.3936582069710521936123370778659591451287
-0.3855028069943417512455141604732489213347
-0.3776724414608024216200021783151896670461
-0.3701591747806887711114143257873365655541
-0.3629551886196540344542427192209288477898
-0.3560527859922617555099577657529152929783
-0.3494443948462822580047770770761417225003
-0.3431225711706074599227633825648808851838
-0.3370800016573295976307633736723801121116
-0.3313095059465333003245746112952474504709
-0.3258040384805589440020412439480423927307
-0.3205566899929068180874480731290532276034
-0.3155606886555015200279683540429687127471
-0.3108094009067326468631620173255214467645
-0.3062963319815003027102306987217161804438
-0.3020151261633616801560719977715052664280
-0.2979595667778611733922389248618856072426
-0.2941235759451407139053458195121493190527
-0.2905012141090004829102610983682097867131
-0.2870866793586927534498443037591641768813
-0.2838743065588953951028372557630063965917
-0.2808585663024626422057394847797695547342
-0.2780340636997828407395161320891929790378
-0.2753955370177805783704627629049355164170
-0.2729378561808530334609201872808625921607
-0.2706560211452973541135236246191198006272
-0.2685451601580869929186690114875091239810
-0.2666005279101260616592128371848957613111
-0.2648175035934851595520456157828448340297
-0.2631915888714293494388130056904628872871
-0.2617184057694349474942896449647378176451
-0.2603936944947793374893763029831461608410
-0.2592133111916919419037697025487432256341
-0.2581732256384918766656255684210918843746
-0.2572695188925885889652533933258382603526
-0.2564983808887025262812642267817864194512
-0.2558561079951593986159252835932420566678
-0.2553391005326492990690212536719627678394
-0.2549438602593487868119837003177963197231
-0.2546669878259433250633492207271046936512
-0.2545051802035999122253429050033446401358
-0.2544552280876237193574240791349438950419
-0.2545140132791285370039702229405520483851
-0.2546785060467323669186612278281245380640
-0.2549457624699598135009637189796194434166
-0.2553129217657456040413421760604251176119
-0.2557772035991528469800471157213905826211
-0.2563359053791685049361603887518867850304
-0.2569863995402010270474590925005031749606
-0.2577261308096828185121296428405912593007
-0.2585526134620011462494915122078964486718
-0.2594634285587791855398620555206434801221
-0.2604562211753970735195196084532653912902
-0.2615286976134632568324889234645524993539
-0.2626786225988604894787670218647690489888
-0.2639038164648503936859924579039216041565
-0.2652021523196496644025899058760842308402
-0.2665715531977930208284988111699931323528
-0.2680099891945681989113836607430130243301
-0.2695154745827361697507740245782770216465
-0.2710860649107257325240993850457016378641
-0.2727198540815053973140891230286797508597
-0.2744149714112841254021191161882597953081
-0.2761695786672772601200165354384807869792
-0.2779818670837393979056173520802985876799
-0.2798500543555759167979601897968677803874
-0.2817723816088445465410927681659813970327
-0.2837471103476083000849428117362549528480
-0.2857725193766219584645682516566012054682
-0.2878469016995117701895878781215287744999
-0.2899685613921724747221730922319693490863
-0.2921358104513122611045616849878570064902
-0.2943469656181604832134723892522742971778
-0.2966003451776030308550957670377101749182
-0.2988942657331323249358945304265944287181
-0.3012270389582735186095874269085470587015
-0.3035969683252993656097373786906246095896
-0.3060023458123708461897649613092653453350
-0.3084414485904177771757872505986597388983
-0.3109125356914168580857449342147447168827
-0.3134138446599896710154098400380462408066
-0.3159435881905475751452172517019789665937
-0.3184999507525771433869010706985136494040
-0.3210810852069701515354438470239983871579
-0.3236851094167046971605827820894774049520
-0.3263101028555518423601711219816934317350
-0.3289541032188885161247071664547547698021
-0.3316151030411648159557103099359665066004
-0.3342910463249416097575306139333406463265
-0.3369798251869497995869551232317462563515
-0.3396792765270948422084984485991299152374
-0.3423871787267862565329323842888697981834
-0.3451012483835620425765000618412159383297
-0.3478191370894732625806966552772792056203
-0.3505384282612583612959156198485288769007
-0.3532566340309395980234796752483816817403
-0.3559711922060561084535379450244363397360
-0.3586794633093431383663585165777476504445
-0.3613787277083192472915129656030330806971
-0.3640661828458990889600954687921330332756
-0.3667389405837605531601752772985491901636
-0.3693940246709173091943512190482579171658
-0.3720283683506333538559829321457073092461
-0.3746388121194292875060227743233554065228
-0.3772221016527534942497368319891393184662
-0.3797748859125157916416526404645992442966
-0.3822937154524276848199804135219892486930
-0.3847750409377683755707266755052842199802
-0.3872152118969676148907410606625489890575
-0.3896104757230829385150627786060795187950
-0.3919569769438422945917466222454095259309
-0.3942507567798514411805399504373781383038
-0.3964877530108675274256313514342764392495
-0.3986638001711015899530821116059087216854
-0.4007746300947482853693770721292821690440
-0.4028158728337565275268161713029257953167
-0.4047830579703450282202936705289175733924
-0.4066716163471378320259930205793352797627
-0.4084768822385053121948317311762366443872
-0.4101940959867572678021474530396517366171
-0.4118184071274459401301726302335737273097
-0.4133448780280570278300444897467968985438
-0.4147684880647840577339025003311689943075
-0.4160841383619022781914509323542006313801
-0.4172866571185059325621580228471430018544
-0.4183708055471573317163347383029758930206
-0.4193312844488025215028415004780981689692
-0.4201627414480909039617984035430708900094
-0.4208597789127792587748899677535519003868
-0.4214169625804224939003006511484272778034
-0.4218288309148276460369686446938430890441
-0.4220899052142091378847510441119084134698
-0.4221947004918633616910028649726882576942
-0.4221377371493504893074089068250032141805
-0.4219135534610672366717665227042743936181
-0.4215167188876896009475103710428811609745
-0.4209418482349051582325216713797999545932
-0.4201836166720573362276525131164817139506
-0.4192367756241139331585543459368636831641
-0.4180961695484111673160043665120610967278
-0.4167567536061975719263728024088777601719
-0.4152136122369506909812741923815337941051
-0.4134619786418973763630901885335333645344
-0.4114972551810865963872743122919928282499
-0.4093150346866831212899739966815104708076
-0.4069111226930747227115148234588559716940
-0.4042815605826071134742960566654801368713
-0.4014226496434779023481098647607723250985
-0.3983309760340849603466040207422338426113
-0.3950034366455392187411632676230510696769
-0.3914372658504216562214139685238478705287
-0.3876300631222133752373792958678677678108
-0.3835798215040084335747394561622058972716
-0.3792849568987427533173217852890957146883
-0.3747443381439413689903972226602490991354
-0.3699573178232468118054043770825956016779
-0.3649237637531584921291027967527043074369
-0.3596440910668963208962622957187704741955
-0.3541192947983619054852510998898651450872
-0.3483509828476062386570788476092275232077
-0.3423414091865770725320317069417797029018
-0.3360935071404581586662629888451192528009
-0.3296109225590195812571892020059749484062
-0.3228980466746692590263023703300859779119
-0.3159600484334083025927952803613152354956
-0.3088029060848914153503130819444777444005
-0.3014334378312915063702348561491817235947
-0.2938593313671655216090528028871631249785
-0.2860891721985536206851463703060289844871
-0.2781324707189354317193874521763063967228
-0.2699996881555821737208589183865115046501
-0.2617022617069919565579994014115072786808
-0.2532526295061102716843492999032605439425
-0.2446642565095316357304255916460533626378
-0.2359516630611214194068736560438992455602
-0.2271304586756691112903183693561004474759
-0.2182173843469618901291795509678195230663
-0.2092303669516387409910151973235770128667
-0.2001885883157563383871746509612421505153
-0.1911125682255660762631777060960303060710
-0.1820242542830342591386738604342099279165
-0.1729471021801446128929313772459863685071
-0.1639061197726359719872846198995830491185
-0.1549278418329720075075073282278026454151
-0.1460402059777319294653352699242532253265
-0.1372723203677241043951795518296421505511
-0.1286541615554362971707291762868408113718
-0.1202164084986305364610714718764938879758
-0.1119913874834749245579246235138271003962
-0.1040178976468859456394611129326221998781
-0.0963497573469460494299809738549811299890
-0.0890469095590938342077436118415789678693
-0.0821231298948213311872379449596337508410
-0.0755181235177595361340863178156723733991
-0.0691997767799300694813169343433401081711
-0.0632684286623505648394782951982051599771
-0.0578775773646918109682779629565629875287
-0.0531141717279999259204714689985848963261
-0.0490082982109764364597737085205153562129
-0.0455897576910914009706843330604897346348
-0.0429035206033411761761264813230809522793
-0.0410016989068123921535757858691795263439
-0.0399376466970353116714420593780232593417
-0.0397644672632532364398016966333671007305
-0.0405349629596785943075332170337787829340
-0.0423017992444364304693849021532514598221
-0.0451176110211765624136148744582897052169
-0.0490349981600698217598655048732325667515
-0.0541064134488408940426573678905697306618
-0.0603839696370602335706578855933912564069
-0.0679191980537354744740241585532203316689
-0.0767627857947142805405960075404436793178
-0.0869643082582791104861996700492454692721
-0.0985719638328941272220617975108325481415
-0.1116323103125109322819596968656696844846
-0.1261899985774667942717286450715619139373
-0.1422874975545111997377034640521742403507
-0.1599648044936953228400966509070713073015
-0.1792591353960119038291054494038689881563
-0.2002045915518819163558816853765165433288
-0.2228317994613424335437201762033510021865
-0.2471675229409292517956941992451902478933
-0.2732342481479855256232269766769604757428
-0.3010497448405018983130787546542705968022
-0.3306266108609323128852963691315380856395
-0.3619718122202364440909150289371609687805
-0.3950862390867359019708260348124895244837
-0.4299643092212697137455279516871087253094
-0.4665936648914497664186740166769595816731
-0.5049550247448683082396314603101927787066
-0.5450222619515687760838318354217335581779
-0.5867627716098844370407050519133917987347
-0.6301381460158520519954095107095781713724
-0.6751050781482439422376273796544410288334
-0.7216162564110386590243706450564786791801
-0.7696208222070788362856319508864544332027
-0.8190638058125039311363480010186322033405
-0.8698839467840153716338136291597038507462
-0.9220095657187453719316749811696354299784
-0.9753528210403824560970065249421168118715
-1.0298045995012810038815587176941335201263
-1.0852411663444672118572498220601119101048
-1.1415828643003709252923272288171574473381
-1.1989472910883964829054093570448458194733
-1.2576690256517368826649772017844952642918
-1.3175800236773640428111775690922513604164
-1.3770503662997615190732858536648564040661
-1.4340649899607533779288814912433736026287
-1.4887069763174958225704358483199030160904
-1.5428535668810727798927473486401140689850
-1.5976419512947674927971775105106644332409
-1.6528222657364322056849914588383398950100
-1.7078148993093456020631037972634658217430
-1.7622881902084417404807936691213399171829
-1.8160798968344402659624847728991881012917
-1.8690565224148445455654155011870898306370
-1.9210679316661840587698861781973391771317
-1.9719454232224251644112200665404088795185
-2.0215090371218105147477217542473226785660
-2.0695754125314009819192051509162411093712
-2.1159642576752197840050939703360199928284
-2.1605027448649707366712391376495361328125
-2.2030273865265668220558836765121668577194
-2.2433829156819213856977057730546221137047
-2.2814177195106211115671612787991762161255
-2.3169757965425392676195315289078280329704
-2.3498864392993099592388261953601613640785
-2.3799573076361957291169346717651933431625
-2.4069979854328695800802506710169836878777
-2.4309593020325923617974694934673607349396
-2.4522219087167163031892869184957817196846
-2.4714438035017018968630964081967249512672
-2.4879723748350461853817705559777095913887
-2.4985547388813520441885884793009608983994
-2.5002254927344043089476599561749026179314
-2.4942615361351649916343831137055531144142
-2.4842802910259709214813028665957972407341
-2.4719449085946312294481685967184603214264
-2.4567676979722787855564547498943284153938
-2.4380499613748800591395138326333835721016
-2.4155852416351759615054106689058244228363
-2.3894277013277140930824771203333511948586
-2.3596757497962861371831877477234229445457
-2.3264138590984226873104034893913194537163
-2.2897124186262116651846554304938763380051
-2.2496375327255098142131828353740274906158
-2.2062596578044213480040980357443913817406
-2.1596588895370647520621787407435476779938
-2.1099268676924998189292637107428163290024
-2.0571661428234198076836491964058950543404
-2.0014881122506902322299993102205917239189
-1.9430104927548474957887947311974130570889
-1.8818549748138750921100381674477830529213
-1.8181453731379320082339745567878708243370
-1.7520063437429260755351378975319676101208
-1.6835625998090202326551434452994726598263
-1.6129385062421111030062093050219118595123
-1.5402579324963221463207219130708836019039
-1.4656442658170605319867263460764661431313
-1.3892205143766382935410774734918959438801
-1.3111094533089291402916387596633285284042
-1.2314337841340698975756140498560853302479
-1.1503162901508900972658011596649885177612
-1.0678799785162007562888675238355062901974
-0.9842482052385971291741384447959717363119
-0.8995447830732896665750786269200034439564
-0.8138940748353890031197011012409348040819
-0.7274210762308718214441682903270702809095
-0.6402514930856707531248162013071123510599
-0.5525118179141127461306837176380213350058
-0.4643294101577745691677989725576480850577
-0.3758325831541896033805016941187204793096
-0.2871506989316273683598979005182627588511
-0.1984142691378612544106374571128981187940
-0.1097550565163490782216726415754237677902
-0.0213061658035250088560896841727299033664
0.0667978950658142944796225037862313911319
0.1544212139222854718312305521976668387651
0.2414265791434932195702600665754289366305
0.3276757535079475314176988831604830920696
0.4130299951216229725758921631495468318462
0.4973509038152492123252557121304562315345
0.5805016390603791043290016204991843551397
0.6623484687450401642294650628173258155584
0.7427624532922907363285958126652985811234
0.8216208589782882931729091069428250193596
0.8988076860606131202047208716976456344128
0.9742126022657469075483049891772679984570
1.0477277314417288156533913934254087507725
1.1192422952053322493526366088190115988255
1.1886364444377006677200370177160948514938
1.2557810778526152795109283033525571227074
1.3205733974500288852027551911305636167526
1.3830723528300075120256451555178500711918
1.4436526425744669044348711395286954939365
1.5025814906313481600363957113586366176605
1.5587805072830647201698184289853088557720
1.6098745921095323208049876484437845647335
1.6549057355784781986329790015588514506817
1.6956607869997142312712412604014389216900
1.7341989951234231259746820796863175928593
1.7709249911609168393056279455777257680893
1.8053679965044227007098243120708502829075
1.8372225299974369594480094747268594801426
1.8664653337535148658332673221593722701073
1.8931704760519667551932343485532328486443
1.9174170255916302973986375945969484746456
1.9392727270425442753776223980821669101715
1.9587979537287230069608767735189758241177
1.9760518467478820348048884625313803553581
1.9910968860901498977966639358783140778542
2.0040012196926557663800849695689976215363
2.0148390087911294266120876272907480597496
2.0236894367876252509574896976118907332420
2.0306350784518003571577082766452804207802
2.0357601740548743052272584463935345411301
2.0391491337940363948177946440409868955612
2.0408854038106913897365757293300703167915
2.0410506957322298582369057839969173073769
2.0397245172931164347573940176516771316528
2.0369839237456748293197961174882948398590
2.0329034171609952075243654689984396100044
2.0275549373443526590676810883451253175735
2.0210079049409594986741467437241226434708
2.0133292908027762280198658118024468421936
2.0045836953202127439510604745009914040565
1.9948334279246342504166022990830242633820
1.9841385812830887314106576013728044927120
1.9725570975799502360104042963939718902111
1.9601448261974321329859094475978054106236
1.9469555733587231571846132283098995685577
1.9330411450569899844964538715430535376072
1.9184513849787760975118544592987746000290
1.9032342092332961147604919460718519985676
1.8874356395971121358456912275869399309158
1.8710998367470017544889060445711947977543
1.8542691346421333875582604377996176481247
1.8369840768764547078717441763728857040405
1.8192834554927117540756853486527688801289
1.8012043524537262317863905991544015705585
1.7827821837208102095928552444092929363251
