-2.2632692897083486194276247260859236121178
-2.2676846302768298713203876104671508073807
-2.2719128310213436705566891760099679231644
-2.2759473103182914499598155089188367128372
-2.2797813996176943263094472058583050966263
-2.2834083677113126142899091064464300870895
-2.2868214577072900617338291340274736285210
-2.2900139386858349155318137491121888160706
-2.2929791727769464060315840470138937234879
-2.2957106963371485264246985025238245725632
-2.2982023109127198701173711015144363045692
-2.3004481757943806563559974165400490164757
-2.3024428894149009394709537446033209562302
-2.3041815420806814884713276114780455827713
-2.3056597182926528155633150163339450955391
-2.3068734241802495432693831389769911766052
-2.3078189155071733296153979608789086341858
-2.3084924056063589326015517144696786999702
-2.3088896421701061711928559816442430019379
-2.3090053607394009915765309415291994810104
-2.3088326617999221923582808813080191612244
-2.3083624471970578539981033827643841505051
-2.3075832532137061647858899959828704595566
-2.3064822153613242505798552883788943290710
-2.3050484737044389937921096134232357144356
-2.3032806350941137374377376545453444123268
-2.3011987230258310610508942772867158055305
-2.2988566864619417451365279703168198466301
-2.2963439553115505553648745262762531638145
-2.2937586960324596319082957052160054445267
-2.2911418246394994469028461026027798652649
-2.2883871916164277848793062730692327022552
-2.2851795866732147466393598733702674508095
-2.2810258621080574670259011327289044857025
-2.2754046955887643477467463526409119367599
-2.2679783517463958375515176157932728528976
-2.2587475863666330866408316069282591342926
-2.2480513960425398956033404829213395714760
-2.2364117775103355967303286888636648654938
-2.2243219878695215108166394202271476387978
-2.2120970830471846646503308875253424048424
-2.1998431309121535548456449760124087333679
-2.1875193841772189173866536293644458055496
-2.1750280853657320001559583033667877316475
-2.1622803463778010879536850552540272474289
-2.1492227886723820340364454750670120120049
-2.1358359327681188943870438379235565662384
-2.1221216787089698385670999414287507534027
-2.1080913666033596065574329259106889367104
-2.0937583279402192104612367984373122453690
-2.0791344897504315802905239252140745520592
-2.0642294147768178724788867839379236102104
-2.0490504704706857808105269214138388633728
-2.0336033932257517875541452667675912380219
-2.0178929113282033647180924162967130541801
-2.0019232912871469665105905733071267604828
-1.9856987607999210254661193175707012414932
-1.9692238005830822178410244305268861353397
-1.9525033161811842230548563748016022145748
-1.9355427104141365024503329550498165190220
-1.9183478810093044231166459212545305490494
-1.9009251678898837489839479530928656458855
-1.8832812718537701446308574304566718637943
-1.8654231621385048978112308759591542184353
-1.8473579856072150917611907061655074357986
-1.8290929857383217971289468550821766257286
-1.8106354357216298822663702594581991434097
-1.7919925869765918058362785814097151160240
-1.7731716323470869678402550562168471515179
-1.7541796819957042874449371083755977451801
-1.7350237494560372120133706630440428853035
-1.7157107452191673324648490961408242583275
-1.6962474754569263346581919904565438628197
-1.6766406438760927954945145756937563419342
-1.6568968551472524897150151446112431585789
-1.6370226187884233670644107405678369104862
-1.6170243527652206072531271274783648550510
-1.5969083863784441223998555869911797344685
-1.5766809622430406623294629753218032419682
-1.5563482373268409109101639842265285551548
-1.5359162831233854618062650843057781457901
-1.5153910850939291687922150231315754354000
-1.4947785415407242037844071091967634856701
-1.4740844620773223550003194759483449161053
-1.4533145658504629249563322446192614734173
-1.4324744796481931885523408709559589624405
-1.4115697360051426834104404406389221549034
-1.3906057713914214968298210806096903979778
-1.3695879245485687025762899793335236608982
-1.3485214350156455864748750173021107912064
-1.3274114418714122454190373900928534567356
-1.3062629827049447861497810663422569632530
-1.2850809928166455620157648809254169464111
-1.2638703046442811839256137318443506956100
-1.2426356474038917632185530237620696425438
-1.2213816469326956859475785677204839885235
-1.2001128257200952553773731779074296355247
-1.1788336031129440506504124641651287674904
-1.1575482956822198410407054325332865118980
-1.1362611177395938177880907460348680615425
-1.1149761819939996154715800003032200038433
-1.0936975003398858863334908164688386023045
-1.0724289847703589728666884184349328279495
-1.0511744484095779661458891496295109391212
-1.0299376066597429879578839972964487969875
-1.0087220784587420663314105695462785661221
-0.9875313876447573413486225035740062594414
-0.9663689644243841359028124315955210477114
-0.9452381469406314629111420799745246767998
-0.9241421829369346196969559059652965515852
-0.9030842315129037345400320191401988267899
-0.8820673649671174620934266386029776185751
-0.8610945707216928202143435555626638233662
-0.8401687533229629245568048645509406924248
-0.8192927365120672433818072022404521703720
-0.7984692653589141597691991592000704258680
-0.7777010084526110311742286285152658820152
-0.7569905601412467710531473130686208605766
-0.7363404428137606538840032044390682131052
-0.7157531092165527741855157728423364460468
-0.6952309447975578704514987293805461376905
-0.6747762700705786098609451073571108281612
-0.6543913429928778224820007380913011729717
-0.6340783613492892989427218708442524075508
-0.6138394651363815457401074127119500190020
-0.5936767389405812611613555418443866074085
-0.5735922143045298904340256740397308021784
-0.5535878720763512950142626323213335126638
-0.5336656447369336753183688415447250008583
-0.5138274187007528803761147173645440489054
-0.4940750365861755755148010393895674496889
-0.4744102994516373184019641939812572672963
-0.4548349689944423124288164217432495206594
-0.4353507697093796924292519179289229214191
-0.4159593910047003628704942457261495292187
-0.3966624892733459084581681963754817843437
-0.3774616899176732598419903297326527535915
-0.3583585893262147825666374956199433654547
-0.3393547568012986737073788390262052416801
-0.3204517364366440412837278017832431942225
-0.3016510489442396081294361920299706980586
-0.2829541934300671135460447658260818570852
-0.2643626491184538629397593467729166150093
-0.2458778770249266942826693593815434724092
-0.2275013215777276776030646487924968823791
-0.2092344121881764273940262910400633700192
-0.1910785647702911427270322519689216278493
-0.1730351832101106879235885571688413619995
-0.1551056607853357194315435663156677037477
-0.1372913815359405875771159344367333687842
-0.1195937215865380542911822203677729703486
-0.1020140504212974086328813427826389670372
-0.0845537321123078916551563111170253250748
-0.0672141265023633166508787439852312672883
-0.0499965903431005623258620573778898688033
-0.0329024783895935091226903068672982044518
-0.0159331444524051443756285095787461614236
0.0009100575917600249109887244891581303818
0.0176257728296913794563405275539480498992
0.0342126443804505533941018313726090127602
0.0506693125021248774730864283810660708696
0.0669944137353793989220207549806218594313
0.0831865800826096096765027709807327482849
0.0992444382215109249800732982293993700296
0.1151666087518481568219286259591171983629
0.1309517054742391495292253011939465068281
0.1465983346997306036030295217642560601234
0.1621050945889777605835035956260981038213
0.1774705745198603690226946127950213849545
0.1926933544822995170164858791395090520382
0.2077720044991718806315361689485143870115
0.2227050840721088442730746237430139444768
0.2374911416510879225150176807801472023129
0.2521287141266713160980827979074092581868
0.2666163263437976715941601923987036570907
0.2809524906360751916878371048369444906712
0.2951357063794982638071928704448509961367
0.3091644595645939297412496671313419938087
0.3230372223859913627386220014159334823489
0.3367524528484709955833409367187414318323
0.3503085943885592690172359198186313733459
0.3637040755107849854255164245842024683952
0.3769373094377499455731594935059547424316
0.3900066937731886396178992981731425970793
0.4029106101772729209287149387819226831198
0.4156474240534014930048556379915680736303
0.4282154842458070209687548413057811558247
0.4406131227473448763731767030549235641956
0.4528386544168599425752574916259618476033
0.4648903767055848068601164868596242740750
0.4767665693921002700861322409764397889376
0.4884654943253695091875954403803916648030
0.4999853951755021119751631886174436658621
0.5113244971918807779687199399631936103106
0.5224810069683610835866716115560848265886
0.5334531122153540749764033535029739141464
0.5442389815385830775795739100431092083454
0.5548367642244165232057184766745194792747
0.5652445900317386584532641791156493127346
0.5754605689903447007793602097081020474434
0.5854827912059504813058197214559186249971
0.5953093266719283738197532329650130122900
0.6049382250879963285328244637639727443457
0.6143675156860998187724476338189560920000
0.6235952070638122179957463231403380632401
0.6326192870256788225447053264360874891281
0.6414377224329282922710149250633548945189
0.6500484590621118385911358927842229604721
0.6584494214732602435091735060268547385931
0.6666385128882221788870765522005967795849
0.6746136150799347808160177919489797204733
0.6823725882734349434954879143333528190851
0.6899132710594816364491066451591905206442
0.6972334803217724585877590470772702246904
0.7043310111787214333745055228064302355051
0.7112036369409657776685662611271254718304
0.7178491090857176404327333330002147704363
0.7242651572491952682852911493682768195868
0.7304494892384905124771421469631604850292
0.7363997910641909561135776129958685487509
0.7421137269952425841168519582424778491259
0.7475889396375593465293718509201426059008
0.7528230500379511358488571204361505806446
0.7578136578150532765008051683253142982721
0.7625583413189196413384252082323655486107
0.7670546578211403510039190223324112594128
0.7713001437372498658717745456669945269823
0.7752923148833954503089671561610884964466
0.7790286667692221111991557336295954883099
0.7825066749289946166356912726769223809242
0.7857237952930761215597499358409550040960
0.7886774646019094614501909745740704238415
0.7913651008647143436647297676245216280222
0.7937841038651862746178267116192728281021
0.7959318557165120378016354152350686490536
0.7978057214681116837695640242600347846746
0.7994030497665214340941020054742693901062
0.8007211735729502510849897589650936424732
0.8017574109400130710767484742973465472460
0.8025090658502691542963702886481769382954
0.8029734291191911177421047796087805181742
0.8031477793652329610907258938823360949755
0.8030293840496994794975194054131861776114
0.8026155005891864036016158934216946363449
0.8019033775432664601368060175445862114429
0.8008902558802347693145406992698553949594
0.7995733703236050926577149766671936959028
0.7979499507820563275473091380263213068247
0.7960172238655238707849548518424853682518
0.7937724144899671596675716500612907111645
0.7912127475733585768580269359517842531204
0.7883354498252481690201420860830694437027
0.7851377516321804694854336048592813313007
0.7816168890410424285875023997505195438862
0.7777701058422937796521523523551877588034
0.7735946557548145641192149923881515860558
0.7690878047139518836061711226648185402155
0.7642468332641517703152089779905509203672
0.7590690390573736623380796117999125272036
0.7535517394584206884999844078265596181154
0.7476922742581550984652949409792199730873
0.7414880084956072536783722171094268560410
0.7349363353899598383378588550840504467487
0.7280346793836035557134778173349332064390
0.7207804992976466484932984712941106408834
0.7131712916015969794258921865548472851515
0.7052045937993695057244281088060233741999
0.6968779879342450467305525307892821729183
0.6881891042158845284149037979659624397755
0.6791356247729395390066997606481891125441
0.6697152875349726697251639961905311793089
0.6599258902473016386025506108126137405634
0.6497652946215600744395146648457739502192
0.6392314306230900688987617286329623311758
0.6283223008933637165895902398915495723486
0.6170359853009279582636281702434644103050
0.6053706456076973774216298807004932314157
0.5933245302282508237823321906034834682941
0.5808959790481931229066958621842786669731
0.5680834282537285950809291534824296832085
0.5548854151094283482237301541317719966173
0.5413005826063701508843450938002206385136
0.5273276838912263064784724519995506852865
0.5129655863826970696450757714046631008387
0.4982132754897982129804745454748626798391
0.4830698578732656733869532672542845830321
0.4675345642423952563504485624434892088175
0.4516067517598687519608802176662720739841
0.4352859062380340926523558664484880864620
0.4185716444483519871333498940657591447234
0.4014637170209253147490358060167636722326
0.3839620125640106351738722878508269786835
0.3660665637567774299832024098577676340938
0.3477775562268974329782622589846141636372
0.3290953409778968885568417590548051521182
0.3100204509334374414208923553815111517906
0.2905536217443511204372441625309875234962
0.2706958161719498212605117259954567998648
0.2504482495653229667809114289411809295416
0.2298124098026904649216817233536858111620
0.2087900560298471264175645956129301339388
0.1873831644352348391180385078769177198410
0.1655937709358041853846543745021335780621
0.1434236643698547086778205539303598925471
0.1208739602494375703356510598496242891997
0.0979447798039634609512660290420171804726
0.0746355178439845751148240537986566778272
0.0509462553606568196995496577983431052417
0.0268803976463951287134701573222628212534
0.0024475261768230303915938605996416299604
-0.0223355913418446967722008622558860224672
-0.0474476818815220274805355415992380585521
-0.0728691411766377306058473095617955550551
-0.0985887562756156826671016801810765173286
-0.1246069446787371470808380991002195514739
-0.1509334077056941614269902629530406557024
-0.1775807275147732178233184185955906286836
-0.2045578240502339273376719575026072561741
-0.2318665831889176187630141612316947430372
-0.2595023311275396205033416663354728370905
-0.2874565310814887753032564887689659371972
-0.3157195613915492193868317372107412666082
-0.3442823516085958823751411728153470903635
-0.3731368073100004845166210998286260291934
-0.4022755459421917256790379724407102912664
-0.4316914626631536133771760432864539325237
-0.4613773946178792439987148554791929200292
-0.4913259380621579630599171650828793644905
-0.5215293781491970870334284882119391113520
-0.5519796792456733713905236982100177556276
-0.5826685007133490801223274502262938767672
-0.6135872202695484833867567431298084557056
-0.6447269571968564649822042156301904469728
-0.6760785924475691821555756177986040711403
-0.7076327847565283546416026183578651398420
-0.7393799828187147538116619216452818363905
-0.7713104340613941012350096571026369929314
-0.8034141907702273543989690551825333386660
-0.8356811143972520117273461437434889376163
-0.8681008788331178172015256677696015685797
-0.9006629733074005272897011309396475553513
-0.9333567054241708182971137830463703721762
-0.9661712046744933557462786666292231529951
-0.9990954266127972660527234438632149249315
-1.0321181577516953531414856115588918328285
-1.0652280211243563279310819780221208930016
-1.0984134823842044426100983400829136371613
-1.1316628562551689363147033873246982693672
-1.1649643131076186097772051653009839355946
-1.1983058854122976555345303495414555072784
-1.2316754738152246861915273257181979715824
-1.2650608525825761674354907881934195756912
-1.2984496741901445648892376993899233639240
-1.3318294728852273500763203628594055771828
-1.3651876671406466545732882877928204834461
-1.3985115610638927385878105269512161612511
-1.4317883450330477490552993913297541439533
-1.4650050961164169383010857927729375660419
-1.4981487792000500736122603484545834362507
-1.5312062501896392952005498955259099602699
-1.5641642631444216959835102898068726062775
-1.5970094836868140575347752019297331571579
-1.6297285114234703051749875157838687300682
-1.6623079142815939679422854169388301670551
-1.6947342774402571752290214135427959263325
-1.7269942687228918565267576923361048102379
-1.7590747207134507235082310216967016458511
-1.7909627273010473302861100819427520036697
-1.8226457487747882435513702148455195128918
-1.8541117150708992245000672483001835644245
-1.8853491116337885991072198521578684449196
-1.9163470271852227622133568729623220860958
-1.9470951383895540587332106952089816331863
-1.9775836041021304101406030895304866135120
-2.0078028429137604327081589872250333428383
-2.0377431735501416731892732059350237250328
-2.0673943105644410067611715930979698896408
-2.0967447331274278177204450912540778517723
-2.1257809987158058362410884001292288303375
-2.1544871979027191422062514902791008353233
-2.1828450216474708511782409914303570985794
-2.2108354197515920347427709202747792005539
-2.2384434585671715289834082796005532145500
-2.2656680324305451534883104613982141017914
-2.2925359506383093943782114365603774785995
-2.3191139398738065402483243815368041396141
-2.3455034320177987616773407353321090340614
-2.3717991316662914158541752840392291545868
-2.3980053803539060908178726094774901866913
-2.4239387973617607663356920966180041432381
-2.4491827849179914622368414711672812700272
-2.4731598650805186601076002261834219098091
-2.4953265789224818860247978591360151767731
-2.5154029769300594310266205866355448961258
-2.5335014774680764126912890787934884428978
-2.5500719571900254400986796099459752440453
-2.5656989887457894994327034510206431150436
-2.5808768781424173965888257953338325023651
-2.5958806347225027444380884844576939940453
-2.6107674894719332669978939520660787820816
-2.6254616282484333211755256343167275190353
-2.6398495891732718376943012117408215999603
-2.6538404060480287327550286136101931333542
-2.6673840731242131063538636226439848542213
-2.6804645209143349582348037074552848935127
-2.6930851360166965235976022086106240749359
-2.7052568918643413731217606255086138844490
-2.7169915883541553291991021978901699185371
-2.7282990661038524216053247073432430624962
-2.7391866237842692477499895176151767373085
-2.7496593864858795974726035638013854622841
-2.7597209689185877579120642622001469135284
-2.7693741449539182042371976422145962715149
-2.7786214114085447945967644045595079660416
-2.7874654105331591047445272124605253338814
-2.7959092101197233759535265562590211629868
-2.8039564572688333576877539599081501364708
-2.8116114303181620748262048437027260661125
-2.8188790162990771115403276780853047966957
-2.8257646402266614060749816417228430509567
-2.8322741689189969704898430791217833757401
-2.8384138071136066905353345646290108561516
-2.8441899984076322027704009087756276130676
-2.8496093387118679451930347568122670054436
-2.8546785059072403711866172670852392911911
-2.8594042064015763315865115146152675151825
-2.8637931372937863727656804258003830909729
-2.8678519617281681419740380079019814729691
-2.8715872945736653498727264377521350979805
-2.8750056955878426911965561885153874754906
-2.8781136675411369552080032008234411478043
-2.8809176572362726886922246194444596767426
-2.8834240578545045075031794112874194979668
-2.8856392115265663278478314168751239776611
-2.8875694114244367938226787373423576354980
-2.8892209029856115165557639556936919689178
-2.8905998841154869616332234727451577782631
-2.8917125043741744860881226486526429653168
-2.8925648632551839156690220988821238279343
-2.8931630077180381377388584951404482126236
-2.8935129291580974353337296633981168270111
-2.8936205599954742950785657740198075771332
-2.8934917700488425040816764521878212690353
-2.8931323628365857025812601932557299733162
-2.8925480719208174207324191229417920112610
-2.8917445573831472849235524336108937859535
-2.8907274024964366709866681048879399895668
-2.8895021106351674866630219185026362538338
-2.8880741024493188362498585775028914213181
-2.8864487133126730533660975197562947869301
-2.8846311910458335425744280655635520815849
-2.8826266939071314432396775373490527272224
-2.8804402888398215054621687158942222595215
-2.8780769499615557194260873075108975172043
-2.8755415572813536329022099380381405353546
-2.8728388956295289879960819234838709235191
-2.8699736537872149177985647838795557618141
-2.8669504238038201471283628052333369851112
-2.8637737004921306471771913493284955620766
-2.8604478810928593013329646055353805422783
-2.8569772651015927777962133404798805713654
-2.8533660542525081105225126520963385701180
-2.8496183526540348474043184978654608130455
-2.8457381670722479150015260529471561312675
-2.8417294073580632307596260943682864308357
-2.8375958870143027645838174066739156842232
-2.8333413238985061255448272277135401964188
-2.8289693410569043408031575381755828857422
-2.8244834676846592991239504044642671942711
-2.8198871402066485458703937183599919080734
-2.8151837034727886788232353865168988704681
-2.8103764120610508214781475544441491365433
-2.8054684316810356570215390092926099896431
-2.8004628406703759857521163212368264794350
-2.7953626315759940723637555493041872978210
-2.7901707128118506950897881324635818600655
-2.7848899103848401281879887392278760671616
-2.7795229696802867813687498710351064801216
-2.7740725572985907021461571275722235441208
-2.7685412629347454505079895170638337731361
-2.7629316012925966283830803149612620472908
-2.7572460140259913430327287642285227775574
-2.7514868716994107522566537227248772978783
-2.7456564757609043248010038951179012656212
-2.7397570605206680305343525105854496359825
-2.7337907951290905117502916255034506320953
-2.7277597855483652899977187189506366848946
-2.7216660765124975895901116018649190664291
-2.7155116534707430808737171901157125830650
-2.7092984445101642165809607831761240959167
-2.7030283222533260101272389874793589115143
-2.6967031057276331651451073412317782640457
-2.6903245622031657369177537475479766726494
-2.6838944089963576722368543414631858468056
-2.6774143152370815101903644972480833530426
-2.6708859035971581619151038466952741146088
-2.6643107519786100034764331212500110268593
-2.6576903951601802411630615097237750887871
-2.6510263264009630290729546686634421348572
-2.6443199990003005694916282664053142070770
