-2.0858465665498933105936885112896561622620
-2.1003539953823380237452056462643668055534
-2.1141659113625514976320118876174092292786
-2.1272797123492810378309059160528704524040
-2.1396949102820870258767627092311158776283
-2.1514131804721192686713493458228185772896
-2.1624384022347475919900716689880937337875
-2.1727766902205196686281851725652813911438
-2.1824364158232496535561040218453854322433
-2.1914282180773092534309398615732789039612
-2.1997650034930003037914048036327585577965
-2.2074619343264485493705251428764313459396
-2.2145364048296642955904189875582233071327
-2.2210080050879743573943869705544784665108
-2.2268984721173721297304837207775563001633
-2.2322316279658487303549918578937649726868
-2.2370333046436798873912721319356933236122
-2.2413312557917275391616840352071449160576
-2.2451550550881873569153412972809746861458
-2.2485359814893142171854378830175846815109
-2.2515068915010756356309684633743017911911
-2.2541020787815679859988904354395344853401
-2.2563571214802786712994020490441471338272
-2.2583087178311278542253148771123960614204
-2.2599945106217562695860578969586640596390
-2.2614529012739104096851860958850011229515
-2.2627228543749882128111039492068812251091
-2.2638436936065993165811960352584719657898
-2.2648548901178386927313113119453191757202
-2.2657958444845469614392641233280301094055
-2.2667056634880129450948516023345291614532
-2.2676229330270358808263608807465061545372
-2.2685854885518241808028960804222151637077
-2.2696301844696353811059452709741890430450
-2.2707926640280793328940944775240495800972
-2.2721071312206251313625671173213049769402
-2.2736061262864519783022387855453416705132
-2.2753203063961668917158931435551494359970
-2.2772782331105827502426564024062827229500
-2.2795061681912569540031654469203203916550
-2.2820278793113932813696465018438175320625
-2.2848644571760643451341366017004474997520
-2.2880341455019692631367433932609856128693
-2.2915521852383342604753124760463833808899
-2.2954306743258019452014195849187672138214
-2.2996784441935447240723533468553796410561
-2.3043009540846490779131272574886679649353
-2.3093002041806851565297620254568755626678
-2.3146746683646837183800926140975207090378
-2.3204192473228673065932525787502527236938
-2.3265252425389761903318230906734243035316
-2.3329803515801241786675745970569550991058
-2.3397686849184053947681150020798668265343
-2.3468708043689581188573356484994292259216
-2.3542637830654276065445174026535823941231
-2.3619212867303467362489755032584071159363
-2.3698136758397727597014181810664013028145
-2.3779081281228409139316681830678135156631
-2.3861687806876430428815183404367417097092
-2.3945568909172361138359974574996158480644
-2.4030310151441041099928952462505549192429
-2.4115472039815970539677891792962327599525
-2.4200592130723888040222391282441094517708
-2.4285187279072180110972567490534856915474
-2.4368756012710259817310998187167569994926
-2.4450781017916414228352550708223134279251
-2.4530731719952143521368270739912986755371
-2.4608066942186108683188194845570251345634
-2.4682237626837713051486389304045587778091
-2.4752689600159789584665759321069344878197
-2.4818866364673728419631970609771087765694
-2.4880211901128119755810530477901920676231
-2.4936173462940609546478754054987803101540
-2.4986204346173730428404269332531839609146
-2.5029766618448445747446839959593489766121
-2.5066333790753692056796353426761925220490
-2.5095393416668625441445783508243039250374
-2.5116449604291979369463660987094044685364
-2.5129025426933884190816570480819791555405
-2.5132665219578935733579783118329942226410
-2.5126936749053139230625220079673454165459
-2.5111433246913397177024762640940025448799
-2.5085775295141026219880586722865700721741
-2.5049612555892597498541363165713846683502
-2.5002625337707455877023221546551212668419
-2.4944525991809864962078790995292365550995
-2.4875060133329593980988647672347724437714
-2.4794007683505507877441687014652416110039
-2.4701183730153997153422551491530612111092
-2.4596439204891025198662646289449185132980
-2.4479661376774806136324968974804505705833
-2.4350774163198698474275261105503886938095
-2.4209738259988218267437787289964035153389
-2.4056551093711528999108395510120317339897
-2.3891246600260105381607900199014693498611
-2.3713894834708142411727749276906251907349
-2.3524601418367261373987275874242186546326
-2.3323506829800386697115754941478371620178
-2.3110785547321759381134143040981143712997
-2.2886645051201157663456342561403289437294
-2.2651324694427050765455078362720087170601
-2.2405094451393781085357659321743994951248
-2.2148253554378722895989994867704808712006
-2.1881129028017118898219450784381479024887
-2.1604074132304167399354355438845232129097
-2.1317466724870919314582806691760197281837
-2.1021707553412611879650739865610376000404
-2.0717218489215212251508546614786610007286
-2.0404440712718656669721895013935863971710
-2.0083832861955532855802175618009641766548
-1.9755869154567158307855834209476597607136
-1.9421037493861561529229220468550920486450
-1.9079837569110831285712492899619974195957
-1.8732778959935254547986005491111427545547
-1.8380379254232517283185188716743141412735
-1.8023162188680112993921511588268913328648
-1.7661655820342112566123660144512541592121
-1.7296390737407640880718417975003831088543
-1.6927898316533198652678038342855870723724
-1.6556709033682259768482936124200932681561
-1.6183350834769623105557911912910640239716
-1.5808347571795247077375279332045465707779
-1.5432217509541426014862963711493648588657
-1.5055471907279758259079471827135421335697
-1.4678613679308356587682737881550565361977
-1.4302136137516823222171069573960267007351
-1.3926521818581318878926822435460053384304
-1.3552241397772095687912496941862627863884
-1.3179752690803161474519811235950328409672
-1.2809499744572248047802531800698488950729
-1.2441912017120626554600448798737488687038
-1.2077403646629001343626441666856408119202
-1.1716372808782642422897879441734403371811
-1.1359201161394880674748719684430398046970
-1.1006253374760943675170210553915239870548
-1.0657876745825896058761372842127457261086
-1.0314400893907857970077657228102907538414
-0.9976137535390035004922992811771109700203
-0.9643380334529834119194902086746878921986
-0.9316404827269861854688315361272543668747
-0.8995468414732501472030889999587088823318
-0.8680810422894618127998001000378280878067
-0.8372652224792038744283217965858057141304
-0.8071197421482455558461310829443391412497
-0.7776632077908083306994058148120529949665
-0.7489125009740815741565711505245417356491
-0.7208828117255449141609346952463965862989
-0.6935876762265732464740608520514797419310
-0.6670390184175810643907311714428942650557
-0.6412471951231050182329340714204590767622
-0.6162210443103246504392700444441288709641
-0.5919679361027023745123187836725264787674
-0.5684938261776324441854058022727258503437
-0.5458033111886575472482263648998923599720
-0.5238996858629660913209136197110638022423
-0.5027850014383504761994458931440021842718
-0.4824601251160626769198813690309179946780
-0.4629248002212919543829627855302533134818
-0.4441777067767387343621976469876244664192
-0.4262165222105414041919857481843791902065
-0.4090379819350378198805628926493227481842
-0.3926379395489252854822836980019928887486
-0.3770114264310173712857476857607252895832
-0.3621527105098868437593750968517269939184
-0.3480553540093175857172980158793507143855
-0.3347122699856969196829936663561966270208
-0.3221157774882000279781379958876641467214
-0.3102576551885142808195894303935347124934
-0.2991291933411781567286880090250633656979
-0.2887212439502793714929396173829445615411
-0.2790242690321920182583426139899529516697
-0.2700283868773578066502238925750134512782
-0.2617234162273682218646797537076054140925
-0.2540989182957871794776849583286093547940
-0.2471442365730841250748284210203564725816
-0.2408485343675397516438607681266148574650
-0.2352008300444008992435840355028631165624
-0.2301900299358922430403850967195467092097
-0.2258049589043095717322273685567779466510
-0.2220343885491930790987424870763788931072
-0.2188670630581796561209273477288661524653
-0.2162917227088764771103512885019881650805
-0.2142971250364590352077698298671748489141
-0.2128720636884472716676697245929972268641
-0.2120053849943936141730915778680355288088
-0.2116860022840246768893734952143859118223
-0.2119029079925774661230519768650992773473
-0.2126451835971120141177692630662932060659
-0.2139020074318781494682184529665391892195
-0.2156626604349542453142873910110210999846
-0.2179165298819832341514768359047593548894
-0.2206531111662998201339291881595272570848
-0.2238620076875732778365346575810690410435
-0.2275329289141031496868095018726307898760
-0.2316556866860519370288074014752055518329
-0.2362201898294434276870390476688044145703
-0.2412164371525860606659819040942238643765
-0.2466345088985346933885267617370118387043
-0.2524645567287900349562335122755030170083
-0.2586967923150980119828545866766944527626
-0.2653214746175580618370304364361800253391
-0.2723288959285838362056608730199513956904
-0.2797093667635784930425302263756748288870
-0.2874531996803318389943626698368461802602
-0.2955506921103323580979349571862258017063
-0.3039921082863524248729447663208702579141
-0.3127676603517139941601499231182970106602
-0.3218674887378816795724389976385282352567
-0.3312816418980817911865699443296762183309
-0.3410000554858552690440376409242162480950
-0.3510125310686346145061520473973359912634
-0.3613087144676528361664225030835950747132
-0.3718780738167905552948866443330189213157
-0.3827098774342107545543001378973713144660
-0.3937931716020389716348404363088775426149
-0.4051167583506965486073170268355170264840
-0.4166691733458747215479434089502319693565
-0.4284386639776777694343934399512363597751
-0.4404131677528254074083235991565743461251
-0.4525802910923368282958278996375156566501
-0.4649272886386066061525923487351974472404
-0.4774410431772019292040454274683725088835
-0.4901080462802155923718316898884950205684
-0.5029143797793755865654929948505014181137
-0.5158456981784668160528894986782688647509
-0.5288872121158931793871715854038484394550
-0.5420236729893588289996841922402381896973
-0.5552393588557752446277504532190505415201
-0.5685180617202735264825719241343904286623
-0.5818430763290995955117068660911172628403
-0.5951971905815982566423372190911322832108
-0.6085626776769075263473496306687593460083
-0.6219212901109916202813110430724918842316
-0.6352542556395366357691045777755789458752
-0.6485422753216423252808908728184178471565
-0.6617655237584949556861602104618214070797
-0.6749036516399340435157228057505562901497
-0.6879357907102898739282181850285269320011
-0.7008405612627974790029838914051651954651
-0.7135960822694557004197690730507019907236
-0.7261799842501801549587980844080448150635
-0.7385694249816506795625059567100834101439
-0.7507411081422086240877433738205581903458
-0.7626713049844962011292182069155387580395
-0.7743358791224059789470857140258885920048
-0.7857103145129304966332028925535269081593
-0.7967697467071297445784239243948832154274
-0.8074889974371194378832683469227049499750
-0.8178426125982215522114415762189310044050
-0.8278049036767088919575030558917205780745
-0.8373499926642974378054873341170605272055
-0.8464518604904808229960622156795579940081
-0.8550843989929113320158649003133177757263
-0.8632214664344620702607357998203951865435
-0.8708369465632627148821143237000796943903
-0.8779048111988611013956074202724266797304
-0.8843991863137968811869882301834877580404
-0.8902944215652653925374693244521040469408
-0.8955651632161730768544316561019513756037
-0.9001864303688839052952630481740925461054
-0.9041336944181819212928985507460311055183
-0.9073829616125925756620063111768104135990
-0.9099108585952498939874999450694303959608
-0.9116947207768830718777053334633819758892
-0.9127126833744627631972434755880385637283
-0.9129437749294170290070837836537975817919
-0.9123680130995306392094335024012252688408
-0.9109665024981958847405394408269785344601
-0.9087215343342261997250375316070858389139
-0.9056166875847597719229042922961525619030
-0.9016369314129144552083516828133724629879
-0.8967687285210902414789302383724134415388
-0.8910001391101239898162589270214084535837
-0.8843209250939984000794424900959711521864
-0.8767226541997006350470655888784676790237
-0.8681988035621206467595811773207969963551
-0.8587448624046329914705211194814182817936
-0.8483584333776507113711318197601940482855
-0.8370393321099257599726684020424727350473
-0.8247896845103567242674102999444585293531
-0.8116140213429804406430889684997964650393
-0.7975193695831656048866875607927795499563
-0.7825153400502038447683617050643078982830
-0.7666142108002627075791224342538043856621
-0.7498310057537755923817712755408138036728
-0.7321835680236783439056580391479656100273
-0.7136926274048068785660348112287465482950
-0.6943818614813069833857639423513319343328
-0.6742779498072024590982209701905958354473
-0.6534106206163420305088607165089342743158
-0.6318126895211411131469958490924909710884
-0.6095200896662424927541223951266147196293
-0.5865718928112916286110589680902194231749
-0.5630103208296666217336223780876025557518
-0.5388807471241474633671941774082370102406
-0.5142316874788255276484960631933063268661
-0.4891147798871547380805679949844488874078
-0.4635847529209437545283378767635440453887
-0.4376993822318373528190704746521078050137
-0.4115194348084859621295095166715327650309
-0.3851086006459532029566616984084248542786
-0.3585334115223737794231340103578986600041
-0.3318631466175521183004093472845852375031
-0.3051697247535776202909119092510081827641
-0.2785275830834270660574247813201509416103
-0.2520135421053001367752699479751754552126
-0.2257066569328293192953083234897349029779
-0.1996880548082462791814606362095219083130
-0.1740407589043392044825253606177284382284
-0.1488494985232734491020778477832209318876
-0.1242005058636270059535533505368221085519
-0.1001812995936283978704040009688469581306
-0.0768804555370761755206387988437199965119
-0.0543873648472061946290700973349885316566
-0.0327919801158394752516045400625444017351
-0.0121845499370945575812186234543332830071
0.0073446574829885025864628644853837613482
0.0257056410051447470355157065569073893130
0.0428089627858726437525938024464267073199
0.0585660532456424021141572211490711197257
0.0728895238933368605493967606889782473445
0.0856934870538739734691091598506318405271
0.0968938814758039806962486295560665894300
0.1064088027307567019263956353825051337481
0.1141588372507187920668059177842224016786
0.1200673987897529215729264251422137022018
0.1240610660380751378850661126307386439294
0.1260699200635848060692012495564995333552
0.1260278802071928272443557261794921942055
0.1238730370139249775673917497442744206637
0.1195479807435498170731236200481362175196
0.1130001239717812744345337705453857779503
0.1041820167663219387499395907070720568299
0.0930516529028488498243021354028314817697
0.0795727655732079292016933891318331006914
0.0637151110320568619949099797850067261606
0.0454547386320758306510469992645084857941
0.0247742457068027069344573476428195135668
0.0016630157800716610216190671778235810052
-0.0238825613926583329993391657808388117701
-0.0518588894086888865797568826110364170745
-0.0822549858432279762388006361106818076223
-0.1150523252740139612537717539453296922147
-0.1502247060052975813349007694341707974672
-0.1877381417153921039364661282888846471906
-0.2275507791777034438673865679447771981359
-0.2696128431107412959377711558772716671228
-0.3138666091208340835905232779623474925756
-0.3602464055924282093634758439293364062905
-0.4086786452709522121651275483600329607725
-0.4590818871614939511438535646448144689202
-0.5113669292395931487149596250674221664667
-0.5654369323377936851215963542927056550980
-0.6211875754319814424420087561884429305792
-0.6785072424065841101281648661824874579906
-0.7372772402297919080993438001314643770456
-0.7973720483164341565895938401808962225914
-0.8586595987012143327277158277865964919329
-0.9210015864871852198092483376967720687389
-0.9842538098754041175908469085698015987873
-1.0482665389225411800566689635161310434341
-1.1128849120161035113341085889260284602642
-1.1779493588983831475758279339061118662357
-1.2432960489181188457052940066205337643623
-1.3087573630378162015119869465706869959831
-1.3741623879803372965113794634817168116570
-1.4393374307574502424245110887568444013596
-1.5041065516924509992691127990838140249252
-1.5682921139229242246670992244617082178593
-1.6317153472544914105668567572138272225857
-1.6941969241297951676017419231357052922249
-1.7555575453840297495133881966467015445232
-1.8156185333705356921285556381917558610439
-1.8742024299736561587792493810411542654037
-1.9311335969630301079291712085250765085220
-1.9862388161028434740984494055737741291523
-2.0393478863971199466220696194795891642570
-2.0902942158361286217882479832042008638382
-2.1389154050112044735953986673848703503609
-2.1850538199755598078866114519769325852394
-2.2285571517631419524718694447074085474014
-2.2692789600201681565749822766520082950592
-2.3070791982645686424291397997876629233360
-2.3418247183676434985954983858391642570496
-2.3733897519362971983980514778522774577141
-2.4016563663861609789762496802723035216331
-2.4265148936082185926466081582475453615189
-2.4478643292645019258202410128433257341385
-2.4656127008925334820332864183001220226288
-2.4796774031494752676962889381684362888336
-2.4899854986942782097969484311761334538460
-2.4964739833745230868089493014849722385406
-2.4990900145709873392263489222386851906776
-2.4977911017349385680574869184056296944618
-2.4925452583485538937679848459083586931229
-2.4833311147322727485686755244387313723564
-2.4701379913249024156129962648265063762665
-2.4529659322576429225648553256178274750710
-2.4318256992451257048060142551548779010773
-2.4067387260116093194994846271583810448647
-2.3777370336660239580339748499682173132896
-2.3448631076286097218996928859269246459007
-2.3081697368941895831540023209527134895325
-2.2677198165977525690095717436634004116058
-2.2235861150109132999830308108357712626457
-2.1758510062643612315014252089895308017731
-2.1246061702350202970990267203887924551964
-2.0699522611800000859716419654432684183121
-2.0119985468246595061714288021903485059738
-1.9508625197269708895220219346811063587666
-1.8866694828457111210440189097425900399685
-1.8195521113255528344865297185606323182583
-1.7496499925933102215225289910449646413326
-1.6771091469197734191709514561807736754417
-1.6020815306515885367844020947813987731934
-1.5247245243569758077484266323153860867023
-1.4452004081499323362436371098738163709641
-1.3636758264712176558219880462274886667728
-1.2803212446011886793684197982656769454479
-1.1953103991701552466508928773691877722740
-1.1088197449037455744047520056483335793018
-1.0210278998108102133102192965452559292316
-0.9321150909739815970667109468195121735334
-0.8422626030510772521253670674923341721296
-0.7516522315343037163870576478075236082077
-0.6604657427430770111342894779227208346128
-0.5688843424510948709738045181438792496920
-0.4770881549674661492588256805902346968651
-0.3852557144003586064862076909776078537107
-0.2935634697426484085447384586586849763989
-0.2021853053223626184298211683199042454362
-0.1112920780587957902962870093688252381980
-0.0210511728663942618289262043163034832105
0.0683739225562323971185918480841792188585
0.1568240224222235135176362064157729037106
0.2441446260107636989644674940791446715593
0.3301862783617170449268485299398889765143
0.4148049076980524496605085005285218358040
0.4978621388714724038671022299240576103330
0.5792255822301932699502913237665779888630
0.6587690974139371880013982263335492461920
0.7363730316846952561604666698258370161057
0.8119244325020689156957587329088710248470
0.8853172341541882817139708095055539160967
0.9564524183525022760221645512501709163189
1.0252381487944226545749870638246648013592
1.0915898797935326136610001412918791174889
1.1554304391668661633474357586237601935863
1.2166900856597957503169027404510416090488
1.2753065412732811356733009233721531927586
1.3312249989447615394766444296692498028278
1.3843981061116599207139188365545123815536
1.4347859247670635696181307139340788125992
1.4823558686883091528585509877302683889866
1.5270826185923871420868636050727218389511
1.5689480160376925166332284788950346410275
1.6079409369550499153689315789961256086826
1.6440571457499195684448523024911992251873
1.6772991309722165009787886447156779468060
1.7076759235993992369628813321469351649284
1.7352028990255761176086934938211925327778
1.7599015638873682920717556044110096991062
1.7817993288928977158036559558240696787834
1.8009292688521469916196338090230710804462
1.8173298711266745453229987106169573962688
1.8310447737395794121084691141732037067413
1.8421224943970373466584078414598479866982
1.8506161516799946031852641681325621902943
1.8565831796658127661459047885728068649769
1.8600850372352899508854306986904703080654
1.8611869133104232965081337169976904988289
1.8599574292495861804752621537772938609123
1.8564683396089742828394264506641775369644
1.8507942324479793594349530394538305699825
1.8430122303273102080112266776268370449543
1.8332016931083907618216244372888468205929
1.8214439236228190388544589950470253825188
1.8078218772333487507353311229962855577469
1.7924198762577623345038091429159976541996
1.7753233301735096283380244130967184901237
1.7566184624641258960053846749360673129559
1.7363920449082093089288036935613490641117
1.7147311400505824696693935038638301193714
1.6917228525312335563057786202989518642426
1.6674540898820975343141981284134089946747
1.6420113333363721697111259345547296106815
1.6154804191288181236529908346710726618767
1.5879463306976986380902872042497619986534
1.5594930021348605286846122908173128962517
1.5302031331635079780539854255039244890213
1.5001580158611054205408663619891740381718
1.4694373732802921139750651491340249776840
1.4381192100624797802765897358767688274384
1.4062796750791324296159245932358317077160
1.3739929360803544433622391807148233056068
1.3413310662781596782622273167362436652184
1.3083639427407112165724356600549072027206
1.2751591564277984236497331949067302048206
1.2417819336540580898997632175451144576073
1.2082950687258500188647758477600291371346
