0.0000775494395285925030604501362319069813
0.0000965712599881562961615794060676876143
0.0001608341305655702898821934887507723033
0.0002554073387553934494295648782724583725
0.0003678494548624744626963423144161424716
0.0004879795315359647498061612669317810287
0.0006076498086236181879471462963238082011
0.0007205285116946136660456834199806053221
0.0008218867356530967869382431345570694248
0.0009083940384951460665294287188942234934
0.0009779253162192258659601851178422293742
0.0010293805336893857484831249493595350941
0.0010625119107393389029925234723350513377
0.0010777683481103660523975351637204767030
0.0010761512268836791791221108027798436524
0.0010590836084570121478770632350574487646
0.0010282929848379129215280025633205696067
0.0009857086922698777772811062902746925829
0.0009333698584053973018245797810266140004
0.0008733499341964635030721719743951325654
0.0008076895381129300813607962972184850514
0.0007383434474038885969929268959788259963
0.0006671381537179409994264833727584118606
0.0005957381412623341402148846590591801942
0.0005256225251077406047939266642288203002
0.0004580692754690396362692028642271679928
0.0003941478313323276499134661943202218026
0.0003347169147990669405869079700011070599
0.0002804283532676965550248238123742794414
0.0002317356883150623123989592100357981508
0.0001889065581198945355159007908341095572
0.0001520382507043116504519275622442364693
0.0001210737898546732142735990467308226926
0.0000958232478078269189238069802883046577
0.0000759820516813114438898699165569894376
0.0000611527070356654477503721700770711323
0.0000508630558290512656879206465632137224
0.0000445896754456409633157396021907459271
0.0000417724761531967924994140917149820780
0.0000418355321399310731665666107659262707
0.0000442028921232218144550009386595235128
0.0000483125632514447265228145489412980851
0.0000536298199096396643881234922446310520
0.0000596593362150521497387460623240684754
0.0000659529237436373764981098477555576665
0.0000721184425468734990102154247537669107
0.0000778240190561074735150701164876352323
0.0000828036645429275358501822190682162272
0.0000868571359943448530107484861773059492
0.0000898509337048913870292510264192742397
0.0000917172036303703946307289140982277331
0.0000924509696862951791361540099245530655
0.0000921046845996631436109119972499570395
0.0000907835657193434286682531819678843021
0.0000886385642568399156372704883466440151
0.0000858590734899777945033846893174711568
0.0000826637656770845519974694193265918329
0.0000792918157004951561044048258253269523
0.0000759944693918335255171381259486906856
0.0000730230221184058298855915070113553611
0.0000706218361286126090686429690457259767
0.0000690167217909287748984006882757569201
0.0000684073743247370978474986014106207222
0.0000689583652495517944675321175829196818
0.0000707917789897027877965909881119443980
0.0000739815199456028709966079470738975488
0.0000785474566691579656734639725002011801
0.0000844525613930269248002397075580915953
0.0000916013748984045899281455915819094571
0.0000998397611639045877776621473742579838
0.0001089573474020788588882691083625786632
0.0001186921365521786980072940775876588759
0.0001287363681812703111555229451568038712
0.0001387445303187107101955399812709401886
0.0001483454468237432920599272456740891357
0.0001571526335718775814389441825014159804
0.0001647806559428754871569899886907251130
0.0001708602205878939530713650496451805338
0.0001750536134825075981671232971947915757
0.0001770752670806974369676484171165498083
0.0001767083106551492585785390065922229041
0.0001738243817309381678785223934724513128
0.0001684016715969427610208319912032948196
0.0001605423811118367053221711593380405247
0.0001504882620300840182035045922148697173
0.0001386368469731191679222837009888280591
0.0001255513949505182580423934268765151501
0.0001119715063434778502728800253507301932
0.0000988182311175389539118635306991222933
0.0000871970451122550083925683006569329336
0.0000783958353605385116751741447771451021
0.0000738777749500130258243288383646074635
0.0000752727986654466778250124892046812874
0.0000843602491176564879592561507770653861
0.0001030496910982225901212000485074327116
0.0001333570415010409840415178672756724154
0.0001773747150916982304614394339026262060
0.0002372391515955207873071752811000578731
0.0003150941941090667944118386412100107918
0.0004130511757924360005146680041576701115
0.0005331473887576976744204215741262942174
0.0006773010507369913758835000550106997252
0.0008472670815295479419815283250727588893
0.0010445914571567006118302245454287913162
0.0012705675074157962364806984112419740995
0.0015261923228567743013317503653070161818
0.0018121272926659771386470598741880166926
0.0021286610313908040266472898593974605319
0.0024756775246035631933561038664493025863
0.0028526294512330884096951155726173965377
0.0032585170912667747906976689620250908774
0.0036918748515264356718779126254048605915
0.0041507637966612161845025852358048723545
0.0046327740353898682126865260499926080229
0.0051350334499675300350962636741769529181
0.0056542251047392256754764439108384976862
0.0061866141069257278226056762093776342226
0.0067280808836490454266643368441691563930
0.0072741640022915988322838032331674185116
0.0078201090961630987524744185179770283867
0.0083609256814188900180928598615537339356
0.0088914489140850157256057428867279668339
0.0094064072112976133965833724914773483761
0.0099004932060280728678414163823617855087
0.0103684385185302922749439602512211422436
0.0108050894240396995471531482735372264870
0.0112054832009207492454772037149268726353
0.0115649233995305418531973629114872892387
0.0118790537990279779917424107793522125576
0.0121439269280604906359188888131939165760
0.0123560697595114545033201380874743335880
0.0125125426206371057058497342495684279129
0.0126109905310734047440002214557352999691
0.0126496875064986014775003653198837128002
0.0126275705902784279865969097045308444649
0.0125442658750024443881088132002332713455
0.0124001035096475403091131894939280755352
0.0121961212487451051145193048341752728447
0.0119340595653019132527106194174848496914
0.0116163439534593751489843782565003493801
0.0112460584252675761113282604242158413399
0.0108269075089937067551959515299131453503
0.0103631703420842841839588643892966501880
0.0098596445238769980790038971463218331337
0.0093215831821098667220315547865538974293
0.0087546251739768089078497226296349253971
0.0081647187825224960822101394342098501511
0.0075580419836180643203271678487453755224
0.0069409193585700280915151694216547184624
0.0063197372486612475930845000959834578680
0.0057008576710727790898269873309800459538
0.0050905346542237236637240549441685288912
0.0044948330150592855775082412606025172863
0.0039195479411456620594256250456055568065
0.0033701332235227176789549297097892122110
0.0028516330644539331952425076366353096091
0.0023686208475909077166010607840007651248
0.0019251469455002911002755583425027907651
0.0015246928155356975851525414000775526802
0.0011701369097530988153121889183694293024
0.0008637266522052655876376392463100728492
0.0006070634366990557400506345331336888194
0.0004010937666840419264097095108922985673
0.0002461135854912299952140797287825080275
0.0001417779706179178480889013780341656457
0.0000871230977608839006302854368612997860
0.0000805937133466372318145107267461924039
0.0001200815123021126151498655376670399164
0.0002029654654936408043029716363747638752
0.0003261643812788062057363147605570929954
0.0004861877713088613565430018415014501443
0.0006791980540738684277157766189247922739
0.0009010685712550259079609005219424489042
0.0011474486097632662692097360590537391545
0.0014138289859222208204314608082086124341
0.0016956039397618028353315056122596615751
0.0019881386013824633302027322656613250729
0.0022868271885861978301446306716115941526
0.0025871544926188948243517273795077926479
0.0028847516292006148558302314199863758404
0.0031754469874308278130869975797168081044
0.0034553137480209448854917564375455185655
0.0037207121671333533152736805504900985397
0.0039683261210798374471475646885210153414
0.0041951920755029801016200430296976264799
0.0043987283350639221068956175031416933052
0.0045767473853731387156695831208708113991
0.0047274728997481396328139702234238939127
0.0048495451112923236916540936647379567148
0.0049420209104735143834652433270093752071
0.0050043713952673844411189740810641524149
0.0050364685304154473491355936687341454672
0.0050385717680638108378898820660651836079
0.0050113096264007865252021467483700689627
0.0049556551936679850769995603343431866961
0.0048728992839074435419743913655565847876
0.0047646206091534627075079200153595593292
0.0046326534125892757098874596977111650631
0.0044790528493561599168715225971482141176
0.0043060599798539914498385350327680498594
0.0041160626108598915087743996821245673345
0.0039115598907865671216010916566574451281
0.0036951255449228083242718678746996374684
0.0034693688483708128543481219452360164723
0.0032369005950023763823475420053910056595
0.0030002975859915268636024521242688933853
0.0027620714553290249757000474062351713656
0.0025246353661142872243372536900096747559
0.0022902792714403386216404090447440466960
0.0020611412075867540510953901389257225674
0.0018391854386698191278076697230403624417
0.0016261846539752245876381264721999286849
0.0014237030901997993568436351452533017437
0.0012330818690584432854862040329635419766
0.0010554323830556278270009773478932402213
0.0008916292544447390524403607159342755040
0.0007423087641684933575547677975237093051
0.0006078681228002213955338706163900042156
0.0004884749441475033692253160388929700275
0.0003840702664931417093310828114738342265
0.0002943817969684925286294463475655902585
0.0002189394577028913472030446918381585419
0.0001570889219107485311292815577388637394
0.0001080122432118546494609484520665887430
0.0000707516240198557950060245791412683047
0.0000442266208023234268969028915030605731
0.0000272652123023320329040213721993879403
0.0000186240541554294490361656094767894842
0.0000170152715329674454841722003317627809
0.0000211336077955426304697539308108389378
0.0000296828708704666164913590215013172724
0.0000413993301291970517384599670407396843
0.0000550760823710305685201385483829028544
0.0000695872836798105953975274173828324820
0.0000839073494701736465398167474916135689
0.0000971303661238831505825991330382862543
0.0001084859922307401867806742057354085773
0.0001173539698498959898834495541031230914
0.0001232726634238279260838422324297880550
0.0001259492562965558470379490163537639091
0.0001252614816565244984340743439332754861
0.0001212591019017228443927641778898873781
0.0001141619389853509874575496207960156880
0.0001043537115370796175811002326483389879
0.0000923731303879549137635096567322534611
0.0000789009381901628668951748091231479521
0.0000647450868163446043067679736005004543
0.0000508256094450576544670900025479909345
0.0000381512103180270401026064064353704453
0.0000277983067904674645178918906962550750
0.0000208891999225091499938888189857877364
0.0000185669935372434483024546569840396160
0.0000219683952718607852848224648578678853
0.0000322010086143542645495049803194831384
0.0000503155473095961985755333878422845828
0.0000772818112547923820234568870191083079
0.0001139662239867611449786050092924938326
0.0001611078005976729419623100225678058450
0.0002193002336600091651749866450415993313
0.0002889700028672326486550714363943370699
0.0003703656049091819308684281342181066066
0.0004635431651878363541741112641147992690
0.0005683555547076579424550790697878710489
0.0006844504228129277573905442366708484769
0.0008112656693221432071053134116311866819
0.0009480320145192067116113321390002965927
0.0010937756255255859285518971191208947857
0.0012473308623919799296986266057274406194
0.0014073502739535203795440132523708598455
0.0015723206950353763554362185317359035253
0.0017405836374794602522397823918254289310
0.0019103558372893748515397582821151445387
0.0020797534047597297963971829659612922114
0.0022468220630276736736463671917363171815
0.0024095610235564455907375513987744852784
0.0025659581377271401501916070486686294316
0.0027140171731443187529142502256718216813
0.0028517921106587440158164348247282759985
0.0029774178390141780095601298228302766802
0.0030891412347690393874755088177153083961
0.0031853500594788107525001663589137024246
0.0032646049273153286349180568493011378450
0.0033256612002790842709532004306538510718
0.0033674948519669279517474436147494998295
0.0033893245234183043412823366224984056316
0.0033906252451029760854039896145195598365
0.0033711462396683699975497017220504858415
0.0033309186671454773034928287245293176966
0.0032702578316859921489512252890108356951
0.0031897692388981190199370718829641191405
0.0030903412763521307705938401255707503879
0.0029731373173768906557901114950936971582
0.0028395832157805324554022963212673857925
0.0026913497183672242113461336998625483830
0.0025303290768435805421776585433235595701
0.0023586125586957961720868670596473748446
0.0021784581054228092412972106473034727969
0.0019922579060144851061109338985488648177
0.0018025061176974511208820350915971175709
0.0016117566314380305479703192617080276250
0.0014225892371538860839419449177967180731
0.0012375651196065539771246077904720550578
0.0010591894402993328946904760812230961164
0.0008898710257442132712593640953002704919
0.0007318829193089371317956781659574971854
0.0005873261200704416474388525060135179956
0.0004580952586675568266247338122809651395
0.0003458468162216377182055504491131614486
0.0002519730821739774289519386840652259707
0.0001775767585593257405843226059971584618
0.0001234534882865645413069222158242155274
0.0000900794526775339286610300160162978500
0.0000776008716683307387101259378070494677
0.0000858340722368478020861889965509305966
0.0001142674550720901272514440361049992134
0.0001620702659241946095441955222327123920
0.0002281085124756643137469702686814798653
0.0003109629232266630555377162625774190019
0.0004089561823187626049720677645638033937
0.0005201804162576539663706554073030474683
0.0006425324200763782170678362071214451134
0.0007737493563482899681590931884045403422
0.0009114494730887834740909458908220130979
0.0010531743689972828531553616926430549938
0.0011964303812779331168819618724796782772
0.0013387340475760822408601846689180092653
0.0014776534541803432870610279792344954330
0.0016108518984620267319035624709044896008
0.0017361257138731999577485609620453033131
0.0018514419849262519959104400513183463772
0.0019549726410459022582499777342945890268
0.0020451223037007528263164779502858436899
0.0021205533600552064175948085988920865930
0.0021802051465919982525809572848629613873
0.0022233077134743250806436787314623870770
0.0022493895441642306788632144076700569713
0.0022582793814823975096783836846725534997
0.0022501023756784730572855224295381049160
0.0022252717520124852892959843586595525267
0.0021844721016547729436352298648671421688
0.0021286400678876215251944525874705504975
0.0020589397830736368318060858229046061751
0.0019767342870618963453221983428420571727
0.0018835534828293986914921065434214142442
0.0017810596648051913500759857456046120205
0.0016710107637283133467931417470708765904
0.0015552241401347809655886234025956582627
0.0014355379930027646184081957514422356326
0.0013137753325759948374445995611381476920
0.0011917081732496460563797135989716480253
0.0010710247739592572077671484009897540091
0.0009532995047009950890376517307345238805
0.0008399659303396500706004323966169522464
0.0007322940935816824210846665010876677115
0.0006313726973207601069273953164895374357
0.0005380951993947391542860714253038167953
0.0004531514658228541383815091148079545746
0.0003770242741309015729531117777639792621
0.0003099902297253987024268362393542020072
0.0002521261905699567654019765949868769894
0.0002033194386130254935514394265538840045
0.0001632822504740705205593387372431379845
0.0001315699218959043423002319705972240627
0.0001076015851649891929067703877365147491
0.0000906833946398855072785344377805927252
0.0000800335178787747736350866034626960754
0.0000748077781595935014042134114653492816
0.0000741256679720159151417840925901714400
0.0000770955725881083899116152924335665375
0.0000828394349458339040222915050648566648
0.0000905149785345660197639905408806271225
0.0000993355817336549778593865478448776685
0.0001085881273761035725484297431719937777
0.0001176462904479702586968414834700524807
0.0001259815455211921284180143221220760097
0.0001331699198724756204922220481634553835
0.0001388949023187357903561661709446184432
0.0001429470869316951174392282819525235027
0.0001452198661668901991106395144015550613
0.0001457021881249520535352853789490268355
0.0001444686628397917615984624717384576797
0.0001416665232116631853876570490413655534
0.0001375015412160962688294801870014794076
0.0001322224557415818788248806914253918876
0.0001261043677371009809253660227668092375
0.0001194328329513805219460470530279394552
0.0001124881882781458792902248844391976945
0.0001055313997777318501831295138870814299
0.0000987914604454154211213984249084774092
0.0000924561524504330389546274959755578493
0.0000866641872727669237974623683840036392
0.0000815025927688850499288134021647067584
0.0000770053474220944151164627844430299319
0.0000731577594584909051203536201057886501
0.0000699028347478947175742958197730558823
0.0000671523581895350224349808265777994620
0.0000648005405089069358047157431990115128
0.0000627408914175919758858882002705570358
0.0000608851692470135908395734158915502121
0.0000591845389841694240933359094647414622
0.0000576512305506415872633982355743853532
0.0000563810661888464173725245276447282095
0.0000555749290433649170890297031011328954
0.0000555590064258470992561260437536674317
0.0000568022824502545397619412970158236931
0.0000599314079798407534733703516671710076
0.0000657404338966838318152052789145045608
0.0000751965660680919940157471148545198503
0.0000894395611581977312797009371792000820
0.0001097748668828746299811621733866218165
0.0001376606235451660555004632646713957911
0.0001746865330499947023459167416703508025
0.0002225465750144550844315943782802946771
0.0002830040751848272796882544088958866269
0.0003578492427973856398332186401489707350
0.0004488518475884184532644083365227061222
0.0005577065447910100910028363685455587984
0.0006859739942552955938026570947840809822
0.0008350185557136313415152462091839424829
0.0010059422597855595046811849613277445314
0.0011995195540297843087018669905319256941
0.0014161304871364332243904859964800380112
0.0016556982033263346540397087380824814318
0.0019176292714111564750162353121254454891
0.0022007604340971197512399903928326239111
0.0025033140572625978484411213287330610910
0.0028228630282467115017452918834806041559
0.0031563080791424890335361563842297982774
0.0034998691506612899376760239533723506611
0.0038490924168426321645697374407291135867
0.0041988748999498871905533547987943165936
0.0045435084026956042146938585801763110794
0.0048767433466490308843765966173577908194
0.0051918741098799523273066292006205912912
0.0054818471227370494519570698344068659935
0.0057393909269876615744654380080191913294
0.0059571697581855516737125988413481536554
0.0061279595347013861295071279755575233139
0.0062448468463902886624317112307380739367
0.0063014486950205665649615838219688157551
0.0062921535152496233314622919863268180052
0.0062123804449888539100377293777910381323
0.0060588562841178816159581899114527914207
0.0058299072194600756041671374418911000248
0.0055257630701234369471896989978176861769
0.0051488713929644892505765874091139266966
0.0047042189717866464068740661730316787725
0.0041996564341120288382791514436576107983
0.0036462232729317367585508691263385117054
0.0030584706857188681712600430984139165957
0.0024547761505600983363006850623833088321
0.0018576494392759991015895426613724339404
0.0012940231835841321025165617797370032349
0.0007955263256059374619641455517182748736
0.0003987365907678696945980190147196253747
0.0001454076215786326254589960749186161593
0.0000826687428405570263545767972779287902
0.0002631931665432141144098099339032614807
0.0007453324756516988263549405857588681101
0.0015932142307271402164453588667925032496
0.0028768009820815086674539173827724880539
0.0046719083530088849343098189592637936585
0.0070601803239885895305261165333376993658
0.0101290210848335605203773823745905247051
0.0139714821736873513052801243361500382889
0.0186861045269347686437200195541663561016
0.0243767154229781735086390881406259723008
0.0311521803361529056597412079554487718269
0.0391261114629880835114050796619267202914
0.0484165325994302814249792277223605196923
0.0591455030608263113145461886688281083480
0.0714387022449320258088434343335393350571
0.0854249767630045619970502457363181747496
0.1012358532544955502796568680423661135137
0.1190050193664958233519257646548794582486
0.1388677764600594888300122420332627370954
0.1609604668882662625861712513142265379429
0.1854198803485884727848542752326466143131
0.2123826422026906524109790552756749093533
0.2419845883346111725664684399816906079650
0.2743601304373962102012285413366043940187
0.3096416158910998972508821225346764549613
0.3479586861679860865237401412741746753454
0.3894376385537203222320101758668897673488
0.4342007943865591745868925954709993675351
0.4823658788165174904349896678468212485313
0.5340454154699812994167018587177153676748
0.5893461399916958276534728611295577138662
0.6483684361640655868797011862625367939472
0.7112057981033401699022533648530952632427
0.7779443216233873359399808578018564730883
0.8486622280173429233585125075478572398424
0.9234294228237412971438402564672287553549
1.0023070922804284688112375079072080552578
1.0853473393712389505338933304301463067532
1.1725928617304370860097151307854801416397
1.2640766727382082290631615251186303794384
1.3598218672819823993336285639088600873947
1.4598414331375439978444319422123953700066
1.5641381083856691347477863018866628408432
