0.0000635327198316115683215943299444461445
0.0000812882771140266429830620320551304303
0.0001397661247545833895257472168083268116
0.0002253444347106814491660253807481240074
0.0003267152211759150309128285627480181574
0.0004346623830242180215079061955663064509
0.0005418461169912536148224324605848778447
0.0006425944928167659324358407246791102807
0.0007327001221845375273158951223706480960
0.0008092310428519855144968708771102683386
0.0008703473973563902437583505999896260619
0.0009151337864100472655262685783839060605
0.0009434397863199973054137981165467863320
0.0009557361556016985169523247911627095164
0.0009529823377186641278693834955504371464
0.0009365067278974859195372903997167668422
0.0009079010219320604634443694358481025120
0.0008689265961017245219061289063233743946
0.0008214328056625674542856607729390816530
0.0007672896296316533389439418222366384725
0.0007083264687658808291328971229461330950
0.0006462882862248698311036232411197488545
0.0005827967601734940390756367634139678557
0.0005193219882373601055391976188957414706
0.0004571628328949728240285232949702276528
0.0003974352171134220949866300287567355554
0.0003410651040563372651641393940025182019
0.0002887890595189990120342238277828528226
0.0002411586608610605340224930515091728012
0.0001985497333192665157363537842272194212
0.0001611726716712080808603657633426564644
0.0001290878114685245427357973557747072846
0.0001022233922907211884972475401944791429
0.0000803899455008050289363252804974990795
0.0000633011571358021958100606441099955646
0.0000505911467369291029507263890430124320
0.0000418316036969645902343813148593909546
0.0000365518754991711624681427483807283352
0.0000342536343289001624025542913631880992
0.0000344268942887193701201178908100075660
0.0000365653686483113942633574322549350200
0.0000401766336871389726274027276442524226
0.0000447965551514073435316470872535887793
0.0000499955263418350168212571371650909668
0.0000553881954551904701002269792997623199
0.0000606394761061501710538469700484398572
0.0000654675988203745683018108802997403473
0.0000696476837228399202426448733049824114
0.0000730144471763871628043618411396664669
0.0000754594355378301905913629443745094250
0.0000769305009183796078978470611708928573
0.0000774288889840679640189785581938508585
0.0000770056267953567186168584157712757587
0.0000757552508473491271676070191176677326
0.0000738116549064038489835412604200826081
0.0000713391071028102115346783418381448882
0.0000685261247471480371227375849585428114
0.0000655781109405673080705451161165342455
0.0000627080339051211388921858169709366848
0.0000601291763449118851314438571886711316
0.0000580461503291918026943042863141641874
0.0000566485534584337837552166228238803569
0.0000561007400406054982538485431664554426
0.0000565384690675152507119069489327500833
0.0000580605612417528502209977669945573098
0.0000607239338266030140756242261534936233
0.0000645407734661329677942898097597890228
0.0000694756961119491516431709299261854085
0.0000754434208500409626092439441258363786
0.0000823118955563018105461847717663204094
0.0000899013910991453029557599063714690146
0.0000979898291758995993285322190224917449
0.0001063186987936237627369595593052054028
0.0001145996614200583903252564366148646968
0.0001225233515937862362882304623212803563
0.0001297697890722382515951011106025703157
0.0001360217539961272570879502463725430061
0.0001409756545330420488080364060934357440
0.0001443566486782010772817880228657827502
0.0001459334019699731765668665461888053869
0.0001455328476679351680164731241973186116
0.0001430561368688376818955609870442913234
0.0001384910975543185451298866528446751545
0.0001319294143284999252380140788432072441
0.0001235769500442707082704663079653073510
0.0001137657546704495782011884452700201109
0.0001029630449301777118595313531557167153
0.0000917782224317775742125635751733625511
0.0000809682481917395276182006225162979263
0.0000714353075902796047893031361475379981
0.0000642286420008630844127178738389716273
0.0000605351844201340599403368680775372468
0.0000616728199180638380922508945403137659
0.0000690758942665148416512402307354534514
0.0000842774136890156401382551143441901331
0.0001088908132421551050320399078863431441
0.0001445842637690741925432513781402121822
0.0001930542990966976977639663060060115640
0.0002559950796541077093493310457006373326
0.0003350671941912164203576651733129665445
0.0004318633062837484671778187639290536026
0.0005478718907067658440424029464566046954
0.0006844428620592868601005265283276912669
0.0008427509309959013228744084678112358233
0.0010237607909527658180126596931813764968
0.0012281935381589104833155445817283180077
0.0014564965714102219226933065954199264525
0.0017088143068617789484264779531486055930
0.0019849655449395518097555068948167900089
0.0022844225393419659818350364588468437432
0.0026062972790192786426421989176560600754
0.0029493321294616057538784392733077766025
0.0033118960407364284904974116585663068690
0.0036919891591203502639872979784740891773
0.0040872514579901684378393511565263906959
0.0044949796740984737306034979553714947542
0.0049121499874135747185088796129548427416
0.0053354474079110314477247811737470328808
0.0057613013979454395438462022127623640699
0.0061859269067861873819813567365599737968
0.0066053696456659328692384569592377374647
0.0070155589228827700681856427422644628678
0.0074123595287823463434451198850183573086
0.0077916298828108665128211463013485627016
0.0081492812286020396145280741961869352963
0.0084813374604000551365556859195748984348
0.0087839937811274373946623938991251634434
0.0090536769952916981013535391298319154885
0.0092871004104251846794637614834755368065
0.0094813170463403997900719843983097234741
0.0096337689915576077415160227701562689617
0.0097423310932399694722638727739649766590
0.0098053475248803499686456319750504917465
0.0098216653182637437408120106852038588841
0.0097906548542777919325041935394438041840
0.0097122282713347288241045873746770666912
0.0095868469217988399461161108661144680809
0.0094155206148674435578938002322502143215
0.0091997985604429649564295345953723881394
0.0089417531229042789692185166927629325073
0.0086439535416558393315922259603212296497
0.0083094354952060103108868460708436032292
0.0079416580726448596228017606790672289208
0.0075444613547526453642411148337032500422
0.0071220106955432174386522170550506416475
0.0066787439966011687836333621248741110321
0.0062193075651397755621019314276054501534
0.0057484954732364900928387463352464692434
0.0052711830051315189393790205940604209900
0.0047922615001727651012908282268654147629
0.0043165727233839493864886449614459706936
0.0038488435004926735763519651811748190084
0.0033936263180643511799816636198556807358
0.0029552398367797662673273073608015693026
0.0025377138387603181794716089569874384324
0.0021447418081153466970500964805523835821
0.0017796372790967751337937174938019779802
0.0014452966793800391988311648816534216166
0.0011441682238405360451383163677974152961
0.0008782315999753720521525668374351880630
0.0006489785308616724708585810077465794166
0.0004574077620240046674650324920463617673
0.0003040235908435118109861827750961538186
0.0001888382154420131710942376557227362355
0.0001113922384041288155638246837320082250
0.0000707668068235367525966109103485734977
0.0000656136759657943762153245459423089869
0.0000941853674132442315663701903893922918
0.0001543693117513633705512737792631128286
0.0002437295201363642741052700779746942317
0.0003595500196465284208600932114308079690
0.0004988774829586795599156712199828689336
0.0006585721250282360918204549449228579761
0.0008353548821722966500127882660819977900
0.0010258550841430835558198975121513285558
0.0012266594564679955160768631827750141383
0.0014343587535149903647996305622314139328
0.0016455916829811645298725641950454701146
0.0018570902870393534832976767390277927916
0.0020657160341563062487535429312401902280
0.0022684978915556274631226685301044199150
0.0024626642848840064013715700497186844586
0.0026456705573220775165599327749532676535
0.0028152238474967372292012690593310253462
0.0029693027593998343009740192854906126740
0.0031061710501387109102655603720677390811
0.0032243874832051135082000570264426642098
0.0033228158560784583526459545765874281642
0.0034006210314144968108462929734514545999
0.0034572695976905175319071616968358284794
0.0034925243462329367410967861928838829044
0.0035064321738661873711917493778855714481
0.0034993121041587203594314114951657757047
0.0034717380442322197039994868816847883863
0.0034245210628458975718468870752531074686
0.0033586867979090227580296623699496194604
0.0032754536469141990774611716830122531974
0.0031762076703879494818383300014374981401
0.0030624768619239173955692834283581760246
0.0029359069774863842151868542629244984710
0.0027982314722760736995510466584846653859
0.0026512466120612466352612912601216521580
0.0024967850044142012727599322374771873001
0.0023366909236638912401862189227585986373
0.0021727930048230704486444953005275237956
0.0020068814532925838799160001002519493341
0.0018406880035364281411602860316634178162
0.0016758643103878690522323680056615557987
0.0015139627156538536592589316853718628408
0.0013564183337009527979127865293662580370
0.0012045400144228501047860557804369818768
0.0010594888310839145010439077410069330654
0.0009222796192428806298299615029634423991
0.0007937643417536932415046191380270101945
0.0006746364551661354104494794370339150191
0.0005654179290886141191763147872961781104
0.0004664664989570077796923741608736690978
0.0003779763095382193574360563115277500401
0.0002999848304456165085964125527340229382
0.0002323761966374160523735037386927615444
0.0001748900716105783350977354029254229317
0.0001271368927910554371286250274764029200
0.0000886088845035448724202914450032153582
0.0000586896324348895601151314405097281224
0.0000366777993224953741254953931694160474
0.0000217919133137289819704927873456057341
0.0000131992050279183813931869681534969629
0.0000100245636212026312250600312836468220
0.0000113753545558470388441175275007211098
0.0000163526235039679335159235051833093166
0.0000240684623073761383166974114899971937
0.0000336661595589049535940003032852274600
0.0000443358037364749457166779311734217117
0.0000553281474095967932169855274526781841
0.0000659612306168977309593984270641442436
0.0000756414943193917105454179838908146394
0.0000838675633646435115739481425123358349
0.0000902383783103921671047212282879002032
0.0000944609773188975770799938325161804187
0.0000963536783247498352083376671473047281
0.0000958442728428643355050031704678303868
0.0000929716710942507556158717618721709641
0.0000878847412510452862845211630116182278
0.0000808349481736758647063001426147366146
0.0000721676275202831613150497580555509103
0.0000623191548366186487926954296057147076
0.0000517984575007268720821945739984926149
0.0000411872145153324692836219189651103534
0.0000311100139485276342581933362030355283
0.0000222386536824625830185628294621835721
0.0000152633625121190164009021827951073647
0.0000108834348208297623181997279551147528
0.0000097929373007943357133837924966002220
0.0000126638889542984854651771348121869210
0.0000201292876242398209878006060113975195
0.0000327746725863242697085637999965257450
0.0000511162663340147821336781341905464160
0.0000755982129738441710215673952077963804
0.0001065721016148746318153925360938671929
0.0001442938057762521817002643320648758163
0.0001889137964100662302538435888266121765
0.0002404685928073924236405417564910180772
0.0002988825561356822538110200593308718453
0.0003639545578516667620125324411617384612
0.0004353702721439045532011991035403752903
0.0005126945681591000159721405182722264726
0.0005953783707496285116864132014313781838
0.0006827629903492748704788017910516373377
0.0007740888554834235001783637741823440592
0.0008685058437993831148560275323688983917
0.0009650741117170192175447884785910446226
0.0010627939424606581541449257244380532939
0.0011606007942515717597936619753795639554
0.0012573924814622649930029307796530702035
0.0013520398656021014732742102637530479115
0.0014434009895065802540209398685533415119
0.0015303432251533876685967161535018021823
0.0016117572436183458858133255020561591664
0.0016865701920246412796183799187588192581
0.0017537702031456881869575514798498261371
0.0018124205008030447837386045506491427659
0.0018616688607099528794674991871715974412
0.0019007689831193363191180756288645170571
0.0019290934976728913927135344863472710131
0.0019461423275106159470893008034408921958
0.0019515565036720427822408696627576318861
0.0019451255519567034555500351089563082496
0.0019267929788315551770799816111434665800
0.0018966637844432198377331300065407049260
0.0018550035081796956235727913409050415794
0.0018022408957437453282113271058051395812
0.0017389614921564698971079288014607300283
0.0016659078611176614433120324321180305560
0.0015839677772576886936872764266581725678
0.0014941632995314258793018158399945605197
0.0013976448682800502593126523720457043964
0.0012956680935955855286934035319745817105
0.0011895849151429959290188209664052010339
0.0010808175065382208488579118821348856727
0.0009708461078823038201135453562073962530
0.0008611800153548987944718273723765378236
0.0007533402507026476816950899539904185076
0.0006488325824522700197710678438056675077
0.0005491282264568830492890150196672038874
0.0004556357001446276287076608824122558872
0.0003696814955640626183808183924384138663
0.0002924859033809390539485062454616581817
0.0002251427702704145161760607152245938778
0.0001686014612761610334881745565382971108
0.0001236478975757027045766917039415488944
0.0000908929034623895463996731680644813878
0.0000707574274399913610714488165776003825
0.0000634652016671832813364192982241718255
0.0000690392138757012213809080569681952966
0.0000872962674266908306543524820320101298
0.0001178511149728311894991847341707114083
0.0001601205155151497248975506204615726347
0.0002133318747678370050271240421224661077
0.0002765369971610009839149690868964626134
0.0003486252290140789988383274167205172489
0.0004283428992984283814431101244935007344
0.0005143160201589936286400983611599713186
0.0006050712191085594153505677894600012223
0.0006990626642058473012852903849534413894
0.0007946988934536669936872788078119356214
0.0008903707021516459908794249855645830394
0.0009844792723299722846108661400421624421
0.0010754637910441911148595739433631024440
0.0011618295575425020404319864653075455863
0.0012421737833482725948952563044258567970
0.0013152090309587816715358732366780714074
0.0013797873259391480078861480507157466491
0.0014349169931096206372089785219259283622
0.0014797804868186049433165241140386569896
0.0015137460882079789570298089529387652874
0.0015363780382340141809904832115307726781
0.0015474388488454593557769323197703670303
0.0015468936447349701957670875529515797098
0.0015349054722046417444103472149663502933
0.0015118279118205889613446579744504560949
0.0014781957052089644312486971244879896403
0.0014347100898145193851457301903451480030
0.0013822209930206420368942188403593718249
0.0013217081569440391423247982416455670318
0.0012542575823834489160552019271221979579
0.0011810388001865402152895656584519201715
0.0011032783626455787851644574359966100019
0.0010222350196425989896087394015466998098
0.0009391729689941108070658226658622425020
0.0008553376249375066507976694829551433941
0.0007719292797751630807318035110142773192
0.0006900830487130172078910628208348043700
0.0006108462340562770308619033876595949550
0.0005351616196347386278375779511407017708
0.0004638523058960153356254652035062235882
0.0003976091252237789856749383687883891980
0.0003369833319109183551731678818441650947
0.0002823811668245568328242112166037713905
0.0002340626505737652930053821487277332380
0.0001921438685335186038593419111109028563
0.0001566024716580205445540935338399890497
0.0001272863684051017815410111744256482780
0.0001039253631188952144061982130196497565
0.0000861443220662305714349291085873971952
0.0000734804243130859907487742455067802894
0.0000653987336043115885259729980205634092
0.0000613120514522069682758487196849728207
0.0000605987002635366422964580124244093895
0.0000626218553234192371699171064669542375
0.0000667474256524513992082023317031769238
0.0000723611436282745100565666485081806059
0.0000788836574905182847739296136957420913
0.0000857852743073639388907136726913904567
0.0000925955689811441861377522277720686361
0.0000989139592146326429057678897294181297
0.0001044142519389090729108049426798743298
0.0001088495511601728137161121390263929243
0.0001120513211504103846197916150018158987
0.0001139279848903473869002611618128639748
0.0001144603326427695561386468914299996413
0.0001136942589783451702583824682868396394
0.0001117321324494202671243070490447735210
0.0001087218750457807941349822056231744227
0.0001048458946416186437665049591139165841
0.0001003089663939160652980295274083744061
0.0000953250219055679082202914287336170673
0.0000901062896601523304800432367933638034
0.0000848515824332274386709515368032441529
0.0000797366562824119973727776677918654968
0.0000749065483314037512197272605796172229
0.0000704694259361993212247010642812483638
0.0000664937749831473462599693013963531030
0.0000630078468844619331117040683665209144
0.0000600017767086935541382720915581927557
0.0000574332477762506927272331824774198594
0.0000552355197787512990819161484701282916
0.0000533280573577954423070308920262760921
0.0000516303670441509173871623417095833020
0.0000500766573076738525467296869742028775
0.0000486334939447186095722551468778505068
0.0000473171792622206760633649103020559323
0.0000462119714155129183053190289331979557
0.0000454886924788144861113957373444094401
0.0000454210093288676117271977783484970814
0.0000464013581853883776877703337682135043
0.0000489525741770791003528058571436787361
0.0000537380000169473940230431552311785026
0.0000615668433432059518340892512178186280
0.0000733942533634657283360056001519922120
0.0000903173557656611352860084873661605798
0.0001135652105306128551798564019215120879
0.0001444824064724858816554514673313747153
0.0001845074169760074745370859172766131451
0.0002351439791844178695771200304776016310
0.0002979268341940954803286067953393967400
0.0003743821370669664274494214950550485810
0.0004659817916591091130004698150912645360
0.0005740943731063108575185527371331772883
0.0006999315253274840864169958898344248155
0.0008444923538149407427760850808340364893
0.0010085060239723819645873970074489989202
0.0011923745760852267824847494637197087286
0.0013961174400918441480812237642794571002
0.0016193180039709264683017719832491820853
0.0018610759210557681255643336371008444985
0.0021199656393828371706011814978865004377
0.0023940027972620112929613700458730818355
0.0026806210280759224483249081316671436070
0.0029766595487395975869193698315484652994
0.0032783660515577485276839109218371959287
0.0035814123525934071258502999768325025798
0.0038809280472198535300032418149385193828
0.0041715512124343677446969280708799487911
0.0044474980664663023299798538801042013802
0.0047026523147360417900775253485790017294
0.0049306745414180678382942701887259318028
0.0051251332549578790601096933698954671854
0.0052796557331756853795323713995912839891
0.0053880998510563672329598539079142938135
0.0054447466623649635325543627573097182903
0.0054445112384740122074555657150085608009
0.0053831730993412832408928636596101569012
0.0052576223877626301547727472041060536867
0.0050661218700029757300296040511966566555
0.0048085820519022434010869559983802901115
0.0044868471585461297546082448661763919517
0.0041049897570065232987879255688312696293
0.0036696108134547955094417748256319100619
0.0031901431844619933080042795126018972951
0.0026791544538986044633743777154677445651
0.0021526469405969538700729160041191789787
0.0016303506351251861958978617295201729576
0.0011360064884985820315987936623969289940
0.0006976364329347984304108276631950502633
0.0003477972236328685752201894665347481350
0.0001238137145310336131951572946618966853
0.0000679901723559872615647303728536599010
0.0002277950382189875011291341211361327623
0.0006560175027443637760932171332228790561
0.0014108925159874185530084478301660055877
0.0025561921894015249452636329152710459311
0.0041612817026955807239718687640106509207
0.0063011373171049274433119791183344204910
0.0090563258913241365122281933963677147403
0.0125129436336042943606061683681218710262
0.0167625145955067091085854968923740671016
0.0219018474024443576819720647108624689281
0.0280328503722456975899568476506829028949
0.0352623059660769830325754981004138244316
0.0437016044511495324598193690235348185524
0.0534664380209994016812657946502440609038
0.0646764569755343132761993274471024051309
0.0774548894034209622905251535485149361193
0.0919281261756053486022821630285761784762
0.1082252744495331570062646164842590223998
0.1264776808546778374964247859679744578898
0.1468184287614342775629694415329140610993
0.1693818112145617782449136257127975113690
0.1943027839974234838305022776694386266172
0.2217164013523221788304340407194104045630
0.2517572385698156889333176877698861062527
0.2845588045193380710706776426377473399043
0.3202529482531371041176271319272927939892
0.3589692631150215862412267142644850537181
0.4008344924614478110846960134949767962098
0.4459719402471854499125925030966755002737
0.4945008906466309417382376523164566606283
0.5465360397818719295770506505505181849003
0.6021869433749611477679763993364758789539
0.6615574835010317178429772866365965455770
0.7247453574928269803834268714126665145159
0.7918415922792654271233914187178015708923
0.8629300863807592980592175990750547498465
0.9380871827809109664286779661779291927814
1.0173812742012631193944116603233851492405
1.1008724436175061356379956123419106006622
1.1886121410509224993745647225296124815941
1.2806428988237468225008797162445262074471
1.3769980860146606715943562448956072330475
1.4777017034148034468898913473822176456451
