-2.4999860295976352730917824374046176671982
-2.4910653073190665018898926064139232039452
-2.4819580469225837049407346057705581188202
-2.4726972492582488527546047407668083906174
-2.4633160297932930049569222319405525922775
-2.4538475353208770712853947770781815052032
-2.4443248597644053887734116869978606700897
-2.4347809593303946229525536182336509227753
-2.4252485671984493897923584881937131285667
-2.4157601080314377028912531386595219373703
-2.4063476125013205653146997065050527453423
-2.3970426320701774258736804767977446317673
-2.3878761543352786667071541160112246870995
-2.3788785190553793924550518568139523267746
-2.3700793352388855872447948058834299445152
-2.3615073993684125852610122819896787405014
-2.3531906152027026735140680102631449699402
-2.3451559151938390357372554717585444450378
-2.3374291839026200001683264417806640267372
-2.3300351835155144186728648492135107517242
-2.3229974818369107936177897499874234199524
-2.3163383828103287775945773319108411669731
-2.3100788598573758214627105189720168709755
-2.3042384923625345294340149848721921443939
-2.2988354052218791245820739277405664324760
-2.2938862119518699245190873625688254833221
-2.2894059612878696619020502112107351422310
-2.2854080876624642826300259912386536598206
-2.2819043655237418732895093853585422039032
-2.2789048677868355419207091472344473004341
-2.2764179286250763034615829383255913853645
-2.2744501104088383769408210355322808027267
-2.2730061753855772543886359926545992493629
-2.2720890617426907631681842758553102612495
-2.2716998645544386192796082468703389167786
-2.2718378213480154848014080926077440381050
-2.2725003026786700921491046756273135542870
-2.2736828075037998075913492357358336448669
-2.2753789635686745285170218267012387514114
-2.2775805328076428324379776313435286283493
-2.2802774216952461650009809090988710522652
-2.2834576967018120896568689204286783933640
-2.2871076046753673338685075577814131975174
-2.2912115983300953558909895946271717548370
-2.2957523665790864342284294252749532461166
-2.3007108698634097798674247314920648932457
-2.3060663803412237982115584600251168012619
-2.3117965267756339642346574692055583000183
-2.3178773442407161198275389324408024549484
-2.3242833283707131641904197749681770801544
-2.3309874940681503119321860140189528465271
-2.3379614386624543165282830159412696957588
-2.3451754092899101955538299080217257142067
-2.3525983743362055555792267114156857132912
-2.3601980988402675443182943126885220408440
-2.3679412237169166211003812350099906325340
-2.3757933485194491218805978860473260283470
-2.3837191177076042514215714618330821394920
-2.3916823100717343741905551723903045058250
-2.3996459312243860750868407194502651691437
-2.4075723088827287732271997811039909720421
-2.4154231908423229313598312728572636842728
-2.4231598452460545445319439750164747238159
-2.4307431629892333191378384071867913007736
-2.4381337621651373304132448538439348340034
-2.4452920940753326561889480217359960079193
-2.4521785507107791701741916767787188291550
-2.4587535734673711118603023351170122623444
-2.4649777627000264423884345887927338480949
-2.4708119880873904428142395772738382220268
-2.4762174992472765211459773126989603042603
-2.4811560367087595047053127927938476204872
-2.4855899426545722263881543767638504505157
-2.4894822713510720291196776088327169418335
-2.4927968990179341091106834937818348407745
-2.4954986327042556482069812773261219263077
-2.4975533181392255421826575911836698651314
-2.4989279461773721280337667849380522966385
-2.4995907575838303138482388021657243371010
-2.4995113459032323177666512492578476667404
-2.4986607582365114588185406319098547101021
-2.4970115936454013727541223488515242934227
-2.4945380988800733845778268005233258008957
-2.4912162612764690017286284273723140358925
-2.4870238985949724153101669799070805311203
-2.4819407455162116882263489969773218035698
-2.4759485366195295164004619437037035822868
-2.4690310856963422203591562720248475670815
-2.4611743609564791235300162952626124024391
-2.4523665563200185424364008213160559535027
-2.4425981582249036705434264149516820907593
-2.4318620080233062097363472275901585817337
-2.4201533596817252913524498580954968929291
-2.4074699326472068783289159910054877400398
-2.3938119597368134883197399176424369215965
-2.3791822299266129903116961941123008728027
-2.3635861258625614489403687912272289395332
-2.3470316560248338788596811355091631412506
-2.3295294813192142235891424206783995032310
-2.3110929361949201776837981014978140592575
-2.2917380440223276139022345887497067451477
-2.2714835266925832435447318857768550515175
-2.2503508084313459391978540224954485893250
-2.2283640137126541347356578626204282045364
-2.2055499592515612761189913726411759853363
-2.1819381399883286398733162059215828776360
-2.1575607091692869943244659225456416606903
-2.1324524523906309703136230382369831204414
-2.1066507556025899638996179419336840510368
-2.0801955672427960841730509855551645159721
-2.0531293542883277680743958626408129930496
-2.0254970525313757967467154230689629912376
-1.9973460108462726125821973255369812250137
-1.9687259297554118298023695388110354542732
-1.9396887942193483667097098077647387981415
-1.9102888007569001072027958798571489751339
-1.8805822790846593584035417734412476420403
-1.8506276082192596454945032746763899922371
-1.8204851272870827827432549383956938982010
-1.7902170412561519974303791968850418925285
-1.7598873213486898592350371473003178834915
-1.7295616008297167720542120150639675557613
-1.6993070658748472556709430136834271252155
-1.6691923419445864329446749252383597195148
-1.6392873757896189168548062298214063048363
-1.6096633131917235104424435121472924947739
-1.5803923727986080027818616144941188395023
-1.5515477161338118161637567027355544269085
-1.5232033141082681471090154445846565067768
-1.4954338101035669073013423258089460432529
-1.4683143801076425916107837110757827758789
-1.4419205899604989884466021976550109684467
-1.4163282499518077273137350857723504304886
-1.3916132672512118162444494373630732297897
-1.3678514960458065807813454739516600966454
-1.3451185862162531314822899730643257498741
-1.3234898302875977016412889497587457299232
-1.3030400091882392565878490131581202149391
-1.2838432373255457275007529460708610713482
-1.2659728066313755689975550922099500894547
-1.2495010307893494871933626200188882648945
-1.2344990889489131369316510244971141219139
-1.2210368701931026969020877004368230700493
-1.2091828182420396586849165032617747783661
-1.1990037773262816056529800334828905761242
-1.1905648391798258067808546911692246794701
-1.1839291915495417928383403705083765089512
-1.1791579686270510229917363176355138421059
-1.1763101037062704268265633800183422863483
-1.1754421840842368407464846313814632594585
-1.1766083091123276105349759745877236127853
-1.1798599510868590378720455191796645522118
-1.1852458195777104688062308923690579831600
-1.1928117295662987729087944899220019578934
-1.2026004735157831415648388428962789475918
-1.2146516978581103352041736798128113150597
-1.2290017837925377719443531532306224107742
-1.2456837333679542378916949019185267388821
-1.2647270602163509511939309959416277706623
-1.2861576861454184772526332380948588252068
-1.3099978431752423713163580032414756715298
-1.3362659813600386016219090379308909177780
-1.3649766831639027486744453199207782745361
-1.3961405837656348793984761869069188833237
-1.4297642982625249352679475123295560479164
-1.4658503555387176753299627307569608092308
-1.5043971392311619172943437661160714924335
-1.5453988357850472201704405961208976805210
-1.5888453900359231774075396970147266983986
-1.6347224679188527840523192935506813228130
-1.6830114274154683862150250206468626856804
-1.7336892967267665266462017825688235461712
-1.7867287606178468006845605486887507140636
-1.8420981547367094588452118841814808547497
-1.8997614679878749299746232281904667615891
-1.9596783529475032548106128160725347697735
-2.0218041446225929469449056341545656323433
-2.0860898872720397001501169143011793494225
-2.1524823696072030720927159563871100544930
-2.2209241680513223116122389910742640495300
-2.2913536984621059033884193922858685255051
-2.3637052757967809135664083441952243447304
-2.4379091818667029123446354788029566407204
-2.5138917414811459138945792801678180694580
-2.5915754061167142197064094943925738334656
-2.6708788458940104781902391550829634070396
-2.7517170487962254732394740130985155701637
-2.8340014278626277643979847198352217674255
-2.9176399357045137428201542206807062029839
-3.0025371861787761851303457660833373665810
-3.0885945833421573070154408924281597137451
-3.1757104568289156176774667983409017324448
-3.2637802047284441009367128572193905711174
-3.3526964417791238481925120140658691525459
-3.4423491545562381332956647383980453014374
-3.5326258621297519368908979231491684913635
-3.6234117826689766772574330389034003019333
-3.7145900046004438621594090363942086696625
-3.8060416641667780268676324340049177408218
-3.8976461259895227584593158098869025707245
-3.9892811693652578952651310828514397144318
-4.0808231778705188474987153313122689723969
-4.1721473330779650368071997945662587881088
-4.2631278110669832415169366868212819099426
-4.3536379824776876290570726268924772739410
-4.4435506147271457422220919397659599781036
-4.5327380768630698426591152383480221033096
-4.6210725458222885464465434779413044452667
-4.7084262144965194352153048384934663772583
-4.7946715007915114981074111710768193006516
-4.8796812569294285566456892411224544048309
-4.9633289802401652224261852097697556018829
-5.0454890223388488834643794689327478408813
-5.1260367988650834547570411814376711845398
-5.2048489979920011805347712652292102575302
-5.2818037878070489554716004931833595037460
-5.3567810218177625003477260179352015256882
-5.4296624428102280290886483271606266498566
-5.5003318839998902589627505221869796514511
-5.5686754674673988319000272895209491252899
-5.6345817998264324799606583837885409593582
-5.6979421636720504196205183689016848802567
-5.7586507062981668880752295081038028001785
-5.8166046232606403165732444904278963804245
-5.8717043378781612616990059905219823122025
-5.9238536763128673001688184740487486124039
-5.9729600366257962207328091608360409736633
-6.0189345536171936501546042563859373331070
-6.0616922570538456227495771599933505058289
-6.1011522243818943067594773310702294111252
-6.1372377270893734291234977717977017164230
-6.1698763711450759217314043780788779258728
-6.1990002297718627133349400537554174661636
-6.2245459705454404542024349211715161800385
-6.2464549744721082902287889737635850906372
-6.2646734482626804663141228957101702690125
-6.2791525290061080966097506461665034294128
-6.2898483816656662881428019318263977766037
-6.2967222879613329311609959404449909925461
-6.2997407283902635555250526522286236286163
-6.2988754558056010424138548842165619134903
-6.2941035605898081328746229701209813356400
-6.2854075284152193248132789449300616979599
-6.2727752890926424811368633527308702468872
-6.2562002575546582505694459541700780391693
-6.2356813662973920031618035864084959030151
-6.2112230895240463368622840789612382650375
-6.1828354589308922584223182639107108116150
-6.1505340708561382356833746598567813634872
-6.1143400853889922075268259504809975624084
-6.0742802169412923873892395931761711835861
-6.0303867162023934156422910746186971664429
-5.9826973442751185672250358038581907749176
-5.9312553381233872329403311596252024173737
-5.8761093681496712193279563507530838251114
-5.8173134871257650146958440018352121114731
-5.7549270717556773035994410747662186622620
-5.6890147555803709522592725988943129777908
-5.6196463545939687733721257245633751153946
-5.5468967841294185561196172784548252820969
-5.4708459695954028134678992500994354486465
-5.3915787478332140025827357021626085042953
-5.3091847626102914858847725554369390010834
-5.2237583516400345473584820865653455257416
-5.1353984272629213947425341757480055093765
-5.0442083493077953804117896652314811944962
-4.9502957917812873134266737906727939844131
-4.8537726024436933514039083092939108610153
-4.7547546553919231016038793313782662153244
-4.6533616983289318724814620509278029203415
-4.5497171922992398762630728015210479497910
-4.4439481462212810924938821699470281600952
-4.3361849449562370750754780601710081100464
-4.2265611721047058324529643869027495384216
-4.1152134268088715884914563503116369247437
-4.0022811355412617473348291241563856601715
-3.8879063584531876607286449143430218100548
-3.7722335910492326149778818944469094276428
-3.6554095607022620839643423096276819705963
-3.5375830192368220572518566768849268555641
-3.4189045303044895973698658053763210773468
-3.2995262537477874076330408570356667041779
-3.1796017252504014116709640802582725882530
-3.0592856323881001401332468958571553230286
-2.9387335881627025813145337451715022325516
-2.8181019001382741073769011563854292035103
-2.6975473378506005239785281446529552340508
-2.5772268968500178232261532684788107872009
-2.4572975609128073770648370555136352777481
-2.3379160618253993497717146965442225337029
-2.2192386376852129004078051366377621889114
-2.1014207897220145149219661107053980231285
-1.9846170378824563584885254385881125926971
-1.8689806759088054555206781515153124928474
-1.7546635253126077191865306303952820599079
-1.6418156900751101900937101163435727357864
-1.5305853108985636445993350207572802901268
-1.4211183203358888071932142338482663035393
-1.3135581987187281427509333298075944185257
-1.2080457317645778569925596457323990762234
-1.1047187693249491680091978196287527680397
-1.0037119868482695661526804542518220841885
-0.9051566490603570880324468816979788243771
-0.8091803765158160910431206502835266292095
-0.7159069158871571580959880520822480320930
-0.6254559135766724065064181559137068688869
-0.5379426941516611826443750032922253012657
-0.4534780428226328763408048416749807074666
-0.3721679935413860773607552800967823714018
-0.2941136225047684127353875283006345853209
-0.2194108478698580388943639718490885570645
-0.1481502356570762179988065554425702430308
-0.0804168130699887545587145609715662430972
-0.0162898888045125943280222458042771904729
0.0441571182411346560559017859759478596970
0.1008568423949914444337494501269247848541
0.1537481252984814750206510325369890779257
0.2027761612342452446355878237227443605661
0.2478926321766355411746474146639229729772
0.2890558333063747986635405595734482631087
0.3262307871872187070572124412137782201171
0.3593893475877816268138076338800601661205
0.3885102916213629686836839027819223701954
0.4135793998270455018584357276267837733030
0.4345895245168036602478878194233402609825
0.4515406453961224864102064202597830444574
0.4644399120227071797728513047331944108009
0.4733016735781914730019082071521552279592
0.4781474947900389849131386199587723240256
0.4790061581421614089748572951066307723522
0.4759136522343599962070470610342454165220
0.4689131458545340858101724279549671337008
0.4580549474513352925519882319349562749267
0.4433964505922413090743816610483918339014
0.4250020640891060685895297410752391442657
0.4029431278838394581143234063347335904837
0.3772978139174050227211409946903586387634
0.3481510121515145605997076927451416850090
0.3155942019245497331958461018075468018651
0.2797253085992026933048748560395324602723
0.2406485452994879536969818900615791790187
0.1984742405952497623644603663706220686436
0.1533186514845610581847523690157686360180
0.1053037625628224782659003722073975950480
0.0545570713937633122725401335628703236580
0.0012113600965483525134791520372345985379
-0.0545955458849318175928999608004232868552
-0.1127210319185610182257661904259293805808
-0.1730179607463404878320289981274981983006
-0.2353349506037503147126699332147836685181
-0.2995166649771686673275894463586155325174
-0.3654041130561185291014680842636153101921
-0.4328349601953147551824940819642506539822
-0.5016438482039948798529849227634258568287
-0.5716627243548539905049210574361495673656
-0.6427211786634632328940597290056757628918
-0.7146467884870090214732840649958234280348
-0.7872654700161697549631867332209367305040
-0.8604018355923664929107985699374694377184
-0.9338795559581015703898287938500288873911
-1.0075217269182386026216136087896302342415
-1.0811512392706676966014356366940774023533
-1.1545911512092226214321044608368538320065
-1.2276650622898872544652704164036549627781
-1.3001974880435218651086870522703975439072
-1.3720142342728323114897648338228464126587
-1.4429427700641153098359836803865619003773
-1.5128125987015013098613280817517079412937
-1.5814556253352372028331274123047478497028
-1.6487065205643209875319143975502811372280
-1.7144030790180933010447006381582468748093
-1.7783865718254079357762975632795132696629
-1.8405020922031498642468250181991606950760
-1.9005988932214308295698401707340963184834
-1.9585307166997054650892096105962991714478
-2.0141561124647489045003112551057711243629
-2.0673387471061563935847971151815727353096
-2.1179477012816856351662408997071906924248
-2.1658577548850370675381782348267734050751
-2.2109496591981985247343800438102334737778
-2.2531103952471904783294576191110536456108
-2.2922334178402574700328386825276538729668
-2.3282188842653739335730733728269115090370
-2.3609738673895672711466886539710685610771
-2.3904125522835046879777110007125884294510
-2.4164564159731138914821713115088641643524
-2.4390343897005437590053134044865146279335
-2.4580830034297518338348709221463650465012
-2.4735465118801465145281781587982550263405
-2.4853770021885215335544216941343620419502
-2.4935344823980170048116633552126586437225
-2.4979869509410250749681381421396508812904
-2.4987104467379008809757579001598060131073
-2.4956890798167590261869008827488869428635
-2.4889150423992583149868096370482817292213
-2.4783886003819040055873301753308624029160
-2.4641180654265881777575941669056192040443
-2.4461197475307088211593509186059236526489
-2.4244178883825919790240277507109567523003
-2.3990445757504867962950356741202995181084
-2.3700396390092528520199266495183110237122
-2.3374505263541633937052210967522114515305
-2.3013321638555330750364191771950572729111
-2.2617467970146627465055644279345870018005
-2.2187638150837050154962071246700361371040
-2.1724595589009196849872296297689899802208
-2.1229171126203856267977698735194280743599
-2.0702260801359613218153299385448917746544
-2.0144823467398622618418357888003811240196
-1.9557878268089174955690623392001725733280
-1.8942501982325152809494284156244248151779
-1.8299826243806425196680720546282827854156
-1.7631034644085794571566339072887785732746
-1.6937359727872867143361190755967982113361
-1.6220079888700562609216149212443269789219
-1.5480516174888032665535320120397955179214
-1.4720029013913811244407270351075567305088
-1.3940014865525396370316002503386698663235
-1.3141902812443018166987940276158042252064
-1.2327151098736264245303573261480778455734
-1.1497243625413395839984787016874179244041
-1.0653686412860112753264729690272361040115
-0.9798004040311855122880047019862104207277
-0.8931736071588393111042591954173985868692
-0.8056433477578966995125142602773848921061
-0.7173655064136096326521396804309915751219
-0.6284963915818831958759460576402489095926
-0.5391923864464925886252899545070249587297
-0.4496095991755443832538219339767238125205
-0.3599035175099098982087753029190935194492
-0.2702286685408024080601308014593087136745
-0.1807382845303918961210598581601516343653
-0.0915839756441816782439602206977724563330
-0.0029154103170908798187133115220603940543
0.0851199958762348524166085894648858811706
0.1723773822201038474766221497702645137906
0.2587147349602896273523811032646335661411
0.3439931688674195964239288514363579452038
0.4280771976716682969410499026707839220762
0.5108349927254345335114749104832299053669
0.5921386294590176291308125655632466077805
0.6718643210326290526879233766521792858839
0.7498926388053902547525808586215134710073
0.8261087191965884590771906914596911519766
0.9004024565926349588096400111680850386620
0.9726686819771579450844001257792115211487
1.0428073270352582468945001892279833555222
1.1107235734929945536464401811826974153519
1.1763279875735521695645502404659055173397
1.2395366393718401099022230482660233974457
1.3002712071454676223680735347443260252476
1.3584590664390754355395074526313692331314
1.4140333640809177317976264021126553416252
1.4669330770975625988228330243146046996117
1.5171030566608203482559247277094982564449
1.5644940571954670804899478753213770687580
1.6090627508262576039754776502377353608608
1.6507717274209170454923878423869609832764
1.6895894804496476293564910520217381417751
1.7254903789701183658422678490751422941685
1.7584546260908253678678647702326998114586
1.7884682042445689820198140296270139515400
1.8155228076862313102424195676576346158981
1.8396157626496278947314522156375460326672
1.8607499355816612407465981959830969572067
1.8789336299648256023431258654454723000526
1.8941804722155060058952358303940854966640
1.9065092871734032886621434954577125608921
1.9159439637319044535956891195382922887802
1.9225133111654328921247270045569166541100
1.9262509067154942599131572933401912450790
1.9271949350396542222085827233968302607536
1.9253880201028112928440805262653157114983
1.9208770501120886464718751085456460714340
1.9137129961203713790496294677723199129105
1.9039507248983909004635961537132970988750
1.8916488066983854210434401466045528650284
1.8768693185216986929475524448207579553127
1.8596776435073305577816427103243768215179
1.8401422670451126339941083642770536243916
1.8183345702355981909903448467957787215710
1.7943286212696105685893144254805520176888
1.7682009653405252880276066207443363964558
1.7400304136477604544097630423493683338165
1.7098978320724789181639380331034772098064
1.6778859300698869549961500524659641087055
1.6440790503215032547501550652668811380863
1.6085629596591821677264988466049544513226
1.5714246417785135978562038872041739523411
1.5327520922187283236581833989475853741169
1.4926341160752349956908346939599141478539
1.4511601288977491464038394042290747165680
1.4084199611918917227626479871105402708054
1.3645036669295469433649259372032247483730
1.3195013364481638085123904602369293570518
1.2735029141050737688800609248573891818523
1.2265980210019098439744311690446920692921
1.1788757831110701079779801148106344044209
1.1304246650726827994049017434008419513702
1.0813323099402492033505041035823523998260
