0.5186077336392648229335122778138611465693
0.4750481937744941984824720293545396998525
0.4336036384379673425115697682485915720463
0.3942907625990659248316205776063725352287
0.3571200981747288949463836615905165672302
0.3220957481956835954939322164136683568358
0.2892150102835454039684748295258032158017
0.2584679113941734107662284714024281129241
0.2298366893971168500865331907334621064365
0.2032952685408692949931008797648246400058
0.1788087839929811961869887682041735388339
0.1563332142706019278755036339134676381946
0.1358151787258154441495605624368181452155
0.1171919500383884621408370207973348442465
0.1003917190796596858870515234229969792068
0.0853341324441287130131428284585126675665
0.0719311028185705969573149332063621841371
0.0600878710663896031807240660782554186881
0.0497042786690405843930129492491687415168
0.0406761922033157599654096259200741769746
0.0328970098379243111597070026164146838710
0.0262591749320273681878035176850971765816
0.0206556243780139335564083324925377382897
0.0159811092564403449400867174290397088043
0.0121333415161484388378188015167324920185
0.0090139408223793536512058466314556426369
0.0065291778785910373206213819230470107868
0.0045905314993901847123169979170143051306
0.0031150936988625231756355749013209788245
0.0020258677201638610430867171174895702279
0.0012520067270392588269084521712670721172
0.0007290353618494194078841763584364343842
0.0003990832125817700588854552989914736827
0.0002111404039043129779538304768848888671
0.0001213236029680508860960699846209820407
0.0000931192102840761092106408591817512388
0.0000975527372395657048831027480240152272
0.0001132223973296220248920332385189624347
0.0001261331185584957370864750414440891291
0.0001292755270304901703878192043006833956
0.0001219127423379173813001996595772880028
0.0001085644847076316969964118741565073378
0.0000977100845251221967026691861413212337
0.0001002659353126311676330031930071129409
0.0001279245199501222271954575804286946550
0.0001914673888462825536611877641490764290
0.0002991799613942891598178386303175102512
0.0004554993877977419952304827255318286916
0.0006600169058598126482426127203950727562
0.0009069337208737770789773735558014777780
0.0011850362360381083183524797419750029803
0.0014782156983837602820530676694943394978
0.0017665130059077505716297329385611192265
0.0020276258951467695558490422769182259799
0.0022387773292702559807532125546458701137
0.0023788143422075248324676355338169742026
0.0024303885946442794693811428885510395048
0.0023820649484908875369304492863875566400
0.0022302126128755351240628979070379500627
0.0019805537034354968317639844599398202263
0.0016492739713581362152178266811120010971
0.0012636369668472457669650133027516858419
0.0008620822804621219685727862014346101205
0.0004938271311472508962731042814198190172
0.0002180250043519382709567705491693345721
0.0001025626210447327962176425342200047908
0.0002225952623903371249344806948045061290
0.0006589295234026160000620486734135283768
0.0014963619607865385249118039823201797844
0.0028220728093412182982402391928644647123
0.0047241575682781620365568997499394754414
0.0072903580509120222488683715766910609091
0.0106070306777624970978601837146015895996
0.0147583658333556404229636171976380865090
0.0198258500374187095205424924415638088249
0.0258879441520640622698135047130563179962
0.0330199371096165650296683224951266311109
0.0412939261694795570201144130351167405024
0.0507788716606930798369567980898864334449
0.0615406759785472323720512122235959395766
0.0736422425729059137999854556255741044879
0.0871434796526883853617917452538677025586
0.1021012241666537784245960551743337418884
0.1185690731952959570127958954799396451563
0.1365971210094298338155738292698515579104
0.1562316100109604477541580536126275546849
0.1775145117592648313920022928869002498686
0.2004830600855273814442369939570198766887
0.2251692616470007402007524888176703825593
0.2515994103275071003267271407821681350470
0.2797936308921528114623811234196182340384
0.3097654746278680204518707341776462271810
0.3415215857847714309158959622436668723822
0.3750614529795472940065792499808594584465
0.4103772547318350616407656161754857748747
0.4474538033950771764857279322313843294978
0.4862685872116355167982248985936166718602
0.5267919063237355148388019188132602721453
0.5689870953864855085413410051842220127583
0.6128108231077598055946964450413361191750
0.6582134574771312252039479062659665942192
0.7051394846703539220911238771805074065924
0.7535279694606531464273757592309266328812
0.8033130453653442026862308011914137750864
0.8544244235390578978694975376129150390625
0.9067879105143730189553252785117365419865
0.9603259261145414837912426264665555208921
1.0149580141939660293814995384309440851212
1.0706013401528244877169981918996199965477
1.1271711704309621548958375569782219827175
1.1845813303045966691229295975062996149063
1.2427446373368502552381187342689372599125
1.3015733086868206402897385487449355423450
1.3609793412268291756817006898927502334118
1.4208748640122694784082568730809725821018
1.4811724631392118034511895530158653855324
1.5417854794093099890517351013841107487679
1.6026282795245436751940815156558528542519
1.6636165017691453282822067194501869380474
1.7246672773168030268209349742392078042030
1.7856994284456757515755498388898558914661
1.8466336450477462971520026258076541125774
1.9073926409138834969780873507261276245117
1.9679012913377977866957735386677086353302
2.0280867536347955137898679822683334350586
2.0878785722084036713397381390677765011787
2.1472087698161335111990410950966179370880
2.2060119266812900917784645571373403072357
2.2642252490837817546776022936683148145676
2.3217886290107965230333775252802297472954
2.3786446963784522168339208292309194803238
2.4347388652388701757445232942700386047363
2.4900193752566908145240631711203604936600
2.5444373295849507243815423862542957067490
2.5979467300916625482898325572023168206215
2.6505045106830129597597078827675431966782
2.7020705692529491948050690552918240427971
2.7526077985544681325791316339746117591858
2.8020821160539850502857461833627894520760
2.8504624925949268998692787135951220989227
2.8977209794735911962959562515607103705406
2.9438327333235951854817358253058046102524
2.9887760380226833234473815537057816982269
3.0325323226841249812935075169662013649940
3.0750861746787476747044820513110607862473
3.1164253465570048717836471041664481163025
3.1565407557046829545299715391593053936958
3.1954264755747083803782970790052786469460
3.2330797173848297987319710955489426851273
3.2695008012610515812923495104769244790077
3.3046931159301387026516749756410717964172
3.3386630662195084795484945061616599559784
3.3714200078041751673652015597326681017876
3.4029761688380677497889337246306240558624
3.4333465583194491266283421282423660159111
3.4625488612553052547582410625182092189789
3.4906033209046363197103346465155482292175
3.5175326085872651304953251383267343044281
3.5433616817377888708051614230498671531677
3.5681176310601405710087874467717483639717
3.5918295177903978299127629725262522697449
3.6145282022047342529447178094414994120598
3.6362461646103114709660530934343114495277
3.6570173201313376232235441420925781130791
3.6768768286492434782530835946090519428253
3.6958609012760712531076023878995329141617
3.7140066047359834300323200295679271221161
3.7313516650026308241194783477112650871277
3.7479342714933805424948332074563950300217
3.7637928830577767058684912626631557941437
3.7789660369199453704425195610383525490761
3.7934921616466197313854991080006584525108
3.8074093951164167393130810523871332406998
3.8207554083652199850007491477299481630325
3.8335672360793298096837133925873786211014
3.8458811144048041796850156970322132110596
3.8577323266396552625678850745316594839096
3.8691550572773500960011006100103259086609
3.8801822547760256298943204456008970737457
3.8908455033389865995729905989719554781914
3.9011749039094394397864107304485514760017
3.9111989645048730324106145417317748069763
3.9209444999462910175225260900333523750305
3.9304365409721344626348127349046990275383
3.9396982526679131808577949414029717445374
3.9487508620888478461097292893100529909134
3.9576135949044197737123340630205348134041
3.9663036208498652079867952124914154410362
3.9748360077307385296307984390296041965485
3.9832236836914467481562951434170827269554
3.9914774074278591697861884313169866800308
3.9996057459970706382534899603342637419701
4.0076150598541282477071945322677493095398
4.0155094947261567028817808022722601890564
4.0232909799188822930204878502991050481796
4.0309592326389340755099510715808719396591
4.0385117679081039554489507281687110662460
4.0459439136424562022398276894818991422653
4.0532488304706957293888081039767712354660
4.0604175358720073774065895122475922107697
4.0674389322242987532263214234262704849243
4.0742998383689608132840476173441857099533
4.0809850243185197271600372914690524339676
4.0874772487581960689340121462009847164154
4.0937572990216457569090380275156348943710
4.0998040332547844855071161873638629913330
4.1055944245190802988076939072925597429276
4.1111036066268225042108497291337698698044
4.1163049215451072981863944733049720525742
4.1211699682519737919506042089778929948807
4.1256686529769996951699795317836105823517
4.1297692408084500925724569242447614669800
4.1334384086998303686755207309033721685410
4.1366412999591384291875328926835209131241
4.1393415803535376085164898540824651718140
4.1415014960105187569183726736810058355331
4.1430819333422226335983395983930677175522
4.1440424812625238359942159149795770645142
4.1443414960060067642189096659421920776367
4.1439361688934841509990292252041399478912
4.1427825974195862102078535826876759529114
4.1408358600643868641100198146887123584747
4.1380500952521712676457354973535984754562
4.1343785848964476059563821763731539249420
4.1297738429808337201620815903879702091217
4.1241877096307062444680013868492096662521
4.1175714511302210496523912297561764717102
4.1098758663336854013437005050946027040482
4.1010513999094095893838129995856434106827
4.0910482628379520875228081422392278909683
4.0798165605654661547418982081580907106400
4.0673064291863036956442556402180343866348
4.0534681799975684768355677078943699598312
4.0382524527313936602013200172223150730133
4.0216103777286376086408381524961441755295
4.0034937472699700933276290015783160924911
3.9838551962265995598500012420117855072021
3.9626483921335062809987448417814448475838
3.9398282347213378074002321227453649044037
3.9153510648701881358135779009899124503136
3.8891748828678465166319710988318547606468
3.8612595757666388074369478999869897961617
3.8315671535367572531072255515027791261673
3.8000619936093453787862017634324729442596
3.7667110932895626618233109184075146913528
3.7314843293987816075230057322187349200249
3.6943547243759824461051266553113237023354
3.6552987179316893673330923775210976600647
3.6142964432047466338815411290852352976799
3.5713320062232689622305770171806216239929
3.5263937673176442011424569500377401709557
3.4794746229771162937538520054658874869347
3.4305722864836964980383982037892565131187
3.3796895654996874647224558430025354027748
3.3268346346299204618901512731099501252174
3.2720213008288046019345074455486610531807
3.2152692593775289431334840628551319241524
3.1566043380196004974891366146039217710495
3.0960587267158672375444439239799976348877
3.0336711903644282273262433591298758983612
2.9694872617284548965699286782182753086090
2.9035594117268992420122231123968958854675
2.8359471941726726029742167156655341386795
2.7667173619902594161601427913410589098930
2.6959439519144474672884825849905610084534
2.6237083346660874383360351203009486198425
2.5500992276243086287479400198208168148994
2.4752126670730527635555517917964607477188
2.3991519371997678256036579114152118563652
2.3220274531739617529524366545956581830978
2.2439565958426985758933369652368128299713
2.1650634958584902278744266368448734283447
2.0854787654141979658106720307841897010803
2.0053391762067973580485613638302311301231
1.9247872827974814580187512547126971185207
1.8439709911798769503832318150671198964119
1.7630430731126400800690134929027408361435
1.6821606276039160476898359775077551603317
1.6014844918401807127850133838364854454994
1.5211786047945687894156208130880258977413
1.4414093276963826362191412044921889901161
1.3623447264393109268354464802541770040989
1.2841538217901091734063356852857396006584
1.2070058138658183999325501645216718316078
1.1310692877097634490013433605781756341457
1.0565114068431380456303259052219800651073
0.9834971013532285422087397819268517196178
0.9121882563654071240932807995704934000969
0.8427429056239226223823379768873564898968
0.7753144334124777437011744041228666901588
0.7100507862417798632392873514618258923292
0.6470936937330143967628259815683122724295
0.5865778960908435424315143791318405419588
0.5286303736674077269341864848684053868055
0.4733695726022686955936080721585312858224
0.4209046195884462715497420504107140004635
0.3713345186961840016515168372279731556773
0.3247473240583662046354618269106140360236
0.2812192842204445653031541496602585539222
0.2408139571368713705012964965135324746370
0.2035812991175829367307414941024035215378
0.1695567363502749891335241727574612013996
0.1387602336871480990243554742846754379570
0.1111953818505056063026259494108671788126
0.0868485306261453371412528667860897257924
0.0656880014843851944839059342484688386321
0.0476634179078472206003702638099639443681
0.0327051949571330463628626716854341793805
0.0207242309128321706979125593761636991985
0.0116118427947224309160212385449995053932
0.0052399840467525745160703998237750056433
0.0014617766167367208553218294042608249583
0.0001123812577694671688277594512328505516
0.0010102194067008341687996519908665504772
0.0039585480074297227370827556569565786049
0.0087473756784007417747206503122470167000
0.0151556954645469411230296330472810950596
0.0229539966957299848560047905721148708835
0.0319070069795354266384279640078602824360
0.0417766056886817727100691399755305610597
0.0523248429502071593644174640758137684315
0.0633169935543781564613041723532660398632
0.0745245734456515679378085792450292501599
0.0857282476468020082638332723945495672524
0.0967205624065929081556447499679052270949
0.1073084406912264976430293472731136716902
0.1173153885453515898884546686531393788755
0.1265833697072592523014122889435384422541
0.1349743167200351534606994619025499559939
0.1423712580140027161856863813227391801775
0.1486790517007701151186438437434844672680
0.1538247274348815418765212825746857561171
0.1577574475441282653154217996416264213622
0.1604481073043641792263969136911327950656
0.1618886015794662736055897767073474824429
0.1620907909630288912250506427881191484630
0.1610852051016888053514009015998453833163
0.1589195238108362939755124898510985076427
0.1556568784093342594498921016565873287618
0.1513740159312692012960610554728191345930
0.1461593681328323679480263308505527675152
0.1401110653056553689843610754905967041850
0.1333349320073260457775177201256155967712
0.1259424981477142713170991328297532163560
0.1180490546108706045869141121329448651522
0.1097717776607609052597069876355817541480
0.1012279415309961239088920592621434479952
0.0925332333863740086332683176806312985718
0.0838001802922908045623273665114538744092
0.0751366934396956176467341492752893827856
0.0666447317239985959069770160567713901401
0.0584190842891650699564287663179129594937
0.0505462707151434972874248785501549718902
0.0431035576939302195187408983656496275216
0.0361580927417461950312826957087963819504
0.0297661581088079600643236943824376794510
0.0239725518499268909489163803527844720520
0.0188101071841717641663915827621167409234
0.0142993655407270565255162253492926538456
0.0104484224390973424317907713998465624172
0.0072529680259207389078635053181187686278
0.0046965450563568114650259133213694440201
0.0027510458993575959141253406414762139320
0.0013774664979271911656455440464696948766
0.0005269286177063214979959804296072434227
0.0001419727948750715274244676988857349897
0.0001581125953324846646758095047857750615
0.0005056273651271592228795270784758031368
0.0011115561579175992253099014561712465365
0.0019018402324003248066164317719994869549
0.0028035479097020931521511144524083647411
0.0037471031746214135751960050413345015841
0.0046684307173017461009556505757700506365
0.0055109252621013560952123455649598327000
0.0062271533317502123991427076532545470400
0.0067802015074110589393230341670459893066
0.0071445966795292206730216832966107176617
0.0073067411405252080669470160501077771187
0.0072648272713440494030567862182579119690
0.0070282226555504756504433316877111792564
0.0066163449838336062941435145035029563587
0.0060570750320409413869349180004064692184
0.0053847843889640147410635684366297937231
0.0046380791892082929434026894455200817902
0.0038573811342364639626056899146533396561
0.0030824801604858540621245666102367977146
0.0023501980965378609957083799741894836188
0.0016922993437623202322983573253623035271
0.0011337716773020200221322451028527211747
0.0006915795153408588538668233525186224142
0.0003739637249821470125522859806466158261
0.0001803280915969374174987610581766261930
0.0001017156835946408927192838311803768647
0.0001218404836117947744218714678510195881
0.0002186039420398877683102134561465845763
0.0003659948600156148952079748770671585589
0.0005362468662942188567244183872162466287
0.0007021120988191764363331448528526834707
0.0008391039349256424438594503811827962636
0.0009275661783406441212793125394853177568
0.0009544399228435551142679660330259139300
0.0009146222038997376150779028414206095476
0.0008118394006033380089909501364786592603
0.0006589918874064259503298135456361706019
0.0004779613377178471228870493270335373381
0.0002989056701625081411029249967015175571
0.0001590971253733286603498919831167768280
0.0001013833050990697892158876047830062817
0.0001723684795705526762946840912960055903
0.0004204218912038459963348424608398090641
0.0008936212658237074890621443046256899834
0.0016377337513009760164295336437589867273
0.0026943241023892295846198230435675213812
0.0040990632684231795290763500361208571121
0.0058802905965107399310909386258572340012
0.0080578625863167111648133200674237741623
0.0106423014691845278789639195338168065064
0.0136342397604713380654395393776212586090
0.0170241435765722676221045617239724379033
0.0207922882454051015377327615851754671894
0.0249089550155383136764708496002640458755
0.0293348169717661463873348282049846602604
0.0340214853004781464518302414035133551806
0.0389121924380480266325577076713670976460
0.0439425955804025950013347312506084563211
0.0490416915224282379259790332071133889258
0.0541328402662218169383301358266180614009
0.0591349001465858933879182757209491683170
0.0639634800986258189592348344376659952104
0.0685323150066752539988357284528319723904
0.0727547679985947604031082391884410753846
0.0765454586113147733561490326792409177870
0.0798220090541953558593846196345111820847
0.0825068924885196675056420190230710431933
0.0845293580159668239693004920809471514076
0.0858273979430586586580886887531960383058
0.0863497143042535469925624624920601490885
0.0860576344725989678119404402423242572695
0.0849269205001870614024639394301630090922
0.0829494140387599526720308062976982910186
0.0801344586936347941241720604921283666044
0.0765100445923712485507550695729150902480
0.0721236257559722537813229337189113721251
0.0670425693951736956233133923888090066612
0.0613542071763898549940918769607378635556
0.0551654713712145042259216154434398049489
0.0486021128604362737113397940902359550819
0.0418075127576056776446122853485576342791
0.0349411140060767941295516436639445601031
0.0281765130117321224711979255062033189461
0.0216992634850145110769759071445150766522
0.0157044545382562898694356334772237460129
0.0103941321183720521148519111420682747848
0.0059746367853981217216352561649728158955
0.0026539314112179555188442137136917153839
0.0006389896400756090149436472458432945132
0.0001333100090224892267723455496764017880
0.0013346121127389665942525320829759039043
0.0044327604101624109786405902866590622580
0.0096079490689910066608669936272235645447
0.0170291683554571714187542141871745116077
0.0268529601916929205884798648185096681118
0.0392224585067941985960793260801438009366
0.0542666993558934343533373123591445619240
0.0721001771681516745449158634073683060706
0.0928226171362756258265136466434341855347
0.1165189298568636983022273057031270582229
0.1432593129139574650299238101069931872189
0.1730994649152639563993716365075670182705
0.2060808802613612600307391176102100871503
0.2422311971896353721689365556812845170498
0.2815645769426183275818686979619087651372
0.3240820976982234369323521150363376364112
0.3697721527469656210840298626862931996584
0.4186108478211661987344882618344854563475
0.4705623971836264685109085803560446947813
0.5255795217988226131211604297277517616749
0.5836038555162200713866127443907316774130
0.6445663666675421898943909582158084958792
0.7083878028697350170972413252457045018673
0.7749791662958455118470624256588052958250
0.8442422253694544798108267968927975744009
0.9160700670214961816029131114191841334105
0.9903476915164900473698139649059157818556
1.0669526496088392875094541523139923810959
1.1457557196504881691367927487590350210667
1.2266216203488686797840045983321033418179
1.3094097532863404609315693960525095462799
1.3939749681345623422146218217676505446434
1.4801683427218954580695253753219731152058
1.5678379697582618401696663568145595490932
1.6568297420281659082519354342366568744183
1.7469881281803210093528377910843119025230
1.8381569318109789445969681764836423099041
1.9301800272739384478626334384898655116558
2.0229020664969130649524231557734310626984
2.1161691519810630346398738765856251120567
2.2098294720492037690462439059047028422356
2.3037338952645876055669305060291662812233
2.3977365217275901088100908964406698942184
