-2.4998776623266834029379879211774095892906
-2.4937718007230311734190308925462886691093
-2.4871414104163598324248596327379345893860
-2.4800334300128490383485768688842654228210
-2.4724957942173348968140089709777384996414
-2.4645772462268511482363919640192762017250
-2.4563271455031103762678412749664857983589
-2.4477952719583688789839470700826495885849
-2.4390316276328563027675500052282586693764
-2.4300862369552067576705667306669056415558
-2.4210089467074458191575558885233476758003
-2.4118492268132367684074779390357434749603
-2.4026559730698897610068343055900186300278
-2.3934773129407900249532303860178217291832
-2.3843604154941049344529346853960305452347
-2.3753513065492484201968181878328323364258
-2.3664946900575718480297382484422996640205
-2.3578337766878938452919101109728217124939
-2.3494101205356177075600498938001692295074
-2.3412634648185068897419114364311099052429
-2.3334315973318551229453987616579979658127
-2.3259502163807006525075848912820219993591
-2.3188528078095989037876734073506668210030
-2.3121705336639242212015687982784584164619
-2.3059321329330386696199184370925650000572
-2.3001638347223920533224372775293886661530
-2.2948892841105772433252241171430796384811
-2.2901294808507794975582783081335946917534
-2.2859027309732193877778172463877126574516
-2.2822246112613004953573181410320103168488
-2.2791079464672243659606465371325612068176
-2.2765627990582615325365622993558645248413
-2.2745964711877264541328713676193729043007
-2.2732135185098991669860879483167082071304
-2.2724157753875737775217658054316416382790
-2.2722023909640767236339797818800434470177
-2.2725698755233505465866983286105096340179
-2.2735121565027780476953012112062424421310
-2.2750206434774939978638030879665166139603
-2.2770843014129642511989004560746252536774
-2.2796897314324935379659109457861632108688
-2.2828212583580618222356406477047130465508
-2.2864610242503404791136745188850909471512
-2.2905890871823961774111921840813010931015
-2.2951835244942224711905964795732870697975
-2.3002205397770922878919463983038440346718
-2.3056745728789280747150769457221031188965
-2.3115184122304515135226665734080597758293
-2.3177233088436031138712678512092679738998
-2.3242590913671556940300888527417555451393
-2.3310942816282351763845781533746048808098
-2.3381962101425219913153341622091829776764
-2.3455311311240518712395441980333998799324
-2.3530643365789587484471212519565597176552
-2.3607602691196727384692621853901073336601
-2.3685826331939399125303680193610489368439
-2.3764945044803820195511434576474130153656
-2.3844584372329564736503471067408099770546
-2.3924365694415179461884690681472420692444
-2.4003907256838732386938772833673283457756
-2.4082825176199791350484247232088819146156
-2.4160734420881415651649604114936664700508
-2.4237249768269641947426862316206097602844
-2.4311986738444928413116485899081453680992
-2.4384562505078566374550064210779964923859
-2.4454596784217188520926811179379001259804
-2.4521712701937676825991729856468737125397
-2.4585537641792143404018133878707885742188
-2.4645704073118777088780007034074515104294
-2.4701850361077264395248676009941846132278
-2.4753621559414682451460976153612136840820
-2.4800670186665154659522158908657729625702
-2.4842656986367406268811919289873912930489
-2.4879251671767668163681719306623563170433
-2.4910133655149548914664592302870005369186
-2.4934992761725500720615400496171787381172
-2.4953529927806714638904850289691239595413
-2.4965457882578023784958531905431300401688
-2.4970501812664136487285304610850289463997
-2.4968400008280964286200287460815161466599
-2.4958904489586801744849253736902028322220
-2.4941781611546050001493313175160437822342
-2.4916812645364654343893562327139079570770
-2.4883794334446784901615501439664512872696
-2.4842539422489049449893627752317115664482
-2.4792877151342871400174772134050726890564
-2.4734653726061619494203114300034940242767
-2.4667732744456518645392861799336969852448
-2.4591995588582307163960649631917476654053
-2.4507341775436897179929474077653139829636
-2.4413689264280420410102578898658975958824
-2.4310974718084539247797692951280623674393
-2.4199153716720460671751879999646916985512
-2.4078200919634569210359131830045953392982
-2.3948110176109778102215841499855741858482
-2.3808894581229562703583724214695394039154
-2.3660586476148415258080603962298482656479
-2.3503237391448545956507132359547540545464
-2.3336917932689673627066895278403535485268
-2.3161717607669678464787921257084235548973
-2.2977744595215399137089207215467467904091
-2.2785125455661643378846292762318626046181
-2.2584004783636455471196313737891614437103
-2.2374544804073117632015055278316140174866
-2.2156924912717013143037547706626355648041
-2.1931341162857149740261775150429457426071
-2.1698005700258136130287311971187591552734
-2.1457146148625279025168310909066349267960
-2.1209004948293328496333742805290967226028
-2.0953838651067084875023738277377560734749
-2.0691917174414182767350212088786065578461
-2.0423523018483522584176625969121232628822
-2.0148950449560576458907235064543783664703
-1.9868504653838003903842945874202996492386
-1.9582500865415315427497944256174378097057
-1.9291263472648128018960278495796956121922
-1.8995125106967036821004057856043800711632
-1.8694425718395546454075883957557380199432
-1.8389511641935569752348555994103662669659
-1.8080734659042292378217098303139209747314
-1.7768451058276237830568788922391831874847
-1.7453020699232462131789134218706749379635
-1.7134806083635654161412276152987033128738
-1.6814171437463514280352683272212743759155
-1.6491481807687449201438312229583971202374
-1.6167102177172389954051823224290274083614
-1.5841396600946973105550341642810963094234
-1.5514727366974454536574512530933134257793
-1.5187454184205164686716216237982735037804
-1.4859933400561220473434786981670185923576
-1.4532517253196046702612420631339773535728
-1.4205553153148489098356321846949867904186
-1.3879383006246064358180092312977649271488
-1.3554342571861897059903867557295598089695
-1.3230760860878294504772156869876198470592
-1.2908959573963836309218322639935649931431
-1.2589252581003591568986621496151201426983
-1.2271945442305374207592194579774513840675
-1.1957334971953519353604633579379878938198
-1.1645708843482698302551625602063722908497
-1.1337345237784257623303574291639961302280
-1.1032512533010583322123920879676006734371
-1.0731469036018781437746838491875678300858
-1.0434462754688187402507537626661360263824
-1.0141731210371254245927730153198353946209
-0.9853501289462661683060673567524645477533
-0.9569989133030066819074477280082646757364
-0.9291400063265542463852852961281314492226
-0.9017928545428687270302248180087190121412
-0.8749758183838309832935919985175132751465
-0.8487061750372941748565835951012559235096
-0.8230001243900803009623245998227503150702
-0.7978727978936410725196992643759585916996
-0.7733382701825306515530655815382488071918
-0.7494095732666480325079305657709483057261
-0.7260987131197420563211153421434573829174
-0.7034166884795829410848000406986102461815
-0.6813735116772082767155893634480889886618
-0.6599782313119365584341835528903175145388
-0.6392389565867923062469913020322564989328
-0.6191628831231512641863901080796495079994
-0.5997563200724457255219590479100588709116
-0.5810247183477209587110223765193950384855
-0.5629726997984995096047100560099352151155
-0.5456040871578690110155207548814360052347
-0.5289219345925072479630557609198149293661
-0.5129285586938494567732504947343841195107
-0.4976255697497374286264459897211054340005
-0.4830139031447542863340061103372136130929
-0.4690938507390665646035188274254323914647
-0.4558650920852246324344037020637188106775
-0.4433267253448457401177051906415726989508
-0.4314772977756086702605387017683824524283
-0.4203148356638765625881148935150122269988
-0.4098368735854938660345681000762851908803
-0.4000404828833920567454640604410087689757
-0.3909222992574601374116127772140316665173
-0.3824785493686511106403713711188174784184
-0.3747050763659758310097913636127486824989
-0.3675973642523458484454579320299671962857
-0.3611505610110536945711601219954900443554
-0.3553595004218997321920880949619458988309
-0.3502187225035041095999588378617772832513
-0.3457224925229459566722312047204468399286
-0.3418648185233271741267913057527039200068
-0.3386394673236153285422744829702423885465
-0.3360399789542347082083040277211694046855
-0.3340596794967242155749431731237564235926
-0.3326916923026497219240127378725446760654
-0.3319289475735987537952098591631511226296
-0.3317641902904569506382870258676121011376
-0.3321899864859254591920034727081656455994
-0.3331987278602882573963483991974499076605
-0.3347826347479678221752408262545941397548
-0.3369337574461767070843620786035899072886
-0.3396439759248910394973108850535936653614
-0.3429049979417911342416402931121410802007
-0.3467083555928922589117746611009351909161
-0.3510454003339411599426966859027743339539
-0.3559072965145594347191604356339666992426
-0.3612850134717040528897769036120735108852
-0.3671693162350076478084304199001053348184
-0.3735507549019224660113991376420017331839
-0.3804196527458770793472808691149111837149
-0.3877660931257687071394002487068064510822
-0.3955799052706575613669315316656138747931
-0.4038506490184148867150781825330341234803
-0.4125675985920278510121761428308673202991
-0.4217197255026016722290194138622609898448
-0.4312956806723688973903563237399794161320
-0.4412837758765955076256659594946540892124
-0.4516719646070987970176702219760045409203
-0.4624478224652284752416164792521158233285
-0.4735985271964266996036485579679720103741
-0.4851108384828486941309222402196610346437
-0.4969710776145205288756301342800725251436
-0.5091651071639734515983377605152782052755
-0.5216783107924561901924676021735649555922
-0.5344955733203080594506673151045106351376
-0.5476012611969875987227851510397158563137
-0.5609792035095729767490979611466173082590
-0.5746126736718842886730840291420463472605
-0.5884843719386975147145335540699306875467
-0.6025764088923969419298032335063908249140
-0.6168702900511954245743595492967870086432
-0.6313469017502175706368916507926769554615
-0.6459864984479841698572499808506108820438
-0.6607686916120024678278355168004054576159
-0.6756724403378845389411821997782681137323
-0.6906760438565097137697534890321549028158
-0.7057571360837348040107031010848004370928
-0.7208926823661273575183372486208099871874
-0.7360589785752530422868744608422275632620
-0.7512316527009328392949782937648706138134
-0.7663856690917089098391556944989133626223
-0.7814953354875788793520996478036977350712
-0.7965343129864757010238918155664578080177
-0.8114756290816742545501938366214744746685
-0.8262916939020733542164975915511604398489
-0.8409543197818529769449469313258305191994
-0.8554347442792722411297745566116645932198
-0.8697036567571651000108090556750539690256
-0.8837312286298137919970940856728702783585
-0.8974871473716738989878649590536952018738
-0.9109406543742746276137722816201858222485
-0.9240605867265737627391786190855782479048
-0.9368154229832243995446106055169366300106
-0.9491733329727171097900395579927135258913
-0.9611022316845363455684037035098299384117
-0.9725698372605762198617185276816599071026
-0.9835437331014479367397029818675946444273
-0.9939914340828172045760879882436711341143
-1.0038804568606405354103117133490741252899
-1.0131783942271326282025256659835577011108
-1.0218529934615896426208792036049999296665
-1.0298722386015088936517258844105526804924
-1.0372044365405030941218456064234487712383
-1.0438183068394941699352784780785441398621
-1.0496830751174361928690359491156414151192
-1.0547685698668336495842368094599805772305
-1.0590453225179343732520464982371777296066
-1.0624846705537815960695979811134748160839
-1.0650588634561894973984408352407626807690
-1.0667411712402894430340438702842220664024
-1.0675059953130714429647696306346915662289
-1.0673289813684851967678923756466247141361
-1.0661871340094639659668018794036470353603
-1.0640589327646994277642988890875130891800
-1.0609244491459817183454106270801275968552
-1.0567654643701616112849706041743047535419
-1.0515655873486182692033708008239045739174
-1.0453103725263268586331832921132445335388
-1.0379874371329380622341886919457465410233
-1.0295865773890766625697779090842232108116
-1.0200998831931651356086376836174167692661
-1.0095218507971346344476160084013827145100
-0.9978494929638038746233519304951187223196
-0.9850824460845306607126303788390941917896
-0.9712230737230663768499994148442056030035
-0.9562765660406362666634549896116368472576
-0.9402510345482615328194242465542629361153
-0.9231576016249593008566876051190774887800
-0.9050104842356523349167218839284032583237
-0.8858270712798451684832912178535480052233
-0.8656279940013448248592453637684229761362
-0.8444371888917205914992791804252192378044
-0.8222819525247533345435613227891735732555
-0.7991929877659614822604794426297303289175
-0.7752044408121662177890698330884333699942
-0.7503539285283018500649632187560200691223
-0.7246825555649855088446997797291260212660
-0.6982349207590392570210724443313665688038
-0.6710591123414333392105390885262750089169
-0.6432066915017451425029548772727139294147
-0.6147326638868098047652210880187340080738
-0.5856954386422550395963071423466317355633
-0.5561567746401838707726028587785549461842
-0.5261817135739405015826264389033894985914
-0.4958384996406595690565666245674947276711
-0.4651984855772050564404196393297752365470
-0.4343360248600561801524122529372107237577
-0.4033283499299809560234564287384273484349
-0.3722554363539166133456603802187601104379
-0.3411998528906313166153552174364449456334
-0.3102465974843614526790247509779874235392
-0.2794829192687495189595381361868930980563
-0.2489981267253243701897957862456678412855
-0.2188833822031727716073135070473654195666
-0.1892314830708464457043049833373515866697
-0.1601366298379041930299848672802909277380
-0.1316941816493631955964360713551286607981
-0.1040003996246618989118815079564228653908
-0.0771521785804971521605111206554283853620
-0.0512467677447973751769794148458458948880
-0.0263814811374469930516095672601295518689
-0.0026533983603865929183640570698798910598
0.0198409433935116952252286637303768657148
0.0410058652382564864380398717003117781132
0.0607468694610245815712623596027697203681
0.0789709683572815401841893390155746601522
0.0955870179755751725458878809149609878659
0.1105060556566973412051524405796953942627
0.1236416401981789564556990512755874078721
0.1349101934259671065063912465120665729046
0.1442313419085333170421847626130329445004
0.1515282575075070359282847221038537099957
0.1567279954219460424980070456513203680515
0.1597618283513800585549091692882939241827
0.1605655753755923509373815250000916421413
0.1590799241292598642516509244160261005163
0.1552507448329980832557595249454607255757
0.1490293947349453640427441314386669546366
0.1403730115135631839606844550871755927801
0.1292447941970230052000090381625341251493
0.1156142701661922039813035212318936828524
0.0994575468259768086243255424960807431489
0.0807575465551230581295882871017965953797
0.0595042235786868434210816758422879502177
0.0356947614461537165997384590809815563262
0.0093337498468081675495611193582590203732
-0.0195666604512535584337040717173294979148
-0.0509866256891800193051800249577354406938
-0.0848985013139696709227877136072493158281
-0.1212667592876747191255049074243288487196
-0.1600479314296702482156575797489495016634
-0.2011905796211092001257725314644630998373
-0.2446352936049347448488333611749112606049
-0.2903147170091984197171086634625680744648
-0.3381536021155270854698926541459513828158
-0.3880688937760286560951783485506894066930
-0.4399698427667947941976933634578017517924
-0.4937581487393154500153968911035917699337
-0.5493281328038007726988212198193650692701
-0.6065669396486479403307612301432527601719
-0.6653547689660218589224882634880486875772
-0.7255651358157861885445072402944788336754
-0.7870651594275307472159397548239212483168
-0.8497158797966944954183077243214938789606
-0.9133726012987846143431625023367814719677
-0.9778852624061389331444615891086868941784
-1.0430988304565316227012772287707775831223
-1.1088537202922967850327040650881826877594
-1.1749862354586204649109504316584207117558
-1.2413290305232471677499006545986048877239
-1.3077115929636593527618515508947893977165
-1.3739607429487386003330584571813233196735
-1.4399011492379232279859024856705218553543
-1.5053558593188898218073745738365687429905
-1.5701468418122730419383970001945272088051
-1.6340955390885272269230199526646174490452
-1.6970234279677334221503315347945317625999
-1.7587525863096078460046101099578663706779
-1.8191062632449694902447845379356294870377
-1.8779094507598630414690887846518307924271
-1.9349894543111878508767631501541472971439
-1.9901764601324662962156253342982381582260
-2.0433040968830882277984528627712279558182
-2.0942099892976382413678493321640416979790
-2.1427363015108342736425584007520228624344
-2.1887302677628852620728139299899339675903
-2.2320447082337668831542032421566545963287
-2.2725385278079461848221853870199993252754
-2.3100771956408063800836316659115254878998
-2.3445332034737145221470200340263545513153
-2.3757865007390650546881261107046157121658
-2.4037249045925945800661338580539450049400
-2.4282444831269236473758610372897237539291
-2.4492499101387874560487034614197909832001
-2.4666547899517392572477092471672222018242
-2.4803819509383067121177646185969933867455
-2.4903637065271335693239507236285135149956
-2.4965420826359583372777706244960427284241
-2.4988690106273154789562340738484635949135
-2.4973064850467618924767521093599498271942
-2.4918266855692348116235734778456389904022
-2.4824120627466657040827158198226243257523
-2.4690553873208220814206015347735956311226
-2.4517597630325207447299362684134393930435
-2.4305386030310462963655027124332264065742
-2.4054155701515980148030848795315250754356
-2.3764244814951154260995735967298969626427
-2.3436091779041690053020374762127175927162
-2.3070233590857203154200760764069855213165
-2.2667303852802898056495450873626396059990
-2.2228030465228072465322384232422336935997
-2.1753233006740275712331822433043271303177
-2.1243819815333000455837009212700650095940
-2.0700784784605636978938036918407306075096
-2.0125203890470184653338492353213950991631
-1.9518231464752773263171548023819923400879
-1.8881096233003114015502887923503294587135
-1.8215097134621638375051588809583336114883
-1.7521598944134169073549855966120958328247
-1.6802027712999274555727424740325659513474
-1.6057866051852993649617928895168006420135
-1.5290648273438487425579523915075697004795
-1.4501955416744964910691351178684271872044
-1.3693410173039877175682477172813378274441
-1.2866671734522490133656447142129763960838
-1.2023430586296044442207175961812026798725
-1.1165403262179298682355010896571911871433
-1.0294327084693881690924399663344956934452
-0.9411954909149616854691089429252315312624
-0.8520049891438032929613655142020434141159
-0.7620380298554517706222100059676449745893
-0.6714714380368315138625234794744756072760
-0.5804815320482464846563175342453178018332
-0.4892436283347659786713279572722967714071
-0.3979315574028905455605809038388542830944
-0.3067171926187020614129608020448358729482
-0.2157699933043549234135127790068509057164
-0.1252565635128149168497913024111767299473
-0.0353402277725178640133130159028951311484
0.0538193750030806425388441027735098032281
0.1420666783470999616767471707134973257780
0.2292505548139395221696190674265380948782
0.3152246614048309636402223077311646193266
0.3998477630513078695528861317143309861422
0.4829840334678547897340195049764588475227
0.5645033327879801499094014616275671869516
0.6442814614999147204699170288222376257181
0.7222003902984889256444489546993281692266
0.7981484655744164324886469330522231757641
0.8720205903553464032995634624967351555824
0.9437183806148824460890978116367477923632
1.0131502969588759288654955525998957455158
1.0802317517909454380742317880503833293915
1.1448851921494627159603396648890338838100
1.2070401584955103846397150846314616501331
1.2666333198151114025620245229220017790794
1.3236084854794178955472716552321799099445
1.3779165943837456964615739707369357347488
1.4295156819597658603981926717096939682961
1.4783708257241152672634143527830019593239
1.5244540700920934384043903264682739973068
1.5677443312462711055843556096078827977180
1.6082272829047850049022372331819497048855
1.6458952238886839225529001851100474596024
1.6807469284323175440221120879868976771832
1.7127874802237963436368772818241268396378
1.7420280912013521579240205028327181935310
1.7684859061615521014232399465981870889664
1.7921837942649638808489953589742071926594
1.8131501285457281014146246889140456914902
1.8314185545492280837720500130672007799149
1.8470277492342674907632726899464614689350
1.8600211712829479715480829327134415507317
1.8704468039635273601817289090831764042377
1.8783568916885318156317907778429798781872
1.8838076714023244129236900334944948554039
1.8868590999201131364060302075813524425030
1.8875745783228330409997397509869188070297
1.8860206744899736808207535432302393019199
1.8822668448281871800276121575734578073025
1.8763851562211160128867959429044276475906
1.8684500091940490218433978952816687524319
1.8585378632484303995653363017481751739979
1.8467269652807101198987993484479375183582
1.8330970819567735663468965867650695145130
1.8177292368661770449733694476890377700329
1.8007054532318895745390818774467334151268
1.7821085029007261990585675448528490960598
1.7620216622863702493617665822966955602169
1.7405284758838417413784327436587773263454
1.7177125279188276696373804952600039541721
1.6936572226395076867788702656980603933334
1.6684455737032399813557503875927068293095
1.6421600030533991532166737670195288956165
1.6148821496270775455172952206339687108994
1.5866926881783676162029905754025094211102
1.5576711584477056504738357034511864185333
1.5278958048555930648859657594584859907627
1.4974434268458580721272710434277541935444
1.4663892399550386702600235366844572126865
1.4348067476349093407606005712295882403851
1.4027676238106159267715611349558457732201
1.3703416061112503321339772810460999608040
1.3375963996700517277815833949716761708260
1.3045975913505227783417694809031672775745
1.2714085742202454465399341643205843865871
