-2.4999854305389876962806283700047060847282
-2.4910466891398659328160647419281303882599
-2.4819248315679360850083412515232339501381
-2.4726526012747012117642952944152057170868
-2.4632628544310701812491970486007630825043
-2.4537884780950767193985484482254832983017
-2.4442623074956286721715059684356674551964
-2.4347170425575770380532958370167762041092
-2.4251851640148158750776019587647169828415
-2.4156988492561342063424945081351324915886
-2.4062898881339980228233343950705602765083
-2.3969895989409488734622755146119743585587
-2.3878287449511161888437982270261272788048
-2.3788374514643093604604473512154072523117
-2.3700451239123698776722903858171775937080
-2.3614803670119943745930868317373096942902
-2.3531709053261393727041195234050974249840
-2.3451435054422771209203801845433190464973
-2.3374238999347110024018547846935689449310
-2.3300367134818302794485589402029290795326
-2.3230053911446901793169672600924968719482
-2.3163521292585089739191062108147889375687
-2.3100978089531047920957007590914145112038
-2.3042619326589832695617587887682020664215
-2.2988625636551160980047825432848185300827
-2.2939162690306655889571629813872277736664
-2.2894380660041471209353858284885063767433
-2.2854413720932895692783404228975996375084
-2.2819379589371404648545649251900613307953
-2.2789379102587248304701006418326869606972
-2.2764495839000122856532470905221998691559
-2.2744795781906366194391466706292703747749
-2.2730327026706294013536080456105992197990
-2.2721119533966382952883122925413772463799
-2.2717184928565545831702365831006318330765
-2.2718516345918247090196473436662927269936
-2.2725088326561624363364444434409961104393
-2.2736856759209316258818489586701616644859
-2.2753758873530376405369679559953510761261
-2.2775713281527463216491469211177900433540
-2.2802620070690990949913157237460836768150
-2.2834360944838945073342983960174024105072
-2.2870799417897900163154645269969478249550
-2.2911781055162845355255285539897158741951
-2.2957133766176993638907788408687338232994
-2.3006668145505186906518702016910538077354
-2.3060177864241904188702392275445163249969
-2.3117440107698734585994770895922556519508
-2.3178216062382910322980933415237814188004
-2.3242251448447701633881479210685938596725
-2.3309277097994742788955591095145791769028
-2.3379009578132019520069206919288262724876
-2.3451151856569496523263751441845670342445
-2.3525394009892055535715371661353856325150
-2.3601413970755924509603573824279010295868
-2.3678878315642837293353295535780489444733
-2.3757443087630116806963087583426386117935
-2.3836754655981193806724149908404797315598
-2.3916450607648354065304374671541154384613
-2.3996160671275985620809478859882801771164
-2.4075507669935301002794858504785224795341
-2.4154108500221029842691677913535386323929
-2.4231575137511014439439804846188053488731
-2.4307515662419878488265112537192180752754
-2.4381535308708981446557118033524602651596
-2.4453237527822264674171037768246605992317
-2.4522225069299334876404827809892594814301
-2.4588101073454255995898165565449744462967
-2.4650470175417789064908902219031006097794
-2.4708939614884362079294533032225444912910
-2.4763120352664880208237718761665746569633
-2.4812628188206509172175628918921574950218
-2.4857084878354687162982372683472931385040
-2.4896119250729524807752568449359387159348
-2.4929368314099891179580481548327952623367
-2.4956478358772837822243673144839704036713
-2.4977106046663788418982221628539264202118
-2.4990919487344473992607163381762802600861
-2.4997599298593176087024403386749327182770
-2.4996839647203259460184199269860982894897
-2.4988349269596032975471189274685457348824
-2.4971852467141517628590463573345914483070
-2.4947090077033711175147345784353092312813
-2.4913820412334795051378932839725166559219
-2.4871820172660052961077781219501048326492
-2.4820885320276335761491282028146088123322
-2.4760831921543267064578230929328128695488
-2.4691496949530131743699712387751787900925
-2.4612739047540559411686444946099072694778
-2.4524439250417064961595770000712946057320
-2.4426501661869242099101029452867805957794
-2.4318854086731849228897317516384646296501
-2.4201448614683909177358600572915747761726
-2.4074262155873311641585132747422903776169
-2.3937296925702766792198872281005606055260
-2.3790580877102822654478586628101766109467
-2.3634168079309687549027785280486568808556
-2.3468139043242994823401659232331439852715
-2.3292600988638691994481177971465513110161
-2.3107688056753961092226745677180588245392
-2.2913561463540976781416702579008415341377
-2.2710409595566161122803805483272299170494
-2.2498448044849839178027650632429867982864
-2.2277919586520744665847360010957345366478
-2.2049094093096366364648019953165203332901
-2.1812268391214741924954978458117693662643
-2.1567766055253398960189770150464028120041
-2.1315937140865348631280085101025179028511
-2.1057157858638975156395645171869546175003
-2.0791830185467512492891728470567613840103
-2.0520381416523130191364998609060421586037
-2.0243263657350105688692565308883786201477
-1.9960953256150510970456934956018812954426
-1.9673950177380630233159308772883377969265
-1.9382777317887640577964702970348298549652
-1.9087979765301990031645118506276048719883
-1.8790124000657144609505166954477317631245
-1.8489797046321059248441542877117171883583
-1.8187605559742840988235457189148291945457
-1.7884174876155194411353477335069328546524
-1.7580147998436854717141386572620831429958
-1.7276184539718359989279861110844649374485
-1.6972959617414145050418028404237702488899
-1.6671162701706747633068061986705288290977
-1.6371496420986897391003367374651134014130
-1.6074675323650839953160129880416207015514
-1.5781424602544644741897172934841364622116
-1.5492478780400420479423928554751910269260
-1.5208580359914223301132096821675077080727
-1.4930478442512968850763854788965545594692
-1.4658927314611036596403437215485610067844
-1.4394685008365402101304653115221299231052
-1.4138511834563556313071330805541947484016
-1.3891168895823673423706168250646442174911
-1.3653416577519807972862508904654532670975
-1.3426013022948972697179215174401178956032
-1.3209712594585016898207641133922152221203
-1.3005264322896854523037291073706001043320
-1.2813410348379332681645337288500741124153
-1.2634884357326312542824098272831179201603
-1.2470410016086845850225017784396186470985
-1.2320699404991350967009111627703532576561
-1.2186451457610070203685381784453056752682
-1.2068350408278838425957246727193705737591
-1.1967064244540372985881049316958524286747
-1.1883243180352591750192914332728832960129
-1.1817518139991660675036655447911471128464
-1.1770499263895950470271145604783669114113
-1.1742774438813226023370361872366629540920
-1.1734907850251636851623970869695767760277
-1.1747438567057459923859141781576909124851
-1.1780879156853845124430790747283026576042
-1.1835714336811076208277881960384547710419
-1.1912399662445787296150001566275022923946
-1.2011360258089376351620103378081694245338
-1.2132989589374780781128038142924197018147
-1.2277648285738524958077277915435843169689
-1.2445663009257099673732227529399096965790
-1.2637325377231380940656890743412077426910
-1.2852890941305858962806496492703445255756
-1.3092578219695096830577085711411200463772
-1.3356567792880633671614987179054878652096
-1.3645001460340981935814852477051317691803
-1.3957981461502695363918746807030402123928
-1.4295569762255646573123613052302971482277
-1.4657787412755594047553131531458348035812
-1.5044613971518236983371252790675498545170
-1.5455987005348033047624767277739010751247
-1.5891801660788893446607517034863121807575
-1.6351910311513737639188548200763761997223
-1.6836122281974257308689857381978072226048
-1.7344203650082024026346516620833426713943
-1.7875877125210153373302546242484822869301
-1.8430822011114591507663362790481187403202
-1.9008674243634890999032904801424592733383
-1.9609026514905689708712088759057223796844
-2.0231428473670534096129358658799901604652
-2.0875387011800983216858185187447816133499
-2.1540366628291063300082441855920478701591
-2.2225789879797392956106705241836607456207
-2.2931037908276574732724384375615045428276
-2.3655451051255891314895052346400916576385
-2.4398329532821070309012156940298154950142
-2.5158934233301231131463282508775591850281
-2.5936487539096275689587400847813114523888
-2.6730174267046868941122284013545140624046
-2.7539142670404208601553364132996648550034
-2.8362505512633644499942420225124806165695
-2.9199341219509649114627336530247703194618
-3.0048695101784179684045739122666418552399
-3.0909580646219536603780397854279726743698
-3.1780980874476698616604153357911854982376
-3.2661849766267363470717555173905566334724
-3.3551113748899252797741610265802592039108
-3.4447673242572078855516792827984318137169
-3.5350404265012840276938277384033426642418
-3.6258160093079201402588296332396566867828
-3.7169772972935906096836333745159208774567
-3.8084055880633043145166993781458586454391
-3.8999804330603642377184314682381227612495
-3.9915798221510847554327483521774411201477
-4.0830803728389826190436906472314149141312
-4.1743575222740894048456539167091250419617
-4.2652857231905985102571321476716548204422
-4.3557386422843231699175703397486358880997
-4.4455893613502430739004012139048427343369
-4.5347105803561396086820423079188913106918
-4.6229748223573361443072826659772545099258
-4.7102546400944325100113019288983196020126
-4.7964228230554804000007607100997120141983
-4.8813526056279785692026962351519614458084
-4.9649178753507507977360546647105365991592
-5.0469933809910338950999175722245126962662
-5.1274549401133917569950426695868372917175
-5.2061796459318792074100201716646552085876
-5.2830460727963064471168763702735304832458
-5.3579344797519299348209642630536109209061
-5.4307270125193385368334020313341170549393
-5.5013079030543936553954154078382998704910
-5.5695636660524066030575340846553444862366
-5.6353832926154110438687894202303141355515
-5.6986584406142188896637890138663351535797
-5.7592836208708186873650447523687034845352
-5.8171563797366783177267279825173318386078
-5.8721774769638628299617266748100519180298
-5.9242510588543044747211752110160887241364
-5.9732848265809561638661762117408215999603
-6.0191901990908478481401289172936230897903
-6.0618824706833329685196076752617955207825
-6.1012809620742816107963335525710135698318
-6.1373091660736740493575780419632792472839
-6.1698948870904475327847649168688803911209
-6.1989703730927363523051099036820232868195
-6.2244724418450916303413578134495764970779
-6.2463425996839783138625534775201231241226
-6.2645271533556385890051387832500040531158
-6.2789773143893752305189082107972353696823
-6.2896492959366456787506649561692029237747
-6.2965044026286056677577107620891183614731
-6.2995091117285282322768580343108624219894
-6.2986351472794206429739460872951894998550
-6.2938595457545805089694113121367990970612
-6.2851647141439341837099163967650383710861
-6.2725384792691558644150973123032599687576
-6.2559741298184396995907263772096484899521
-6.2354704493629267147980499430559575557709
-6.2110317413941071862382159451954066753387
-6.1826678463316930844939633971080183982849
-6.1503941496520395659786117903422564268112
-6.1142315825115760574703926977235823869705
-6.0742066131192871125676902011036872863770
-6.0303512307302318262713924923446029424667
-5.9827029208339252974724331579636782407761
-5.9313046323011375804412637080531567335129
-5.8762047365344987071011928492225706577301
-5.8174569781201102003365122072864323854446
-5.7551204180446173808149978867731988430023
-5.6892593681530341243046677845995873212814
-5.6199433187654825871959474170580506324768
-5.5472468574688651443693743203766644001007
-5.4712495807985730422728920530062168836594
-5.3920359986403365581963953445665538311005
-5.3096954302743801790143152175005525350571
-5.2243218938623794400655242498032748699188
-5.1360139882917845710608162335120141506195
-5.0448747682802768110832403181120753288269
-4.9510116120723770549716391542460769414902
-4.8545360827496670808045564626809209585190
-4.7555637827105821102691152191255241632462
-4.6542142013093412700186490837950259447098
-4.5506105569880883621181055787019431591034
-4.4448796322663532976093847537413239479065
-4.3371516033263999290170431777369230985641
-4.2275598635390885249307757476344704627991
-4.1162408414112743315627085394226014614105
-4.0033338130831968015854727127589285373688
-3.8889807091024484186903009685920551419258
-3.7733259169260318088845451711677014827728
-3.6565160778585781287119971239008009433746
-3.5386998796667032962659504846669733524323
-3.4200278445863130372117666411213576793671
-3.3006521130582484602200565859675407409668
-3.1807262237359816836601567047182470560074
-3.0604048895700337595826567849144339561462
-2.9398437701308552938428420020500198006630
-2.8191992413327096045350117492489516735077
-2.6986281613343545693339819990796968340874
-2.5782876345159824182928787195123732089996
-2.4583347725334099287408662348752841353416
-2.3389264532547544561680297192651778459549
-2.2202190782110990951991880137939006090164
-2.1023683279205305218795274413423612713814
-1.9855289166687937196797975047957152128220
-1.8698543459560068580316283259890042245388
-1.7554966575292305641653456405038014054298
-1.6426061861933383134726227581268176436424
-1.5313313128553689423938521940726786851883
-1.4218182179927101316252446849830448627472
-1.3142106363019092629684791972977109253407
-1.2086496122267795794158473654533736407757
-1.1052732576174906231614158969023264944553
-1.0042165110815466366744885817752219736576
-0.9056109004702797005137426822329871356487
-0.8095843076748646671703113497642334550619
-0.7162607372201225119923151396506000310183
-0.6257600885150210734408915413951035588980
-0.5381979325590866558570724009769037365913
-0.4536852932470442079093686515989247709513
-0.3723284338766550405352973029948770999908
-0.2942286493324040019814447077806107699871
-0.2194820645814557769082142613115138374269
-0.1481794394995016306282309415109921246767
-0.0804059809401977826359697587577102240175
-0.0162411622169342864663299508265481563285
0.0442414491754584207616751712066616164520
0.1009743555369654044451266372561804018915
0.1538962841242991486101487907944829203188
0.2029523324773267745069205147956381551921
0.2480941044417471208483050304494099691510
0.2892798353449186343766541540389880537987
0.3264745069857962755932589971052948385477
0.3596499510041505365265379623451735824347
0.3887849411078033168287504395266296342015
0.4138652730644019062111738094245083630085
0.4348838325468167287368714823969639837742
0.4518406503351626302134036450297571718693
0.4647429442282511868889116612990619614720
0.4736051481896577097785439036670140922070
0.4784489273642884565873600877239368855953
0.4793031794851577154226163202110910788178
0.4762040222143288925593651583767496049404
0.4691947661247017897778732731239870190620
0.4583258731287512821594987144635524600744
0.4436549004810605434379056077887071296573
0.4252464298143754373171532279229722917080
0.4031719816156394409212282425869489088655
0.3775099146793297610891215754236327484250
0.3483453107202846288359410209523048251867
0.3157698442900166990732202521030558273196
0.2798816378129099224914000387798296287656
0.2407851021137724367715549078639014624059
0.1985907623231332463920040254379273392260
0.1534150697019397435738596868759486824274
0.1053801991870671611595255967586126644164
0.0546138333145983895233754878972831647843
0.0012489326724485327445995919148913344543
-0.0545765067889463287298390525847935350612
-0.1127197090882605251538350898954377043992
-0.1730333858685833836599243795717484317720
-0.2353660157006022823900082130421651527286
-0.2995621347548096391477656652568839490414
-0.3654626381251938616046004426607396453619
-0.4329050911297941395261545949324499815702
-0.5017240502416110414785066495824139565229
-0.5717513926848657446200263620994519442320
-0.6428166540906399273325178000959567725658
-0.7147473735047359388872223462385591119528
-0.7873694450989979776167615455051418393850
-0.8605074753674719634233269971446134150028
-0.9339851455530464585663708021456841379404
-1.0076255779490470576575944505748338997364
-1.0812517056940371684703450227971188724041
-1.1546866445194086114867104697623290121555
-1.2277540664035189177383244896191172301769
-1.3002785732887836012139359809225425124168
-1.3720860707445570181306493395823054015636
-1.4430041400753146341173760447418317198753
-1.5128624081244836929727171082049608230591
-1.5814929139829210225087763319606892764568
-1.6487304713147212797963447883375920355320
-1.7144130257222036650688323788926936686039
-1.7783820058449264500666231469949707388878
-1.8404826676802321649972782324766740202904
-1.9005644307409597093538877743412740528584
-1.9584812055956506426923624530900269746780
-2.0140917115895491384947035840013995766640
-2.0672597840564446158850842039100825786591
-2.1178546701399021401357458671554923057556
-2.1657513123929503784381722653051838278770
-2.2108306194372326913821780181024223566055
-2.2529797228702013178747165511595085263252
-2.2920922197583353252525739662814885377884
-2.3280684001120239834392577904509380459785
-2.3608154585012579573799484933260828256607
-2.3902476895218516261820695945061743259430
-2.4162866663271165279525121150072664022446
-2.4388614018436554076174616056960076093674
-2.4579084922511236221964736614609137177467
-2.4733722422287542919150382658699527382851
-2.4852047717967966633523246855475008487701
-2.4933661042277690533808254258474335074425
-2.4978242350751989064860936196055263280869
-2.4985551818520255196176549361553043127060
-2.4955430145307118117159461689880117774010
-2.4887798665170861589501782873412594199181
-2.4782659263102084779006872850004583597183
-2.4640094097910782977578492136672139167786
-2.4460265132294658485534455394372344017029
-2.4243413472244581541303887206595391035080
-2.3989858518160103173499919648747891187668
-2.3699996929012114854629089677473530173302
-2.3374301404659161285337631852598860859871
-2.3013319288705194054500680067576467990875
-2.2617670996844525532765146635938435792923
-2.2188048275298286604595432436326518654823
-2.1725212294646754074278760526794940233231
-2.1229991584975600460438727168366312980652
-2.0703279818082278573854182468494400382042
-2.0146033443891964154204288206528872251511
-1.9559269187674703793788921757368370890617
-1.8944061415907258449919936538208276033401
-1.8301539378066780106024680208065547049046
-1.7632884332459317633379214385058730840683
-1.6939326564797645424675920367008075118065
-1.6222142308100035990037213196046650409698
-1.5482650572237215413906596950255334377289
-1.4722209892688744581334958638763055205345
-1.3942215008026703770838139462284743785858
-1.3144093474602762672276412558858282864094
-1.2329302228784437822639574733329936861992
-1.1499324106034167769507803313899785280228
-1.0655664326214695503125540199107490479946
-0.9799846955498408007656507834326475858688
-0.8933411353388065467839851407916285097599
-0.8057908615739437507841103069949895143509
-0.7174898022185923762705783701676409691572
-0.6285943498220583069979738866095431149006
-0.5392610100548063112313457168056629598141
-0.4496460535524715029787046205456135794520
-0.3599051718842813385457191088789841160178
-0.2701931385855528833239702635182766243815
-0.1806634760612496060083742577262455597520
-0.0914681291923215566974647572351386770606
-0.0027571464394820464904878321021897136234
0.0853216308049312005534758895919367205352
0.1726228698775431891210274670811486430466
0.2590040388394893033918719993380364030600
0.3443256881429843652142608334543183445930
0.4284517213540978142205517542606685310602
0.5112496543737490295455927480361424386501
0.5925908625854906519592191216361243277788
0.6723508154822755988888616229814942926168
0.7504092982890862018052757775876671075821
0.8266506201999286318482518254313617944717
0.9009638088575786518674703984288498759270
0.9732427907793019805637868557823821902275
1.0433865574305096757257160788867622613907
1.1112993167614209077953546511707827448845
1.1768906299958903360902695567347109317780
1.2400755335872923890150332226767204701900
1.3007746461820832717393159327912144362926
1.3589142606436610538622744570602662861347
1.4144264210689920790997575750225223600864
1.4672489848579821636320730249281041324139
1.5173256699725956586632946709869429469109
1.5646060874344351887543780321720987558365
1.6090457593116618273398898963932879269123
1.6506061223545520633138039556797593832016
1.6892545175493325348980988565017469227314
1.7249641658492538276448158285347744822502
1.7577141304549339650975525728426873683929
1.7874892659051540011461156609584577381611
1.8142801544689779458252587573952041566372
1.8380830301347217403673539593000896275043
1.8588996907412953518701215216424316167831
1.8767373986224140658407577575417235493660
1.8916087703205171077769364273990504443645
1.9035316558305828138486504030879586935043
1.9125290079227335038325463756336830556393
1.9186287420783108004229688958730548620224
1.9218635876165288678407705447170883417130
1.9222709305399274803960452118190005421638
1.9198926487366501092424186936113983392715
1.9147749400962634780398730072192847728729
1.9069681441221562057108940280159004032612
1.8965265577013925568650165587314404547215
1.8835082455704141857211197930155321955681
1.8679748461276803883635011516162194311619
1.8499913731790749160666109673911705613136
1.8296260142311984164820160003728233277798
1.8069499258989745182901742737158201634884
1.7820370270727425854317971243290230631828
1.7549637903637624880559542361879721283913
1.7258090324575841023602151835802942514420
1.6946537038931015484166664464282803237438
1.6615806788517881731337411110871471464634
1.6266745454569766504704375620349310338497
1.5900213971435985804703250323655083775520
1.5517086255515344372923891569371335208416
1.5118247154854922431610475541674531996250
1.4704590423495225159911115042632445693016
1.4277016725552320597358857412473298609257
1.3836431672950992854964624712010845541954
1.3383743901004185872238849697168916463852
1.2919863185774616010093041040818206965923
1.2445698606537889396861373825231567025185
1.1962156757203854517968011350603774189949
1.1470140009315585860605324342031963169575
1.0970544830069288710916453055688180029392
1.0464260157636315895501866179984062910080
