-2.4999821527718073532753351173596456646919
-2.4913137876586111119081579090561717748642
-2.4824188749273985443721812771400436758995
-2.4733327669574243223848952766275033354759
-2.4640909959360302039499401871580630540848
-2.4547291777818620595041920751100406050682
-2.4452829149318682233626986999297514557838
-2.4357876983434176842990837030811235308647
-2.4262788089698981153219392581377178430557
-2.4167912190250429027571499318582937121391
-2.4073594933431321507555367134045809507370
-2.3980176911489596847104621701873838901520
-2.3887992685384400459724929532967507839203
-2.3797369819805571644621977611677721142769
-2.3708627931906356423041870584711432456970
-2.3622077756008788007591192581458017230034
-2.3538020228187965798838376940693706274033
-2.3456745593232337654399088933132588863373
-2.3378532537228493559666731016477569937706
-2.3303647348623846013992988446261733770370
-2.3232343110002755537379925954155623912811
-2.3164858924574636134252614283468574285507
-2.3101419178498812101452131173573434352875
-2.3042232843030476807655304583022370934486
-2.2987492817576646864097256184322759509087
-2.2937375317023604992527907597832381725311
-2.2892039304697453516723726352211087942123
-2.2851625973802480729091257671825587749481
-2.2816258278026633199431216780794784426689
-2.2786040514385290656207416759571060538292
-2.2761057958820858360127203923184424638748
-2.2741376556165788791474824392935261130333
-2.2727042666362633482890487357508391141891
-2.2718082866772313366254820721223950386047
-2.2714503812279107641813880036352202296257
-2.2716292153905346395958986249752342700958
-2.2723414515711382044571564620127901434898
-2.2735817530848900780426902201725170016289
-2.2753427936861188030093217093963176012039
-2.2776152729828225140806807758053764700890
-2.2803879377251332627452029555570334196091
-2.2836476089274291290109886176651343703270
-2.2873792147568163812820785096846520900726
-2.2915658290954108444736903038574382662773
-2.2961887156772173845808993064565584063530
-2.3012273777247971295878414821345359086990
-2.3066596128585472591510097117861732840538
-2.3124615732375390919628443953115493059158
-2.3186078306785598002193182765040546655655
-2.3250714466338409103229878382990136742592
-2.3318240467754236533437506295740604400635
-2.3388359000377465513054175971774384379387
-2.3460760018379174240976681176107376813889
-2.3535121612831790827158329193480312824249
-2.3611110921059319522896657872479408979416
-2.3688385070575312951746127509977668523788
-2.3766592155037291611563432525144889950752
-2.3845372239748869880315851332852616906166
-2.3924358393560201108130058855749666690826
-2.4003177744102983659502115187933668494225
-2.4081452554407176691597669559996575117111
-2.4158801316473894615910467109642922878265
-2.4234839860214503204360880772583186626434
-2.4309182473541581792630950076272711157799
-2.4381443031624057127260130073409527540207
-2.4451236131224827197172544401837512850761
-2.4518178227852867046010487683815881609917
-2.4581888772260538367220306099625304341316
-2.4641991343408493619904220395255833864212
-2.4698114774840238538899939158000051975250
-2.4749894271628525288519995228853076696396
-2.4796972514873982795791107491822913289070
-2.4839000750881097268063513183733448386192
-2.4875639862280958247708895214600488543510
-2.4906561418512698224958512582816183567047
-2.4931448702722089905137181631289422512054
-2.4949997712753093637161327933426946401596
-2.4961918133736258340604763361625373363495
-2.4966934279788470796290766884339973330498
-2.4964786002707812784251473203767091035843
-2.4955229565311549677630864607635885477066
-2.4938038477537092241220761934528127312660
-2.4913004293593830063002769747981801629066
-2.4879937367367261913386755622923374176025
-2.4838667565772412082480968820163980126381
-2.4789044937485762432061164872720837593079
-2.4730940335811615327088475169148296117783
-2.4664245994622460145251352514605969190598
-2.4588876055932122888236790458904579281807
-2.4504767048101654403069460386177524924278
-2.4411878313831527620436645520385354757309
-2.4310192386908906492237747443141415715218
-2.4199715317413064141760514758061617612839
-2.4080476944314268550328961282502859830856
-2.3952531115639525971516832214547321200371
-2.3815955855313419853303003037581220269203
-2.3670853477059790037628772552125155925751
-2.3517350644697887496192834078101441264153
-2.3355598379675539533195660624187439680099
-2.3185772015168328863410351914353668689728
-2.3008071097646127789460024359868839383125
-2.2822719236085218241782968107145279645920
-2.2629963899311076325204794557066634297371
-2.2430076162191463495787502324674278497696
-2.2223350401101424900218717084499076008797
-2.2010103939866847433393104438437148928642
-2.1790676646678095451648005109746009111404
-2.1565430483214313994722033385187387466431
-2.1334749006794151426902317325584590435028
-2.1099036826884010054072859929874539375305
-2.0858719016860307604588342655915766954422
-2.0614240482756214234427716291975229978561
-2.0366065289649064595778327202424407005310
-2.0114675947551914347855017695110291242599
-1.9860572658204542761950506246648728847504
-1.9604272523958075069572259963024407625198
-1.9346308720201150777029397431761026382446
-1.9087229633519298133137453987728804349899
-1.8827597966323978972980057733366265892982
-1.8567989810164475805720485368510708212852
-1.8308993688960475409999162366148084402084
-1.8051209574195192786305597110185772180557
-1.7795247873387827208802036693668924272060
-1.7541728393831266252789191639749333262444
-1.7291279283023348600778490435914136469364
-1.7044535947709169576569365744944661855698
-1.6802139953406993733153740322450175881386
-1.6564737905563240438766570150619372725487
-1.6332980314962677326207085570786148309708
-1.6107520448087830899908112769480794668198
-1.5889013165347203315747037777327932417393
-1.5678113747554589529897839383920654654503
-1.5475476713884375179475227923830971121788
-1.5281754631785640086150124261621385812759
-1.5097596921115743473507109229103662073612
-1.4923648654449945816224953887285664677620
-1.4760549354802270372033490275498479604721
-1.4608931792667716464961813471745699644089
-1.4469420784243556266090990902739576995373
-1.4342631992408592100929354273830540478230
-1.4229170731914817515928461943985894322395
-1.4129630781011750517706104801618494093418
-1.4044593200753956452331294713076204061508
-1.3974625163664813332076164442696608603001
-1.3920278793885827450793613024870865046978
-1.3882090019802335589815811545122414827347
-1.3860577441515857799458899535238742828369
-1.3856241214191600263916370749939233064651
-1.3869561949106463671910205448511987924576
-1.3900999634853006270418518397491425275803
-1.3950992578562326773550239522592164576054
-1.4019956370840385151410600883536972105503
-1.4108282874382902516430249306722544133663
-1.4216339239080064693609983805799856781960
-1.4344466944614095993415503471624106168747
-1.4492980871714415957995925055001862347126
-1.4662168405402462578734912312938831746578
-1.4852288569691394215510626963805407285690
-1.5063571196918759120819686359027400612831
-1.5296216132340980653481210538302548229694
-1.5550392476227004046052115882048383355141
-1.5826237864650152253886972175678238272667
-1.6123857790517883703529378180974163115025
-1.6443324966397687703079100174363702535629
-1.6784678731087552261413975429604761302471
-1.7147924500291076288505109914694912731647
-1.7533033264347392954363158423802815377712
-1.7939941133108587845157444462529383599758
-1.8368548930107855277071848831837996840477
-1.8818721837439387201129648019559681415558
-1.9290289091513586061665819215704686939716
-1.9783043733300567090793720126384869217873
-2.0296742411104315984005097561748698353767
-2.0831105240429121927547839732142165303230
-2.1385815718849170430360118189128115773201
-2.1960520699390202459255760913947597146034
-2.2554830422271789913679640449117869138718
-2.3168318605885813710187903780024498701096
-2.3800522598046507383173775451723486185074
-2.4450943588329492328625747177284210920334
-2.5119046882179691948522304301150143146515
-2.5804262236957002940584970929194241762161
-2.6505984261006356739187594939721748232841
-2.7223572875298636120078299427404999732971
-2.7956353839035723574113490030867978930473
-2.8703619338218975265419885545270517468452
-2.9464628638054750631170009000925347208977
-3.0238608798265289578921510837972164154053
-3.1024755452372225761337176663801074028015
-3.1822233649679669831300543592078611254692
-3.2630178758970629360192106105387210845947
-3.3447697435104601915156763425329700112343
-3.4273868646437612994759547291323542594910
-3.5107744761783004072697167430305853486061
-3.5948352698342778133167030318873003125191
-3.6794695126048475586344466137234121561050
-3.7645751729775618343865062342956662178040
-3.8500480527174589795436077110935002565384
-3.9357819239977596126323078351560980081558
-4.0216686717925851368704570631962269544601
-4.1075984413076556123201044101733714342117
-4.1934597902679175973617020645178854465485
-4.2791398458412954752816403924953192472458
-4.3645244659715425328272431215737015008926
-4.4494984049325863040280637505929917097092
-4.5339454828014638110289524774998426437378
-4.6177487585765568667284242110326886177063
-4.7007907067674894463493728835601359605789
-4.7829533970543023357890888291876763105392
-4.8641186768203343859795495518483221530914
-4.9441683561798210888582616462372243404388
-5.0229843952374695348339628253597766160965
-5.1004490932781232359616296889726072549820
-5.1764452794277922009769099531695246696472
-5.2508565046408026688595782616175711154938
-5.3235672345512004000056549557484686374664
-5.3944630427988498055924537766259163618088
-5.4634308046426109939375237445347011089325
-5.5303588903353109174076962517574429512024
-5.5951373579306311611958335561212152242661
-5.6576581452649019610134928370825946331024
-5.7178152606876304631100538244936615228653
-5.7755049720525688528027785650920122861862
-5.8306259938293871769587894959840923547745
-5.8830796717728226497001742245629429817200
-5.9327701649939630357266651117242872714996
-5.9796046247632208547884147264994680881500
-6.0234933700718746862889929616358131170273
-6.0643500593251236097103173960931599140167
-6.1020918578466440962415617832448333501816
-6.1366396010506107927540142554789781570435
-6.1679179527334646593317302176728844642639
-6.1958555582422158991562355367932468652725
-6.2203851922621664627399695746134966611862
-6.2414439008326727531539290794171392917633
-6.2589731372961123767595381650608032941818
-6.2729188920634371129381179343909025192261
-6.2832318155970110495900371461175382137299
-6.2898673347348097451003923197276890277863
-6.2927857618072700063294178107753396034241
-6.2919523964756285394628321228083223104477
-6.2873376199763342242476937826722860336304
-6.2789169816593730644171955646015703678131
-6.2666712775561439485727532883174717426300
-6.2505866208047500265365670202299952507019
-6.2306545037807907760907255578786134719849
-6.2068718518076027024221730243880301713943
-6.1792410683369034529732743976637721061707
-6.1477700712652003645075637905392795801163
-6.1124723206216380333444249117746949195862
-6.0733668373380700344910110288765281438828
-6.0304782129421585779027736862190067768097
-5.9838366103868487755335081601515412330627
-5.9334777556851907576174198766238987445831
-5.8794429204922797893573260807897895574570
-5.8217788956720415427525949780829250812531
-5.7605379555341729158612906758207827806473
-5.6957778132832457274048465478699654340744
-5.6275615670799759016063035232946276664734
-5.5559576373480670241633561090566217899323
-5.4810396949783797282407249440439045429230
-5.4028865806141119776384584838524460792542
-5.3215822152661971244924643542617559432983
-5.2372155020879809228517842711880803108215
-5.1498802195738155873527830408420413732529
-5.0596749063182748784583964152261614799500
-4.9667027373413956681247327651362866163254
-4.8710713922656161400936980498954653739929
-4.7728929154363415321427055459935218095779
-4.6722835681530741069877876725513488054276
-4.5693636731274729356755415210500359535217
-4.4642574515373807386708904232364147901535
-4.3570928526599823626952456834260374307632
-4.2480013764141117960093652072828263044357
-4.1371178890585333931539935292676091194153
-4.0245804321232778733019586070440709590912
-3.9105300250222381208686783793382346630096
-3.7951104614077930676785399555228650569916
-3.6784680996090406424059437995310872793198
-3.5607516474156772900983014551457017660141
-3.4421119415048231360287900315597653388977
-3.3227017217148628880352134729037061333656
-3.2026754005560889027037774212658405303955
-3.0821888281618043947673868387937545776367
-2.9613990531089950941634469927521422505379
-2.8404640792735285081960228126263245940208
-2.7195426192300322654205047001596540212631
-2.5987938443931080101378938707057386636734
-2.4783771322353613797417892783414572477341
-2.3584518111371948201338000217219814658165
-2.2391769029288353110018761071842163801193
-2.1207108637837790432456586131593212485313
-2.0032113236064801320424066943814978003502
-1.8868348245653907557795037064352072775364
-1.7717365587857007991345881237066350877285
-1.6580701061277069996435784560162574052811
-1.5459871719285316338243774225702509284019
-1.4356373255190184590190938251907937228680
-1.3271677398032866168620103053399361670017
-1.2207229322511436997444889129837974905968
-1.1164445079725913156920569235808216035366
-1.0144709050546423245720006889314390718937
-0.9149371429100656705202254670439288020134
-0.8179745738215856709629747456347104161978
-0.7237106383673489462537986582901794463396
-0.6322686250646752936788175247784238308668
-0.5437674348697573156741214006615336984396
-0.4583213507152493204621634959039511159062
-0.3760398129996163629762406799272866919637
-0.2970272011347678819959128304617479443550
-0.2213826218327283879006017741630785167217
-0.1491997045701503876724558494970551691949
-0.0805664047761173729433892276574624702334
-0.0155648150773442933703094581687764730304
0.0457290146809015349282923068585660075769
0.1032452484475021164955776953320309985429
0.1569204252629105011962451499130111187696
0.2066976105941271679711235265131108462811
0.2525265370919088647738703912182245403528
0.2943637344613205253374133008037460967898
0.3321726479477081217517309141840087249875
0.3659237449362995886481542129331501200795
0.3955946094724365758033002293814206495881
0.4211700241030416069776265430846251547337
0.4426420388014397633291707734315423294902
0.4600100265477313765671851797378621995449
0.4732807253201465891301324973028386011720
0.4824682661227349678156883783231023699045
0.4875941867958464293053566507296636700630
0.4886874313562911686936729438457405194640
0.4857843346759851965721566102729411795735
0.4789285922182923149748035029915627092123
0.4681712147890105812919614436395931988955
0.4535704680820971668175900504138553515077
0.4351917969261573926331720940652303397655
0.4131077342654181361325527177541516721249
0.3873977947214805039877205672382842749357
0.3581483528455385312305736533744493499398
0.3254525061069549196623995612753788009286
0.2894099226229472909821538451069500297308
0.2501266739189242360730247582978336140513
0.2077150527462294227198924545518821105361
0.1622933762621543984927541259821737185121
0.1139857748288806010839024906999839004129
0.0629219666537109284520923324635077733546
0.0092370187681518126088242581772647099569
-0.0469289054210498060570877498776098946109
-0.1054308114787922412425302809424465522170
-0.1661191517559682806481902161976904608309
-0.2288401151066487004825944495678413659334
-0.2934359280441392603400174721173243597150
-0.3597451666164436789863145804702071473002
-0.4276030784800458617311846865050029009581
-0.4968419144037827805959750548936426639557
-0.5672912685549403866147599728719796985388
-0.6387784268093039674596411714446730911732
-0.7111287222643967176338719582417979836464
-0.7841658972364915491937154001789167523384
-0.8577124707650847224016388281597755849361
-0.9315901109212971764605981661588884890079
-1.0056200109099788786437557064346037805080
-1.0796232680475377208040299592539668083191
-1.1534212648405532952722296613501384854317
-1.2268360509729834273429105451214127242565
-1.2996907254630130079675609522382728755474
-1.3718098178681337184769972736830823123455
-1.4430196676497604180156031361548230051994
-1.5131488006371049959142283114488236606121
-1.5820283016773086792738922667922452092171
-1.6494921824134178844900588956079445779324
-1.7153777432744283792942496802425011992455
-1.7795259286420685995722124062012881040573
-1.8417816743151491643004646903136745095253
-1.9019942462412118278081152311642654240131
-1.9600175696471555664146535491454415023327
-2.0157105476304049140878760226769372820854
-2.0689373683695606587207294069230556488037
-2.1195678000424389431088911806000396609306
-2.1674774727149670461301411705790087580681
-2.2125481463051208663728175451979041099548
-2.2546679639908213665933089941972866654396
-2.2937316902566196041846069419989362359047
-2.3296409329688034794969553331611678004265
-2.3623043488243609111520981969079002737999
-2.3916378316251818425541841861559078097343
-2.4175646828328063442370421398663893342018
-2.4400157639342392457137975725345313549042
-2.4589296302054810539061691088136285543442
-2.4742526455013162944851501379162073135376
-2.4859390777568277641762506391387432813644
-2.4939511749733385137517416296759620308876
-2.4982592214519017126406197348842397332191
-2.4988415742084670867484419432003051042557
-2.4956846793958065156004977325210347771645
-2.4887830688567569303870641306275501847267
-2.4781393367215436285277974093332886695862
-2.4637640962336719852032729249913245439529
-2.4456759169649999741125157015630975365639
-2.4239012426229002983291138662025332450867
-2.3984742897612547629648815927794203162193
-2.3694369277100726378648687386885285377502
-2.3368385401580642479757443652488291263580
-2.3007358688046597450238550663925707340240
-2.2611928396376366201536711741937324404716
-2.2182803723181687693966068763984367251396
-2.1720761733922113734251979622058570384979
-2.1226645138546320623618157696910202503204
-2.0701359918756425670949283812660723924637
-2.0145872813786054322804375260602682828903
-1.9561208672343073367017041164217516779900
-1.8948447679378359609358994930516928434372
-1.8308722465839488702243897932930849492550
-1.7643215110266601275412767790840007364750
-1.6953154041406919283474508119979873299599
-1.6239810851042670858390692956163547933102
-1.5504497026713670582154236399219371378422
-1.4748560613861891877007792572840116918087
-1.3973382817370931796574495820095762610435
-1.3180374552393272491457310024998150765896
-1.2370972954328116610867027702624909579754
-1.1546637858295980549883097410202026367188
-1.0708848257801062420213611403596587479115
-0.9859098752859852821117669918749015778303
-0.8998895997421523240689111844403669238091
-0.8129755155784590403555966986459679901600
-0.7253196377978662345853422266372945159674
-0.6370741303368396835082876350497826933861
-0.5483909602099933389141028783342335373163
-0.4594215563108232092126570478285429999232
-0.3703164738050625515164426815317710861564
-0.2812250649229099952464139278163202106953
-0.1922951570127949816324530729616526514292
-0.1036727386401326694853608501034614164382
-0.0155016544806180038562626322118376265280
0.0720766902515341395529802070996083784848
0.1589236151844802824584235168003942817450
0.2449034393116013286206822385793202556670
0.3298837440583802793625523008813615888357
0.4137356243810619282896823278861120343208
0.4963339273197094336786960866447770968080
0.5775574776015364175663080459344200789928
0.6572892898405343631296204875980038195848
0.7354167669897618830887608964985702186823
0.8118318847002136129376026474346872419119
0.8864313613432542870995689554547425359488
0.9591168134407648260264522832585498690605
1.0297948963595822124972301025991328060627
1.0983774301096598247085012189927510917187
1.1647815101881922039694927661912515759468
1.2289296034425394310574120027013123035431
1.2907496289260291799649849053821526467800
1.3501750238549397042930877432809211313725
1.4071447947308914905306664877571165561676
1.4616035537914024988737082821899093687534
1.5135015409686130016808647269499488174915
1.5627946315925418385717193814343772828579
1.6094443300869185620172174822073429822922
1.6534177499787023890576165285892784595490
1.6946875805400503089970243308926001191139
1.7332320404504775179788111927337013185024
1.7690348188662279316218928215675987303257
1.8020850043405396423423781016026623547077
1.8323770020316374473878795470227487385273
1.8599104397086714257625317259225994348526
1.8846900630378899954564531071810051798820
1.9067256206848290922550859249895438551903
1.9260317397757216184572826023213565349579
1.9426277922783992124777796561829745769501
1.9565377528670524487353077347506769001484
1.9677900488788893085256859194487333297729
1.9764174029322103542938293685438111424446
1.9824566688203808517698689684038981795311
1.9859486612944932115709661957225762307644
1.9869379803249276328358519094763323664665
1.9854728304760791424143917538458481431007
1.9816048359892579622254515925305895507336
1.9753888521795506250100515899248421192169
1.9668827737562140089977447132696397602558
1.9561473406537539521110602436237968504429
1.9432459419635312869445442629512399435043
1.9282444185385716473035699891624972224236
1.9112108648351591178027319983812049031258
1.8922154305438525501159574560006149113178
1.8713301225399854299524804446264170110226
1.8486286076814422152381212072214111685753
1.8241860169425330173709198788856156170368
1.7980787513794271870182228667545132339001
1.7703842903853337364949993570917285978794
1.7411810026761331826605783135164529085159
1.7105479604359632439525285008130595088005
1.6785647570162547381755757669452577829361
1.6453113285672642529533504784922115504742
1.6108677799622048709693444834556430578232
1.5753142153367167832556106077390722930431
1.5387305735539933415623181645059958100319
1.5011964688907133425033180174068547785282
1.4627910371743642059527701348997652530670
1.4235927876411182957383516622940078377724
1.3836794607028906067824891579221002757549
1.3431278918134401667572319638566114008427
