1.8926705205422325040132136564352549612522
1.8054868516361464170216777347377501428127
1.7192076594671867884045468599651940166950
1.6339154853207806805670543326414190232754
1.5496940678354662601634572638431563973427
1.4666278865621251714657091724802739918232
1.3848016740606894359189027454704046249390
1.3042999315742582755461853594169951975346
1.2252064903275181606545629620086401700974
1.1476041681657107584868526828358881175518
1.0715745796895943531268358128727413713932
0.9971981671676439784590684212162159383297
0.9245545278020168566968095547053962945938
0.8537231177563673334418581362115219235420
0.7847844098562483106107379171589855104685
0.7178215640410943176874525306629948318005
0.6529226303932709196686801078612916171551
0.5901832385169004657754499021393712610006
0.5297096321979353206188534386456012725830
0.4716217897576479023413753566273953765631
0.4160562419129925082472709618741646409035
0.3631680833709476363679868882172740995884
0.3131316018995770611432760688330745324492
0.2661389505630608609543230613780906423926
0.2223963902014098881210202307556755840778
0.1821178391660369932925078728658263571560
0.1455157718396477284361623105723992921412
0.1127898670403737618750383830956707242876
0.0841141607741995450675531742490420583636
0.0596237342638184578125226664724323200062
0.0394021041544917391408198170665855286643
0.0234704396418132649193566408030164893717
0.0117795126425292995264726414461620151997
0.0042049373707205269304343353553576889681
0.0005458541565156816224857472263920499245
0.0005268536765163167948089473213713063160
0.0038027026592949166559909368601211099303
0.0099653647223702183227667106280023290310
0.0185529001523042635923843590717297047377
0.0290600146803864575750786514163337415084
0.0409502136718996115338775609870936023071
0.0536696057594537381807420217683102237061
0.0666623209985271747424206978394067846239
0.0793872527532543947881293888713116757572
0.0913354562420587018367612586189352441579
0.1020471509062732956563124275817244779319
0.1111270117534407797510453974609845317900
0.1182564109922607520353210475150262936950
0.1232015409479965545314072983273945283145
0.1258168856981969618846761704844539053738
0.1260442028026079464009256980716600082815
0.1239078630177256057365298147487919777632
0.1195078982827531416388566753994382452220
0.1130122901284019154566351517132716253400
0.1046498361118797792990164907678263261914
0.0947044061603620895839483750933140981942
0.0835106793406872327523160493001341819763
0.0714507257585468152916163830923323985189
0.0589502628191020880410455617948173312470
0.0464732151885676736391417307459050789475
0.0345134022312831648116038252283033216372
0.0235827216831225247584136184286762727425
0.0141959633132089594470537363690709753428
0.0068531881511975133516867408900452574017
0.0020212604558685186989519522171576682013
0.0001164749732957659462224617175074570241
0.0014902084118274495569411719486652145861
0.0064191540072530365451664025044919981156
0.0151010592524331681285598705244410666637
0.0276561165231494140992474228823994053528
0.0441334062115975381268562216519057983533
0.0645211949381818417048606306707370094955
0.0887595359088708957262525700571131892502
0.1167535367577014621121023196792521048337
0.1483858294643541630986049995044595561922
0.1835271322163426199747249256688519380987
0.2220442468617672693298459307698067277670
0.2638052977895778972161622277781134471297
0.3086824139864091653961963857000228017569
0.3565523367631998619131650229974184185266
0.4072955821514194774124462128384038805962
0.4607948068716139489175986909685889258981
0.5169329472133018521518010857107583433390
0.5755915582080040060475312202470377087593
0.6366496142181045092556246345338877290487
0.6999828736494643210974686553527135401964
0.7654637821884520132442730755428783595562
0.8329618018983979688130148133495822548866
0.9023440093993477795208946190541610121727
0.9734757994087805954563918930944055318832
1.0462215510599575107875125468126498162746
1.1204451525898904140632339476724155247211
1.1960103260192020968588622054085135459900
1.2727807390879499749303249700460582971573
1.3506199320943281794171753062983043491840
1.4293911186527525902789648171165026724339
1.5089569404691816068009302398422732949257
1.5891792660118944091607318114256486296654
1.6699191220157403314772182056913152337074
1.7510368353629746085431406754651106894016
1.8323924426907396423302998300641775131226
1.9138463976759769735735972062684595584869
1.9952605741137390271688900611479766666889
2.0764995295579917744532849610550329089165
2.1574319630891318766430231335107237100601
2.2379322750386836382574529125122353434563
2.3178821193743228690209434716962277889252
2.3971718329683584514100402884650975465775
2.4757016313031807719369226106209680438042
2.5533824766126160810131295875180512666702
2.6301365505487823703845151612767949700356
2.7058972960930725015771258767927065491676
2.7806090291013099147221510065719485282898
2.8542261547790910292121679958654567599297
2.9267120547692342391599140682956203818321
2.9980377337287893446671205310849472880363
3.0681803281808752714709953579585999250412
3.1371215843838644588004171964712440967560
3.2048464063776469501476640289183706045151
3.2713415615278766956919298536377027630806
3.3365946109222925919368663016939535737038
3.4005931083538172288172063417732715606689
3.4633240868587007454948434315156191587448
3.5247738282509626372984712361358106136322
3.5849278906898791596802311687497422099113
3.6437713534113136404357646824792027473450
3.7012892270670643135588306904537603259087
3.7574669728243934585520946711767464876175
3.8122910731904271486314428329933434724808
3.8657496015893917373773547296877950429916
3.9178327452401671138204619637690484523773
3.9685332456063560080394836404593661427498
4.0178467315937389514601818518713116645813
4.0657719317764158262207274674437940120697
4.1123107623156567314026688109152019023895
4.1574682962774618388834824145305901765823
4.2012526273822512479227953008376061916351
4.2436746464460552985542562964837998151779
4.2847477520278740570347508764825761318207
4.3244875180652835311434500908944755792618
4.3629113408209958535621808550786226987839
4.4000380856531196016590001818258315324783
4.4358877511883427757766185095533728599548
4.4704811649260349781798140611499547958374
4.5038397203538433899439041852019727230072
4.5359851617397497491879221342969685792923
4.5669394190141039402419664838816970586777
4.5967244918939140774227780639193952083588
4.6253623796525316080874290491919964551926
4.6528750508570135835384462552610784769058
4.6792844459313194249716616468504071235657
4.7046125046054729779143599444068968296051
4.7288812100522044090666895499452948570251
4.7521126417407986153307319909799844026566
4.7743290296753944090824006707407534122467
4.7955528035800467634430788166355341672897
4.8158066316958096919620402331929653882980
4.8351134450666712893962539965286850929260
4.8534964444028352303917017707135528326035
4.8709790878172780637100913736503571271896
4.8875850588350973069395877246279269456863
4.9033382150743989313923520967364311218262
4.9182625188632531632038080715574324131012
4.9323819517744906804068705241661518812180
4.9457204156332696953768390812911093235016
4.9583016229988157164143558475188910961151
4.9701489803988092575082191615365445613861
4.9812854678031337485322183056268841028214
4.9917335178593829070337051234673708677292
5.0015148983951096539612990454770624637604
5.0106506015516210084115300560370087623596
5.0191607426975215489051151962485164403915
5.0270644719776331754701459431089460849762
5.0343799009920573439558211248368024826050
5.0411240466633779888638855481985956430435
5.0473127938804918102277952129952609539032
5.0529608779639660909310805436689406633377
5.0580818874440458543517706857528537511826
5.0626882870428024929765342676546424627304
5.0667914601544561392643117869738489389420
5.0704017695180638725105382036417722702026
5.0735286341963634626495149859692901372910
5.0761806204399455566544929752126336097717
5.0783655435238834741085156565532088279724
5.0800905772408597727007872890681028366089
5.0813623674101906502187375735957175493240
5.0821871455514679993825666315387934446335
5.0825708387744086280690680723637342453003
5.0825191719709543747285351855680346488953
5.0820377585623699445704914978705346584320
5.0811321763538064288923123967833817005157
5.0798080254817481460349881672300398349762
5.0780709659949545553558891697321087121964
5.0759267332663595695407821040134876966476
5.0733811301860649578543416282627731561661
5.0704399958949482041248302266467362642288
5.0671091516653641306788813380990177392960
5.0633943253844480025804841716308146715164
5.0593010569111660501562255376484245061874
5.0548345873256508298254630062729120254517
5.0499997357320278723591400193981826305389
5.0448007677798196723983892297837883234024
5.0392412604046361579435142630245536565781
5.0333239674278118513939261902123689651489
5.0270506905852156975811340089421719312668
5.0204221602651539768658039974980056285858
5.0134379297252076312929602863732725381851
5.0060962858501287797707846038974821567535
4.9983941786220045244704124343115836381912
4.9903271704512697226618911372497677803040
4.9818894054033009410886734258383512496948
4.9730735972146815626615534711163491010666
4.9638710338909186603473244758788496255875
4.9542715956829939116801142517942935228348
4.9442637824220669884311973873991519212723
4.9338347456130273727126223093364387750626
4.9229703204018857576329537550918757915497
4.9116550525754165690273111977148801088333
4.8998722161432848309914334095083177089691
4.8876038177916072413609072100371122360229
4.8748305855515861040316849539522081613541
4.8615319403520507179905507655348628759384
4.8476859506455083348441803536843508481979
4.8332692719231573619254049845039844512939
4.8182570745654729194029641803354024887085
4.8026229649993892323323052551131695508957
4.7863389064446968390598158293869346380234
4.7693751465334450756472506327554583549500
4.7517001596932599838396527047734707593918
4.7332806123428561306809569941833615303040
4.7140813586230283505074112326838076114655
4.6940654735800606545126356650143861770630
4.6731943294644677777682773012202233076096
4.6514277191642543485272653924766927957535
4.6287240288484214900677216064650565385818
4.6050404597559984054555570764932781457901
4.5803332968487078247221688798163086175919
4.5545582198701151099839989910833537578583
4.5276706503401156211907618853729218244553
4.4996261262642249789678317029029130935669
4.4703806949424569339157642389182001352310
4.4398913132863775388159410795196890830994
4.4081162445394079796301411988679319620132
4.3750154402605749837107396160718053579330
4.3405508968711803419182615471072494983673
4.3046869769497204671893086924683302640915
4.2673906867504669548907259013503789901733
4.2286319030576757782569075061473995447159
4.1883835444047328167016530642285943031311
4.1466216838114302589701765100471675395966
4.1033256024472626322108226304408162832260
4.0584777859342562322808589669875800609589
4.0120638672803687896362134779337793588638
3.9640725226038187045674021646846085786819
3.9144953277904033228651314857415854930878
3.8633265859468597369641429395414888858795
3.8105631368974401951277286570984870195389
3.7562041609553959986556037620175629854202
3.7002509897298008212374043068848550319672
3.6427069367584659076442221703473478555679
3.5835771602637795929524600069271400570869
3.5228685693098475972817595902597531676292
3.4605897831110046247715672507183626294136
3.3967511512551591401631867483956739306450
3.3313648402290776395773264084709808230400
3.2644449889646436346879454504232853651047
3.1960079332848470023975551157491281628609
3.1260724962502628443417052039876580238342
3.0546603386365558385762142279418185353279
2.9817963612664355466108645487111061811447
2.9075091488153033125740876130294054746628
2.8318314431527640273600354703376069664955
2.7548006333848822357879271294223144650459
2.6764592496223156281587307603331282734871
2.5968554481762771146691193280275911092758
2.5160434773995219437381365423789247870445
2.4340841157166193120531261229189112782478
2.3510450764465407047509870608337223529816
2.2670013776571629193767876131460070610046
2.1820356792926061118009783967863768339157
2.0962385938812251318097423791186884045601
2.0097089809074244470821213326416909694672
1.9225542380010458565209319203859195113182
1.8348906040560826191665455553447827696800
1.7468434898578013569903077950584702193737
1.6585478505477164734571715598576702177525
1.5701486112396418892700467040413059294224
1.4818011525657039939574133313726633787155
1.3936718574027557870920190907781943678856
1.3059387142720653152139220765093341469765
1.2187919677630678627622273779707029461861
1.1324348024384687239063396191340871155262
1.0470840441257689423792953675729222595692
0.9629708604369401347966572757286485284567
0.8803414387927063211591871549899224191904
0.7994576120069276647939204849535599350929
0.7205973847915788654816537928127218037844
0.6440552858103917310828023801150266081095
0.5701424272402741966203620904707349836826
0.4991860985532597383418362824158975854516
0.4315286594191823366095661640429170802236
0.3675254395380637140178237132204230874777
0.3075413167999377361816470966004999354482
0.2519456478182969805246216310479212552309
0.2011052836668279775178547197356238029897
0.1553755296070287172938151343259960412979
0.1150891010657241891879110085028514731675
0.0805433754978214927477964124591380823404
0.0519865128138816065539451471977372420952
0.0296032757632137891179446853584522614256
0.0135015805156499177352991125644621206447
0.0037009043221143179437648829122053939500
0.0001236417614686446942145331417961529041
0.0025903241151622857091352258862571034115
0.0108193124331285289024817686254209547769
0.0244311815310314719984496889537695096806
0.0429575839167522649519881383639585692436
0.0658539806197220856098795138677814975381
0.0925153061969159612454305374740215484053
0.1222934384117859707430397975258529186249
0.1545152873811496962996869797279941849411
0.1885003982168417802078863587667001411319
0.2235771482152655031949706199156935326755
0.2590968736493385882191375912952935323119
0.2944455369878895001356511329504428431392
0.3290528023057159856534781283698976039886
0.3623985953525461489732606423785910010338
0.3940173703459148857319860326242633163929
0.4235003872738413166487703165330458432436
0.4504963315459174499899575039307819679379
0.4747105985832751340325330602354370057583
0.4959035369600843790038879888015799224377
0.5138879097309860810582904377952218055725
0.5285258040709791549360829776560422033072
0.5397251978997613663935339900490362197161
0.5474363773137594924023119347111787647009
0.5516483857137614021937110919679980725050
0.5523856687693263767258144980587530881166
0.5497050539358311338489215813751798123121
0.5436931666498061588299606228247284889221
0.5344643381171991780576036035199649631977
0.5221590053338995840448433227720670402050
0.5069425486438883243778263931744731962681
0.4890044629309412971274184656067518517375
0.4685577225862526673516583741729846224189
0.4458381831621295310341679396515246480703
0.4211038666900938087778172302932944148779
0.3946340017434198377266341140057193115354
0.3667277280629610003437335308262845501304
0.3377024199324287767609575894312001764774
0.3078916212726420797984872024244396016002
0.2776426074711320080012910693767480552197
0.2473135858304293666076745239479350857437
0.2172705153824051882427426107824430800974
0.1878834722749763708193881939223501831293
0.1595224219102698570704745861803530715406
0.1325522031701099612277516825997736304998
0.1073265066021368840942784572689561173320
0.0841806588125092181140729508115327917039
0.0634231234001039617664829961540817748755
0.0453257956376622514471641522959544090554
0.0301133889486685721315062380654126172885
0.0179524557134050910534028844267595559359
0.0089408114660004395224390805196890141815
0.0030982948603219596407642999480458456674
0.0003598565104194495229555927906517354131
0.0005719035992175225142225558627728787542
0.0034926312320707618604143096519010214251
0.0087967666462864853998970815496249997523
0.0160847797249980481448794478183117462322
0.0248962263219788364210227626927007804625
0.0347265449805795045623568739756592549384
0.0450463686497180396117734346717043081298
0.0553222689312475035539051759769790805876
0.0650378268276713689122203732040361501276
0.0737140047686045962738177195205935277045
0.0809279475726733532603418552753282710910
0.0863295248040874818595824535805149935186
0.0896551053995997965229136639209173154086
0.0907381992101471690492786592585616745055
0.0895166965744201292842774364544311538339
0.0860364906125490186417081872605194803327
0.0804512968982553783314770612378197256476
0.0730185198138153385150062035791052039713
0.0640910841564516636781334568695456255227
0.0541052775187609372165020715783612104133
0.0435648432399834487083190026623924495652
0.0330218169367100938815795529990282375365
0.0230548850324169100900473239335042308085
0.0142463197714127343812551274027100589592
0.0071587629846407317343870424508622818394
0.0023132438369455068059854507822592495359
0.0001697900403038854586119932310595004310
0.0011118147795981237185153345237154098868
0.0054351454371873234028278432106162654236
0.0133421425016826897258503947796270949766
0.0249408934184923505861242176706582540646
0.0402490207393918081324457602931943256408
0.0592012768408281403464954451010271441191
0.0816598541280987855195405700214905664325
0.1074262428335806124346518686252238694578
0.1362535159041402821333832662276108749211
0.1678580873716037369369757925596786662936
0.2019302365757393857848001061938703060150
0.2381429691288143024596735131126479245722
0.2761590528225308371901292048278264701366
0.3156362892735408154365472910285461694002
0.3562312405597354847408553268905961886048
0.3976017195066405274239684786152793094516
0.4394083797921499168204206853260984644294
0.4813157223933906547763683647644938901067
0.5229927859053137284561785236292053014040
0.5641137264925683014737956000317353755236
0.6043584316252527122159676764567848294973
0.6434132582769096497798955169855616986752
0.6809719443922500614618797953880857676268
0.7167367121693872800136659861891530454159
0.7504195610341626299089057283708825707436
0.7817437345494135936263546682312153279781
0.8104453365043127188727112297783605754375
0.8362750656061846976641049877798650413752
0.8590000347553601312000637335586361587048
0.8784056397277383299027064822439569979906
0.8942974432713545196449445029429625719786
0.9065030441873749289527495420770719647408
0.9148739066172626444028992409585043787956
0.9192871318614534992263997992267832159996
0.9196471626937455789985165210964623838663
0.9158874172455611084586735159973613917828
0.9079718551325073327973314007977023720741
0.8958964819124426437468855510815046727657
0.8796907988995569249723871507740113884211
0.8594192040417663047691121391835622489452
0.8351823466348972102579750753648113459349
0.8071184348627378213336669432464987039566
0.7754044912139655965077622568060178309679
0.7402575467811319809285919291141908615828
0.7019357604215014090343061070598196238279
0.6607394406861704094779952356475405395031
0.6170119341605853069410159150720573961735
0.5711403197907202189398390146379824727774
0.5235558118516526748820183456700760871172
0.4747337235291771984080355650803539901972
0.4251927813529093880262621496513020247221
0.3754935156364597181877229559177067130804
0.3262353965812727629725031874841079115868
0.2780523569364436453632549728354206308722
0.2316063587724681016588590409810421988368
0.1875787400970394258603590742495725862682
0.1466592253770215570352064560211147181690
0.1095326992883841332737659968188381753862
0.0768641073677213265691321453232376370579
0.0492821285266694733562253816216980339959
0.0273625199367425325780445177770161535591
0.0116122184518595000096707892112135596108
0.0024553541354740771388009967779453290859
0.0002222650843000506645699004826255418266
0.0051423949718461293978410964200520538725
0.0173416265039829341210175783771774149500
0.0368441982889084820862457547718804562464
0.0635789270658949218217870225089427549392
0.0973890731640690565651397037072456441820
0.1380448978577263063893809658111422322690
0.1852578025226142288683917058733641169965
0.2386949231753414946144431496577453799546
0.2979931679262929899998368910019053146243
0.3627718972685823328738763393630506470799
0.4326437144308152293881164496269775554538
0.5072231095074115625465083212475292384624
0.5861329473675634949003665497002657502890
0.6690089784010636586586429075396154075861
0.7555026707874860081304291270498652011156
0.8452827148360633202628378057852387428284
0.9380355461038455411326708599517587572336
1.0334651921383726236314259949722327291965
1.1312926864226020562398389301961287856102
1.2312552283207685022148325515445321798325
1.3331052105923362205430748872458934783936
1.4366091921057089209057266998570412397385
1.5415468638602773943091506225755438208580
1.6477100392613244217443480010842904448509
1.7549016911295691745209524015081115067005
1.8629350543069875811852398328483104705811
1.9716328107623777299295397824607789516449
2.0808263717648269874871402862481772899628
2.1903552680684534870181323640281334519386
2.3000666541289103150802475283853709697723
2.4098149266758950304279096599202603101730
2.5194614522384393140441716241184622049332
2.6288743931349376481421131757088005542755
2.7379286174840484768822079786332324147224
2.8465056761972897803047999332193285226822
2.9544938286907576063811120548052713274956
3.0617880990456005640965031489031389355659
3.1682903453110786706758972286479547619820
3.2739093263068603789633925771340727806091
3.3785607523884015890303089690860360860825
3.4821673089799873856975409580627456307411
3.5846586440969216980079181666951626539230
3.6859713134652660748713515204144641757011
