-1.5294253472486070144498171430313959717751
-1.5565999617558361478586448356509208679199
-1.5839661305063361673717281519202515482903
-1.6115019985162484239538116526091471314430
-1.6391840215858457519004787172889336943626
-1.6669868926913158357905331286019645631313
-1.6948834478057477337387126681278459727764
-1.7228445425472636021169137165998108685017
-1.7508388893502362382292858455912210047245
-1.7788328431906510473936577909626066684723
-1.8067901224807529914073711552191525697708
-1.8346714509093706713116489481762982904911
-1.8624341062036604554918994836043566465378
-1.8900313636156704788504612224642187356949
-1.9174118260770558475059033298748545348644
-1.9445186401145366783538293020683340728283
-1.9712886073583961721311652581789530813694
-1.9976512160963408870628654767642728984356
-2.0235276356238691697342346742516383528709
-2.0488297372308035271259996079606935381889
-2.0734592278267078846454296581214293837547
-2.0973070028703970635319819848518818616867
-2.1202528411245280537400503817480057477951
-2.1421655710829368146619344770442694425583
-2.1629038340837438703090356284519657492638
-2.1823175492301531974703721061814576387405
-2.2002501488336991819494414812652394175529
-2.2165416007662228636831969197373837232590
-2.2310321689011316514950067357858642935753
-2.2435667902721947442046257492620497941971
-2.2539998752955372474104933644412085413933
-2.2622002742418421128434147249208763241768
-2.2680561080008523333617631578817963600159
-2.2714791415891313342001467390218749642372
-2.2724083896832572015966889011906459927559
-2.2708126859029293953540218353737145662308
-2.2666920186591603680881235050037503242493
-2.2600775291995023330571257247356697916985
-2.2510301720029004535206240689149126410484
-2.2396381421803837064032904891064390540123
-2.2260132673053139029661906533874571323395
-2.2102866321137528693441254290519282221794
-2.1926037468693402310293549817288294434547
-2.1731195809276253605446527217281982302666
-2.1519937633618084760200872551649808883667
-2.1293862073036051718588623771211132407188
-2.1054533514551123651870057074120268225670
-2.0803451399319228265483161521842703223228
-2.0542027890564091840985838643973693251610
-2.0271573245444618471822195715503767132759
-1.9993288202430972155809740797849372029305
-1.9708262332166546215717062295880168676376
-1.9417477101343372236641471317852847278118
-1.9121812351167231103232779787504114210606
-1.8822054965553456362670203816378489136696
-1.8518908662941979681448856354109011590481
-1.8213004052333354731985082253231666982174
-1.7904908315778511607163636654149740934372
-1.7595134090382429370436057070037350058556
-1.7284147305771924152395513374358415603638
-1.6972373879068345381426752283005043864250
-1.6660205276693236253748864328372292220592
-1.6348003023732340377449645529850386083126
-1.6036102282906363747372324723983183503151
-1.5724814643417590609431044867960736155510
-1.5414430261896632234908111058757640421391
-1.5105219489264205545708819045103155076504
-1.4797434103152711237783023534575477242470
-1.4491308248878831399508726462954655289650
-1.4187059174940870320824615191668272018433
-1.3884887832861998457900654102559201419353
-1.3584979396522609551567484231782145798206
-1.3287503743154267521475730973179452121258
-1.2992615926924255820296139063430018723011
-1.2700456666453836529484533457434736192226
-1.2411152859583054475223207191447727382183
-1.2124818132110075641350022124242968857288
-1.1841553421988522121210962723125703632832
-1.1561447596451404074002766719786450266838
-1.1284578096627853049938039475819095969200
-1.1011011602302884782034197996836155653000
-1.0740804708403410838712943586870096623898
-1.0474004604434312692973207958857528865337
-1.0210649748293327832016075262799859046936
-0.9950770526525822834429391150479204952717
-0.9694389894012449548910126395639963448048
-0.9441523987202100620663713925750926136971
-0.9192182706212836951209510516491718590260
-0.8946370262346825530386240643565542995930
-0.8704085688741300952386836797813884913921
-0.8465323312961691160083432805549819022417
-0.8230073191306069846362447606225032359362
-0.7998321505415814103301386239763814955950
-0.7770050922467086618183884638710878789425
-0.7545240920755473812420177637250162661076
-0.7323868082886003660902929368603508919477
-0.7105906359056729515444317257788497954607
-0.6891327303087447786467123478360008448362
-0.6680100283913502634547398884024005383253
-0.6472192675251307036887737922370433807373
-0.6267570026064063215542887519404757767916
-0.6066196214326508018288564016984310001135
-0.5868033586419819647161943976243492215872
-0.5673043084293737381429423294321168214083
-0.5481184362322562009239845792762935161591
-0.5292415895563628014386381437361706048250
-0.5106695080908466577440663058951031416655
-0.4923978332403526336769061799714108929038
-0.4744221171813992055099618028179975226521
-0.4567378315314041259398436523042619228363
-0.4393403757012144250637675213511101901531
-0.4222250849862543287116523060831241309643
-0.4053872384374043735810744237824110314250
-0.3888220665405923148760791718814289197326
-0.3725247587236351631823083607741864398122
-0.3564904707002115591407687134051229804754
-0.3407143316537259436493911834986647590995
-0.3251914512582371741267195375257870182395
-0.3099169265293509334391330867219949141145
-0.2948858484949370417638192520826123654842
-0.2800933086735364896391331512859323993325
-0.2655344053472469822985146947758039459586
-0.2512042496156023374531685021793236956000
-0.2370979712172733289143877755122957751155
-0.2232107241073310044399136131687555462122
-0.2095376917790441606559426190869999118149
-0.1960740923207887620449696441937703639269
-0.1828151832004181465141101625704322941601
-0.1697562657713595490882596550363814458251
-0.1568926894966790053231875390338245779276
-0.1442198558893366122646284566144458949566
-0.1317332221687835813739297918800730258226
-0.1194283046359000260983052044139185454696
-0.1073006817700059983833327237334742676467
-0.0953459970532788553265746145370940212160
-0.0835599615293472902655125267301627900451
-0.0719383561041164187876972846424905583262
-0.0604770335979999962283670811302727088332
-0.0491719205596700958960099114847253076732
-0.0380190188522366648293804303193610394374
-0.0270144070233741574738051127724247635342
-0.0161542414714109031081967771115159848705
-0.0054347574197113664856706449768353195395
0.0051477302880982489172168037327992351493
0.0155968265594301300908108842691035533790
0.0259160555779459934877539950548452907242
0.0361088604701809562369518857849470805377
0.0461786031012713996113383529973361873999
0.0561285639877562650412734512883616844192
0.0659619423157352807729481014575867448002
0.0756818560530567313593408584893040824682
0.0852913421446278990911693540510896127671
0.0947933567803757315406443240135558880866
0.1041907757258822564416789191454881802201
0.1134863947061982292208170974845415912569
0.1226829298338413254398915341880638152361
0.1317830180724974820094530514325015246868
0.1407892177284467416509272652547224424779
0.1497040089622398983948414752376265823841
0.1585297943136406706443608527479227632284
0.1672688992333391522215890745428623631597
0.1759235726154041723479082293124520219862
0.1844959873248940562806552634356194175780
0.1929882407154841772456421722381492145360
0.2014023551323852467831443391332868486643
0.2097402783962183936417034146870719268918
0.2180038842638869212020580334865371696651
0.2261949728628535882801742218362051062286
0.2343152710955422324268226930144010111690
0.2423664330109228937093490685583674348891
0.2503500401406077990884568862384185194969
0.2582676017970798043599245374934980645776
0.2661205553319134220480179919832153245807
0.2739102663520895930560072883963584899902
0.2816380288927359809569850312982453033328
0.2893050655447895191940688164322637021542
0.2969125275363109217607870959909632802010
0.3044614947663097925811825916753150522709
0.3119529757901168820488635446963598951697
0.3193879077554687140327871475165011361241
0.3267671562886168556971711041114758700132
0.3340915153298712469975839667313266545534
0.3413617069181152374746091027191141620278
0.3485783809239086372677718372870003804564
0.3557421147309101083777704843669198453426
0.3628534128654051227336196916439803317189
0.3699127065738276876061263465089723467827
0.3769203533482122225883870214602211490273
0.3838766363995958497135063680616440251470
0.3907817640794429281392297070851782336831
0.3976358692492129032203251881583128124475
0.4044390085982719762469628221879247575998
0.4111911619103827963961350633326219394803
0.4178922312790564475015742118557682260871
0.4245420402721206687424171377642778679729
0.4311403330458971061567297056171810254455
0.4376867734094298523217503316118381917477
0.4441809438392825826191767646378139033914
0.4506223444454358628696866162499645724893
0.4570103918889454885920997639914276078343
0.4633444182519923515428672544658184051514
0.4696236698611122584168242610758170485497
0.4758473060643851892947964188351761549711
0.4820143979635195807809111556707648560405
0.4881239271017377423511618417251156643033
0.4941747841085852299691794087266316637397
0.5001657673027561923362327434006147086620
0.5060955812542090592742738408560398966074
0.5119628353069000104014207863656338304281
0.5177660420636042148956335040566045790911
0.5235036158343920886792943747423123568296
0.5291738710504551024271790993225295096636
0.5347750206451327148471364125725813210011
0.5403051744040913151323479723942000418901
0.5457623372867950184428309512441046535969
0.5511444077215531534008619019004981964827
0.5564491758765810480724667286267504096031
0.5616743219097154460328624736575875431299
0.5668174141995998560616953909629955887794
0.5718759075613492059986242566083092242479
0.5768471414499224403371613334456924349070
0.5817283381546423104424548000679351389408
0.5865166009885574016635700900224037468433
0.5912089124765544934092531548230908811092
0.5958021325464256667814311185793485492468
0.6002929967273624711765478423330932855606
0.6046781143606354547159753565210849046707
0.6089539668275492090288025792688131332397
0.6131169058001002536428813982638530433178
0.6171631515201181361618409937364049255848
0.6210887911130713590068808116484433412552
0.6248897769431193127687151900317985564470
0.6285619250164663496249772833834867924452
0.6321009134405417562163620459614321589470
0.6355022809470329825387580058304592967033
0.6387614254874103281167663226369768381119
0.6418736029101459461543299767072312533855
0.6448339257294893878125208175333682447672
0.6476373619963617933592558983946219086647
0.6502787342827097694097915336897131055593
0.6527527187914098361076753462839405983686
0.6550538446047085017198696732521057128906
0.6571764930850608754653308096749242395163
0.6591148974431993989853140192280989140272
0.6608631424892302819174005890090484172106
0.6624151645835992807676007032569032162428
0.6637647518058106266281015450658742338419
0.6649055443598483883249627979239448904991
0.6658310352362868389519690026645548641682
0.6665345711521395433152292753220535814762
0.6670093537904453473430521626141853630543
0.6672484413625086041577105788746848702431
0.6672447505164654790732470246439334005117
0.6669910586165257448953980201622471213341
0.6664800064176090721446144016226753592491
0.6657041011603017643949442572193220257759
0.6646557201109563051133477529219817370176
0.6633271145712178462616748220170848071575
0.6617104143804373173054500512080267071724
0.6597976329330177414078661968233063817024
0.6575806727309309041018536845513153821230
0.6550513314891762695069132860226090997458
0.6522013088090329313573079161869827657938
0.6490222134304004519833597441902384161949
0.6455055710704732385707416142395231872797
0.6416428328514782730707111113588325679302
0.6374253843153618870331911239190958440304
0.6328445550182993928345354106568265706301
0.6278916286928813983436725720821414142847
0.6225578539612436346217805294145364314318
0.6168344555784157634548137139063328504562
0.6107126461822487417663296582759357988834
0.6041836385249201857305934026953764259815
0.5972386581615779510556762943451758474112
0.5898689565747011753771289477299433201551
0.5820658247187396883148835513566154986620
0.5738206069788143182108797191176563501358
0.5651247155503981156599024870956782251596
0.5559696452640894293040219054091721773148
0.5463469889012599889355215054820291697979
0.5362484530730076137672313052462413907051
0.5256658747666310693702484968525823205709
0.5145912387012218092152693316165823489428
0.5030166956770278918753547259257175028324
0.4909345821517136498890465645672520622611
0.4783374413293408622394053963944315910339
0.4652180461019890800322684754064539447427
0.4515694242344083786377950673340819776058
0.4373848862203621457034330433089053258300
0.4226580562527376128123535181657643988729
0.4073829067212833554556539183977292850614
0.3915537965606462611489746450388338416815
0.3751655135943777752416394832835067063570
0.3582133207355924220394172152737155556679
0.3406930054960179976575318505638279020786
0.3226009317186595559689976653316989541054
0.3039340918004406200125799841771367937326
0.2846901569504414752920240516687044873834
0.2648675223047958771083187912154244259000
0.2444653430873076072060712249367497861385
0.2234835575813846619830371764692245051265
0.2019228925882660397039813915398553945124
0.1797848474011615182988066408142913132906
0.1570716532037657597875579540414037182927
0.1337862062267551888083971789455972611904
0.1099319749155482223157420662573713343590
0.0855128836415534748782718565962568391114
0.0605331779142425294160112514418869977817
0.0349972783498865916418374411023251013830
0.0089096325270166427945373044394727912731
-0.0177254249719412358687886666075428365730
-0.0449037937863483449518753332085907459259
-0.0726217005122567066388583612024376634508
-0.1008757549958265165024329235166078433394
-0.1296629649067075062962572928881854750216
-0.1589807065743139291580376948331831954420
-0.1888266535604278262283628464501816779375
-0.2191986677665742899723255732169491238892
-0.2500946606648270509332121491752332076430
-0.2815124342021901870936062550754286348820
-0.3134495118858294793184882109926547855139
-0.3459029704683340145088266126549569889903
-0.3788692816121300155352003002917626872659
-0.4123441711220423577799465419957414269447
-0.4463225010681019511160627644130727276206
-0.4807981776753000313640029617090476676822
-0.5157640855130376511539225248270668089390
-0.5512120464997040114596416060521733015776
-0.5871328006971694435378594789654016494751
-0.6235160048720373993091925512999296188354
-0.6603502443354769546601801266660913825035
-0.6976230535714322833484857255825772881508
-0.7353209415164657647423496200644876807928
-0.7734294179412679604013192147249355912209
-0.8119330180861418222448833148519042879343
-0.8508153234224161698406874165812041610479
-0.8900589770765466868240878284268546849489
-0.9296456930208943925109110750781837850809
-0.9695562585868096050489839399233460426331
-1.0097705301947106359961026100791059434414
-1.0502674224376677969416959967929869890213
-1.0910248908224537967015521644498221576214
-1.1320199085885489509450962941627949476242
-1.1732284381130277939320194491301663219929
-1.2146253974837337707981532730627804994583
-1.2561846228964983485099082827218808233738
-1.2978788276088690789578095063916407525539
-1.3396795582640868005341872049029916524887
-1.3815571494801224261550487426575273275375
-1.4234806776717083831584886866039596498013
-1.4654179151282304971459780063014477491379
-1.5073352853933281725318238386535085737705
-1.5491978209688335166305250822915695607662
-1.5909691242807360023192586595541797578335
-1.6326113326810678394451770145678892731667
-1.6740850880023765423487702719285152852535
-1.7153495108146767922363551406306214630604
-1.7563621790445527182100704521872103214264
-1.7970791099899117160276773574878461658955
-1.8374547439884407751264916441868990659714
-1.8774419270618114552462429855950176715851
-1.9169918887478374358579458203166723251343
-1.9560542100386641983789104415336623787880
-1.9945767748580516265377582385553978383541
-2.0325056968426240544545180455315858125687
-2.0697852113747088331763279711594805121422
-2.1063575209329070681008033716352656483650
-2.1421625800403751860301326814806088805199
-2.1771378046672889006174500536872074007988
-2.2112176902856961469012730958638712763786
-2.2443333234299909229036984470440074801445
-2.2764117742718967818404962599743157625198
-2.3073753631412592390859117585932835936546
-2.3371408028622107089233850274467840790749
-2.3656182317963581063224864919902756810188
-2.3927101697788031309244161093374714255333
-2.4183104502798711266109421558212488889694
-2.4423032058990798986997106112539768218994
-2.4645620085361792384048840176546946167946
-2.4849492871999370180446931044571101665497
-2.5033161615951882161823505157371982932091
-2.5195028342399949927710167685290798544884
-2.5333396740661582313691724266391247510910
-2.5446490974385667094281870959093794226646
-2.5532483072722289563216691021807491779327
-2.5589528888287502716991639317711815237999
-2.5615811859869461741823215561453253030777
-2.5609593011159228481687932799104601144791
-2.5569264840202627908638532971963286399841
-2.5493406106769538332912361511262133717537
-2.5380834101564517801818965381244197487831
-2.5230650858063214947435426438460126519203
-2.5042279987617415137890475307358428835869
-2.4815491381529217740364856581436470150948
-2.4550411884377010274249641952337697148323
-2.4247521113778724988208068680251017212868
-2.3907632765560431487017467588884755969048
-2.3531862869016846318004354543518275022507
-2.3121587419207085822847602685214951634407
-2.2678392510257618930324952088994905352592
-2.2204020461234068584133183321682736277580
-2.1700315445031317374002810538513585925102
-2.1169171826568744521068765607196837663651
-2.0612487852760419393405300070298835635185
-2.0032126602123416780898423894541338086128
-1.9429885295688373858524755632970482110977
-1.8807473287789593374697005856432951986790
-1.8166498373230937080080593659658916294575
-1.7508460519426296553291422242182306945324
-1.6834751783846675365907685772981494665146
-1.6146661007919573815883040879270993173122
-1.5445381867042693446734347162418998777866
-1.4732022967654672118698044869233854115009
-1.4007618875482932274678660178324207663536
-1.3273141194125326336461512255482375621796
-1.2529509055795271521560607652645558118820
-1.1777598610820694258194407666451297700405
-1.1018251293290628467502756393514573574066
-1.0252280789813736916471498261671513319016
-0.9480478746349345620103576948167756199837
-0.8703619318946271832260208611842244863510
-0.7922462714994540355917251872597262263298
-0.7137757890088981538312395969114731997252
-0.6350244569197376343083760730223730206490
-0.5560654755701847085092026645725127309561
-0.4769713882742900867839352940791286528111
-0.3978141751437253570422569737274898216128
-0.3186653391969512805204090000188443809748
-0.2395959977316595157503797963727265596390
-0.1606769915639078283309260086753056384623
-0.0819790245632201625136659117742965463549
-0.0035728458079568627125954805023866356350
0.0744705135634159548496668890038563404232
0.1520794374275803162444020699695101939142
0.2291813458493347499533854261244414374232
0.3057022333995588203592319587187375873327
0.3815661223781956490341826793155632913113
0.4566944357123854381086403009248897433281
0.5310053039061528590281113793025724589825
0.6044128326195687961330804682802408933640
0.6768263718089257974241945703397504985332
0.7481498428640513953524759926949627697468
0.8182811952236346275668665839475579559803
0.8871120763644759765753633473650552332401
0.9545278062959979825663481278752442449331
1.0204077471303143465064522388274781405926
1.0846261476924334843374708725605159997940
1.1470535210870240749869708452024497091770
1.2075585795720717996459825371857732534409
1.2660107075886963823307951315655373036861
1.3222829037172951771594853198621422052383
1.3762550706235574526914433590718545019627
1.4278174847686484483233471109997481107712
1.4768742411421644789015772403217852115631
1.5233464482576295484506090360810048878193
1.5671749492453710406181244252366013824940
1.6083223678033855552627073848270811140537
1.6467743218725678921998678561067208647728
1.6825397091506473223887496715178713202477
1.7156500404881802612777619287953712046146
1.7461578718143411226293437721324153244495
1.7741344541270507306762738153338432312012
1.7996667766887417538868021438247524201870
1.8228542152420323940731350376154296100140
1.8438050117954105644457740709185600280762
1.8626328052555103376164424844319000840187
1.8794534055764160473955826091696508228779
1.8943819629696994066847537396824918687344
1.9075306341443316604511437617475166916847
1.9190067958692733629533222483587451279163
1.9289118080948028932652960065752267837524
1.9373402888367825536164446020848117768764
1.9443798337293174416373631174792535603046
1.9501110955292697557439396405243314802647
1.9546081322962292059486344442120753228664
1.9579389357004504113035636692075058817863
1.9601660604805914989157145100762136280537
1.9613472898359551876978912332560867071152
1.9615362870416797047568024936481378972530
1.9607831988280770563193300404236651957035
1.9591351896646806984847444255137816071510
1.9566368972352188304597575552179478108883
1.9533308077994626650308873649919405579567
1.9492575559241780425168144574854522943497
1.9444561565870142061385195120237767696381
1.9389641793918057643963948066812008619308
1.9328178750739550828541268856497481465340
1.9260522640614512468459906813222914934158
1.9187011959456261589451742111123166978359
1.9107973875655772655335340459714643657207
1.9023724461955651143796330870827659964561
1.8934568831490037332798692659707739949226
1.8840801220324183695709052699385210871696
1.8742705049192323052409392403205856680870
1.8640552988740426432201502393581904470921
1.8534607045370230515857201680773869156837
1.8425118678711100983491633087396621704102
1.8312328956716543704175137463607825338840
1.8196468750334688913028458046028390526772
1.8077758966550903085845902751316316425800
