-2.4999858899984395144144855294143781065941
-2.4911068483714711163656829739920794963837
-2.4820359834098164597548930032644420862198
-2.4728065961921754656316352338762953877449
-2.4634521023596569477831508265808224678040
-2.4540059476980915498245394701370969414711
-2.4445015230588769128416970488615334033966
-2.4349720784846016208291530347196385264397
-2.4254506370793142977504430746193975210190
-2.4159699085163479637117234233301132917404
-2.4065622027919730818723564880201593041420
-2.3972593442155165632811986142769455909729
-2.3880925859318304915746011829469352960587
-2.3790925252875907425220702862134203314781
-2.3702890202051865031762645230628550052643
-2.3617111068480851621131932915886864066124
-2.3533869187808913459036830317927524447441
-2.3453436080009741893093178077833727002144
-2.3376072677800538990311451925663277506828
-2.3302028578688851467859421973116695880890
-2.3231541320928483784769014164339751005173
-2.3164835686655642632558738114312291145325
-2.3102123033098167503851527726510539650917
-2.3043600654822462558968254597857594490051
-2.2989451179959421445175848930375650525093
-2.2939841999494658963953952479641884565353
-2.2894924734009585165495082037523388862610
-2.2854834739209626270906028366880491375923
-2.2819690650768742479215234197909012436867
-2.2789593970648027720926620531827211380005
-2.2764628696374771266164316330105066299438
-2.2744860995336186881843332230346277356148
-2.2730338923104635995287026162259280681610
-2.2721092189015101858728939987486228346825
-2.2717131969640540489763225195929408073425
-2.2718450769200053684926388086751103401184
-2.2725022330195994157975292182527482509613
-2.2736801592876680899735220009461045265198
-2.2753724704634494813149103720206767320633
-2.2775709079555532809990836540237069129944
-2.2802653509354953165200186049332842230797
-2.2834438322892043338185885659186169505119
-2.2870925598058335914686267642537131905556
-2.2911959422049492651751734229037538170815
-2.2957366202136313404480461031198501586914
-2.3006955026146052034619060577824711799622
-2.3060518069962920861826205509714782238007
-2.3117831055224371539225103333592414855957
-2.3178653751122944015605753520503640174866
-2.3242730524571300065872492268681526184082
-2.3309790934211802593267748306971043348312
-2.3379550367725685511288702400634065270424
-2.3451710721608280962868775532115250825882
-2.3525961122107621470433969079749658703804
-2.3601978684913929029676182835828512907028
-2.3679429311999160567836497648386284708977
-2.3757968525756307798246780293993651866913
-2.3837242334646782104812245961511507630348
-2.3916888133593108278773797792382538318634
-2.3996535630646578240998678666073828935623
-2.4075807805779807502233325067209079861641
-2.4154321892281624961640318360878154635429
-2.4231690382006547679338837042450904846191
-2.4307522052792647215824217710178345441818
-2.4381423013533969346156027313554659485817
-2.4452997766414821256830691709183156490326
-2.4521850282091595119027260807342827320099
-2.4587585087187218135795774287544190883636
-2.4649808360201364010322322428692132234573
-2.4708129034191110839913108065957203507423
-2.4762159901815778972888892894843593239784
-2.4811518724223571297216039965860545635223
-2.4855829335295740456501789594767615199089
-2.4894722745023201149194846948375925421715
-2.4927838234459458455205549398669973015785
-2.4954824441335508034001122723566368222237
-2.4975340435975463826423492719186469912529
-2.4989056780483638320333739102352410554886
-2.4995656573016882262550097948405891656876
-2.4994836472066563892724389006616547703743
-2.4986307699063918796866801130818203091621
-2.4969797017030237462620334554230794310570
-2.4945047683488335010792980028782039880753
-2.4911820372961348546425597305642440915108
-2.4869894069862970020778902835445478558540
-2.4819066927883635109708393429173156619072
-2.4759157093984676123454846674576401710510
-2.4690003493995296146579221385763958096504
-2.4611466581496386218930183531483635306358
-2.4523429042108357833740228670649230480194
-2.4425796456302055759124414180405437946320
-2.4318497918314561090369352314155548810959
-2.4201486606087185826652330433716997504234
-2.4074740305220934111218866746639832854271
-2.3938261881475821901688050274970009922981
-2.3792079704195447931169837829656898975372
-2.3636248015786116560832397226477041840553
-2.3470847248575368304557287046918645501137
-2.3295984286606876700886914477450773119926
-2.3111792672152304817245749291032552719116
-2.2918432756282585138762897258857265114784
-2.2716091790696584240549782407470047473907
-2.2504983963315399186910781281767413020134
-2.2285350374488861469046696583973243832588
-2.2057458955012014811813969572540372610092
-2.1821604324308712108404506579972803592682
-2.1578107590090560563567123608663678169250
-2.1327316087223890939128523314138874411583
-2.1069603058561052755237597011728212237358
-2.0805367276334525428183042095042765140533
-2.0535032603198222211915435764240100979805
-2.0259047496483320038862530054757371544838
-1.9977884452899385969715240207733586430550
-1.9692039396084166646971880254568532109261
-1.9402031008518381138827635368215851485729
-1.9108400004404597627427619954687543213367
-1.8811708352342169092707990785129368305206
-1.8512538438625343317767146800179034471512
-1.8211492181473618590104024406173266470432
-1.7909190093548252864508185666636563837528
-1.7606270292276937627917732243076898157597
-1.7303387462519230766133659926708787679672
-1.7001211774420026401344330224674195051193
-1.6700427752455238028517214843304827809334
-1.6401733102655224882937545771710574626923
-1.6105837499297077641813302761875092983246
-1.5813461330613634014952140205423347651958
-1.5525334406726460922953947374480776488781
-1.5242194632985457403151485777925699949265
-1.4964786651429073938146530053927563130856
-1.4693860449376265897569737717276439070702
-1.4430169939908987775112336748861707746983
-1.4174471520279461334013149098609574139118
-1.3927522600851163225854634220013394951820
-1.3690080118843668266492841212311759591103
-1.3462899032913242525211217071046121418476
-1.3246730800518440318569446390029042959213
-1.3042321846413955643839699405361898243427
-1.2850412018401951019797024855506606400013
-1.2671733039924029107226033374899998307228
-1.2507006956533424091304596004192717373371
-1.2356944584204341275324168236693367362022
-1.2222243956803380271480818919371813535690
-1.2103588784185113080837936649913899600506
-1.2001646914539998434179324249271303415298
-1.1917068809918538452308212072239257395267
-1.1850486038061862625880849009263329207897
-1.1802509780415937346020882614539004862309
-1.1773729362538274401117632805835455656052
-1.1764710807187461760747737571364268660545
-1.1775995416365219181642487455974332988262
-1.1808098382403844350818644670653156936169
-1.1861507432967648423272066793288104236126
-1.1936681512516833514325753640150651335716
-1.2034049503349459886436534361564554274082
-1.2154008988064433083309268113225698471069
-1.2296925056368979145560160759487189352512
-1.2463129163901145446402551897335797548294
-1.2652918034458355833749010344035923480988
-1.2866552623056073390017672863905318081379
-1.3104257129974130613447869109222665429115
-1.3366218075059606018584190678666345775127
-1.3652583431774625299937042655074037611485
-1.3963461826214704775139807679806835949421
-1.4298921797545927070416382775874808430672
-1.4658991131986978118106890178751200437546
-1.5043656258772710732074529005330987274647
-1.5452861723888375866664546265383251011372
-1.5886509731065887596201946507790125906467
-1.6344459764403109769403954487643204629421
-1.6826528278502095314905773193459026515484
-1.7332488472270493051752282553934492170811
-1.7862070137776371314686230107326991856098
-1.8414959593341608812266940731205977499485
-1.8990799690367348162567395775113254785538
-1.9589189905508412881118829318438656628132
-2.0209686513683138286978646647185087203979
-2.0851802844863032149191894859541207551956
-2.1515009619222902337298819475108757615089
-2.2198735367740538571013075852533802390099
-2.2902366934262228248542214714689180254936
-2.3625250059430511484492853924166411161423
-2.4366690044730585640309072914533317089081
-2.5125952502855328773989640467334538698196
-2.5902264177500584629854074592003598809242
-2.6694813853277010728959339758148416876793
-2.7502753338676608763080366770736873149872
-2.8325198521247183514049083896679803729057
-2.9161230508254369908627268159762024879456
-3.0009896829384992145151045406237244606018
-3.0870212721195366967208428832236677408218
-3.1741162468185435407974637200823053717613
-3.2621700827998880711788842745590955018997
-3.3510754508437297083389694307697936892509
-3.4407223707617542451941972103668376803398
-3.5309983724190381337848521070554852485657
-3.6217886613538485818253320758230984210968
-3.7129762904858982786038268386619165539742
-3.8044423366111517204046776896575465798378
-3.8960660819943204735693598195211961865425
-3.9877252000911354024026422848692163825035
-4.0792959459716735537426757218781858682632
-4.1706533496105553382449215860106050968170
-4.2616714139358409241253866639453917741776
-4.3522233146387696578472059627529233694077
-4.4421816036673229532993900647852569818497
-4.5314184145952403071078151697292923927307
-4.6198056700268494978445232845842838287354
-4.7072152905366113628815583069808781147003
-4.7935194050357763373426678299438208341599
-4.8785905616584974708871413895394653081894
-4.9623019390399321082441019825637340545654
-5.0445275575958756775207803002558648586273
-5.1251424908390195156471236259676516056061
-5.2040230752803742220180538424756377935410
-5.2810471191943193502993381116539239883423
-5.3560941103925312489764110068790614604950
-5.4290454213624039780938801413867622613907
-5.4997845126763165168881641875486820936203
-5.5681971328342649840692502039019018411636
-5.6341715158665195417597715277224779129028
-5.6975985753089934959803031233604997396469
-5.7583720936867424100569223810452967882156
-5.8163889087135203226353041827678680419922
-5.8715490946252852921816156595014035701752
-5.9237561383954435711984842782840132713318
-5.9729171119516299981455631495919078588486
-6.0189428370580833060898839903529733419418
-6.0617480463803135037892388936597853899002
-6.1012515375556919394739452400244772434235
-6.1373763210733978112898512335959821939468
-6.1700497619152363526495719270315021276474
-6.1992037142129392535139231767971068620682
-6.2247746489891140342365360993426293134689
-6.2467037749133407231738601694814860820770
-6.2649371513091844931864216050598770380020
-6.2794257940670101802993485762272030115128
-6.2901257733352347045752139820251613855362
-6.2969983037427361693971761269494891166687
-6.3000098265730324342825952044222503900528
-6.2991320835441868553061794955283403396606
-6.2943421828739420931242420920170843601227
-6.2856226560186287954934414301533252000809
-6.2729615078928357974064056179486215114594
-6.2563522563604125892311458301264792680740
-6.2357939648964997303437485243193805217743
-6.2112912662291845933282274927478283643723
-6.1828543773238990866047970484942197799683
-6.1504991059438420819560633390210568904877
-6.1142468482802510010287733166478574275970
-6.0741245790949722760387885500676929950714
-6.0301648320920744339446173398755490779877
-5.9824056729726189374218847660813480615616
-5.9308906629902828910871903644874691963196
-5.8756688153863647627872524026315659284592
-5.8167945426094593841526148025877773761749
-5.7543275956483652677775353367906063795090
-5.6883329958532451442465571744833141565323
-5.6188809577325375954615083173848688602448
-5.5460468050130744543935179535765200853348
-5.4699108779326151008604028902482241392136
-5.3905584336795557831578662444371730089188
-5.3080795388996024897210190829355269670486
-5.2225689555701624300354524166323244571686
-5.1341260181413135299521854904014617204666
-5.0428545056063134310875284427311271429062
-4.9488625053698793720968751586042344570160
-4.8522622704575812946359292254783213138580
-4.7531700707779602765867821290157735347748
-4.6517060376600456450546516862232238054276
-4.5479940019948399410054662439506500959396
-4.4421613267330881669181508186738938093185
-4.3343387332502398834321866161189973354340
-4.2246601222838799927217223739717155694962
-4.1132623890672501687504336587153375148773
-4.0002852336638170527294278144836425781250
-3.8858709661595645101783702557440847158432
-3.7701643065269672128181355219567194581032
-3.6533121805774353418883038102649152278900
-3.5354635108494436579462671943474560976028
-3.4167690040361815562164338189177215099335
-3.2973809337915276351793636422371491789818
-3.1774529202602939115251956536667421460152
-3.0571397055076512394578003295464441180229
-2.9365969271147145391864796692971140146255
-2.8159808869673628173302404320565983653069
-2.6954483187757012352392393950140103697777
-2.5751561524223030019697944226209074258804
-2.4552612764043315607409567746799439191818
-2.3359202984918727707963626016862690448761
-2.2172893044106616322608260816195979714394
-2.0995236156059742249624378018779680132866
-1.9827775458786431883595469116698950529099
-1.8672041574193656288116471841931343078613
-1.7529550163329137291157167055644094944000
-1.6401799484342569623862573280348442494869
-1.5290267950106062322390698682283982634544
-1.4196411697710480392942145044798962771893
-1.3121662162363947334853264692355878651142
-1.2067423672501653708621915939147584140301
-1.1035071055265515127530306926928460597992
-1.0025947271048296638440433525829575955868
-0.9041361069252681348373812397767324000597
-0.8082584674705540761507904790050815790892
-0.7150851510670905852862233587075024843216
-0.6247353957381710509721983726194594055414
-0.5373241153163174077533881245472002774477
-0.4529616843852684593407786906027467921376
-0.3717537284652286388997310950799146667123
-0.2938009192933067059705365409172372892499
-0.2191987768400146530112237996945623308420
-0.1480374767994056262043756078128353692591
-0.0804016661411511290857845324353547766805
-0.0163702853615436405565475297407829202712
0.0439836015778197822467809885438327910379
0.1005929683846965572158183022111188620329
0.1533969795382809919725985992045025341213
0.2023411336229642698558706115363747812808
0.2473773973030987116672463344002608209848
0.2884643295245877814281243445293512195349
0.3255671945611966489053656914620660245419
0.3586580649567335243865784377703676000237
0.3877159125782676518667813070351257920265
0.4127266882799702774065053745289333164692
0.4336833892110714128165227521094493567944
0.4505861145485842156332978447608184069395
0.4634421073790760958743817354843486100435
0.4722657841157636982032386185892391949892
0.4770787508374397245525244670716347172856
0.4779098053584693861495225064572878181934
0.4747949258328488242320020162878790870309
0.4677772453497712756842474846052937209606
0.4569070121470814038744379104173276573420
0.4422415350045156845482097196509130299091
0.4238451151261899974009850211587036028504
0.4017889622154464102088411436852766200900
0.3761510966686746337828139985504094511271
0.3470162366220695404628315827721962705255
0.3144756706552959690803561443317448720336
0.2786271154579640918491634238307597115636
0.2395745594286223800750690315908286720514
0.1974280913008337190461816135211847722530
0.1523037150214835711015126662459806539118
0.1043231503721735314860197263442387338728
0.0536136198549705608740190143635118147358
0.0003076222013100371249424980213404978713
-0.0554573075903301432321157449223392177373
-0.1135388501894469687192312790102732833475
-0.1737901670674273091332651119955698959529
-0.2360601769873384991882403483032248914242
-0.3001938439878882869393805776780936866999
-0.3660324760208231720248761575930984690785
-0.4334140339459567892177460635139141231775
-0.5021734502556030044218005059519782662392
-0.5721429563734776735373088740743696689606
-0.6431524184845774927410388954740483313799
-0.7150296807905495155566200082830619066954
-0.7876009155879597489757770745200105011463
-0.8606909791962847888768806114967446774244
-0.9341237730830701524453729689412284642458
-1.0077226094507041320724738397984765470028
-1.0813105799879130231033741438295692205429
-1.1547109274978482051920991580118425190449
-1.2277474188449821745905410352861508727074
-1.3002447190192907289230106471222825348377
-1.3720287646539985892957247415324673056602
-1.4429271366101898976808115548919886350632
-1.5127694303509420237219273985829204320908
-1.5813876234345851656826198450289666652679
-1.6486164387835833267104135302361100912094
-1.7142937032503606786804084549658000469208
-1.7782607000581711620412761476472951471806
-1.8403625144817750136638778712949715554714
-1.9004483719187903467684463976183906197548
-1.9583719670144299485059491416905075311661
-2.0139917833348217612865482806228101253510
-2.0671714027943211000604151195148006081581
-2.1177798032977657172182262002024799585342
-2.1656916449076524244787833595182746648788
-2.2107875424691187937753511505434289574623
-2.2529543251012067450744780217064544558525
-2.2920852809358618351609493402065709233284
-2.3280803869307735709526241407729685306549
-2.3608465230411006530175654916092753410339
-2.3902976698875586514247970626456663012505
-2.4163550897627992242178152082487940788269
-2.4389474900034118221014978189487010240555
-2.4580111689215558001819772471208125352859
-2.4734901429997262489735021517844870686531
-2.4853362559495515426988276885822415351868
-2.4935092685357314046257215522928163409233
-2.4979769294694182946159344282932579517365
-2.4987150269210132158548276493092998862267
-2.4957074204977436338026564044412225484848
-2.4889460537717980059824185445904731750488
-2.4784309472281207398225433280458673834801
-2.4641701717577690899929621082264930009842
-2.4461798025613692431079471134580671787262
-2.4244838540876334498364030878292396664619
-2.3991141956347137309535355598200112581253
-2.3701104483941519696088562341174110770226
-2.3375198639612935203047072718618437647820
-2.3013971847341712084755727119045332074165
-2.2618044868167768157718455768190324306488
-2.2188110055857901414810839924030005931854
-2.1724929448211072191554649180034175515175
-2.1229332696429712434849079727428033947945
-2.0702214841070318840365871437825262546539
-2.0144533940856734766100544220535084605217
-1.9557308559980901563335464743431657552719
-1.8941615123880017890201088448520749807358
-1.8298585148797625876682104717474430799484
-1.7629402355100347588034992440952919423580
-1.6935299672072401389044671304873190820217
-1.6217556143009059788084869069280102849007
-1.5477493739138563633161993493558838963509
-1.4716474093335292216977450152626261115074
-1.3935895159710085522419831249862909317017
-1.3137187812723560842442793727968819439411
-1.2321812391607303016627383840386755764484
-1.1491255202665242585169380618026480078697
-1.0647024987068045565052898382418788969517
-0.9790649366110271145657861779909580945969
-0.8923671271174637986689504032256081700325
-0.8047645370530034369949134998023509979248
-0.7164134500689119944283334007195662707090
-0.6274706113374369786939155346772167831659
-0.5380928746184133748542421926686074584723
-0.4484368527120326519685988841956714168191
-0.3586585721451956976224550999177154153585
-0.2689131329904553280307766272017033770680
-0.1793543746918553616342961731788818724453
-0.0901345486526703570939744736278953496367
-0.0014039984935722627564652631448893771449
0.0866891513593579382535025956713070627302
0.1739992979970922393206933520559687167406
0.2603836524729630230723387285252101719379
0.3457025219235674851070427848753752186894
0.4298195804997554381188251682033296674490
0.5126021287179469698713774050702340900898
0.5939213406568234487892254946928005665541
0.6736524984008660510426125256344676017761
0.7516752134765283255291024033795110881329
0.8278736347120881911010314979648683220148
0.9021366422510429528003328414342831820250
0.9743580274091945270242831611540168523788
1.0444366580654800280569816095521673560143
1.1122766294530748165669820082257501780987
1.1777874000704440238251891059917397797108
1.2408839127222253129190221443423070013523
1.3014867004974528530425459393882192671299
1.3595219777155194140760841037263162434101
1.4149217158266327309945609158603474497795
1.4676237043796942494111590349348261952400
1.5175715970476955085644021892221644520760
1.5647149429513407259406676530488766729832
1.6090092034474301474489266183809377253056
1.6504157545265878415108318222337402403355
1.6889018751896969217085597847471944987774
1.7244407220032633709649871889268979430199
1.7570112901941266070338087956770323216915
1.7865983616919902665642894135089591145515
1.8131924403992385474992943272809498012066
1.8367896752297567797285182678024284541607
1.8573917712753393871594198571983724832535
1.8750058896081969184166382547118701040745
1.8896445362068829965096483647357672452927
1.9013254405266661883899814711185172200203
1.9100714242231062733878843573620542883873
1.9159102606139826185938090929994359612465
1.9188745254032297804513973460416309535503
1.9190014392878496085614870025892741978168
1.9163327029867744943913976385374553501606
1.9109143253239579962610150687396526336670
1.9027964449448109274243279287475161254406
1.8920331462674673250745627228752709925175
1.8786822702999625978037556706112809479237
1.8628052209039045461480554877198301255703
1.8444667671064614022924388336832635104656
1.8237348420886181354916288910317234694958
1.8006803394222905545518642611568793654442
1.7753769071395744116870218931580893695354
1.7479007402327595421809292020043358206749
1.7183303721450240431067868485115468502045
1.6867464657995896448738903927733190357685
1.6532316047141732973102534742793068289757
1.6178700847512723637322551439865492284298
1.5807477069721886930864229725557379424572
1.5419515721384704498575501929735764861107
1.5015698773078396399682787887286394834518
1.4596917149923342993389496768941171467304
1.4164068753130740763168660123483277857304
1.3718056515906418280081879856879822909832
1.3259786497273486904902028982178308069706
1.2790166018014790250134637972223572432995
1.2310101841905940478483216793392784893513
1.1820498405861608048894595413003116846085
1.1322256101580594478406283087679184973240
1.0816269612180318127059308608295395970345
1.0303426305794858297559812854160554707050
