0.0000656201179387672035641862477994834535
0.0000835132587376197200144944954303127815
0.0001427612068954564529966316799303172047
0.0002295814082513958473332621457174695934
0.0003325200587960175282326025225643206795
0.0004422307817121362647633242559663813154
0.0005512604191264669625457961465997414052
0.0006538386451851962944889495865652406792
0.0007456773250510017768052928310851257265
0.0008237786018046300545031312978494497656
0.0008862527246260131896099521142673438590
0.0009321479065936610691398001016239049932
0.0009612906731474168834164495400784744561
0.0009741411010867251276529321657449145277
0.0009716582057684109091991175866098728875
0.0009551793874033309966059546169958593964
0.0009263134411176609595353625969949007413
0.0008868444769923611043643818518944499374
0.0008386500279879394691151528462569331168
0.0007836308318153805763453534360962748906
0.0007236504685350597610923872871069306711
0.0006604878292523341928518809673676059901
0.0005957985236912799334799140105189962924
0.0005310855236711287466477848795420868555
0.0004676787474405985807479613214354685624
0.0004067216261860329010527359550053461135
0.0003491651820315011685823269882433805833
0.0002957669778839955537601269508485302140
0.0002470954904826738632132865358670414935
0.0002035394213504249051258088165639037470
0.0001653186594762257087889989470852469822
0.0001324995554125685368225540106124071826
0.0001050110516185487379492088932941840085
0.0000826633956819655636369392759377205948
0.0000651653636617499686448096163360332866
0.0000521439210105345535674684076532514609
0.0000431633996481872717326105926005652691
0.0000377423239200558294681626947397745653
0.0000353717588793234195224807203672412470
0.0000355302077637675823391580354204677406
0.0000376995362074872245755109700926510641
0.0000413763866620575610335078242663087167
0.0000460851469577105982275075368725936187
0.0000513871089304940273953352380953418788
0.0000568880652262837601513233154459925345
0.0000622452305314702403465226820955535914
0.0000671709196880776427621834168135706022
0.0000714364149721191654934110415453574205
0.0000748722462892148499236100178677588701
0.0000773685097199283699793276314338186239
0.0000788728485219536412913904355193039919
0.0000793870822180631181093010684257649245
0.0000789638822051719207898226593478341329
0.0000777004833749472785054193679776801673
0.0000757333681015781644101092506815575689
0.0000732310365161792310891020196805811793
0.0000703853922627217733383464537411100537
0.0000674057740965938685445343891977643125
0.0000645087743051631047012245412375364140
0.0000619110509886322589803708815736627002
0.0000598206250190047591846174979135497551
0.0000584288913737962572374565195509887872
0.0000579027847411506238939522817066318794
0.0000583784752359228756757487943662709995
0.0000599549974979662883751464763637528677
0.0000626895207983091368826242262279890838
0.0000665926896117063915354200576146581625
0.0000716271129688150721623318695208126883
0.0000777055684743199742833472121184001935
0.0000846918945116170734542168641034720622
0.0000924032080607473040208266201744891077
0.0001006139192448829384812433729301517360
0.0001090608232778666992568786242578937618
0.0001174514530997150529856298817321658134
0.0001254719510357249359980280623005910456
0.0001327988717794159612139992532320320606
0.0001391107624469745216323063319308062091
0.0001441007630482360392810275984132317717
0.0001474918476277453649458948348183184862
0.0001490507885143843656416268173003913944
0.0001486040438422176054519829868638680637
0.0001460526361039926710339714732711513534
0.0001413872022468742840548006078904563765
0.0001347019476708943776406546266599661976
0.0001262075299498910516040467433285243715
0.0001162429148819255102969075221785999474
0.0001052835458617851227287182114267238831
0.0000939495948452151495924877799836849590
0.0000830090136039096697590303208791340239
0.0000733792191252247095935995480076030617
0.0000661246142410742965538766879873833204
0.0000624509610922263657967895555955806230
0.0000636953842995913145034331259708437756
0.0000713133286645684067546133166892730060
0.0000868617028103990646394419461451263942
0.0001119776789036253089983444231059195317
0.0001483545908961758576401213094442255169
0.0001977148607555800777571541892996265233
0.0002617791250824952125828004589891406795
0.0003422342178739557101707635666798523744
0.0004406980458806098051825761441335771451
0.0005586842573579442472464506863616406918
0.0006975655958983528314582001073063111107
0.0008585377421859785107907669932103544852
0.0010425838082285966007534128152656194288
0.0012504402170405981824935492952022286772
0.0014825655865784348377139911789868165215
0.0017391119566990730430089406866045464994
0.0020199003950306915720902534161496078013
0.0023244006390861571623163150945856614271
0.0026517163267621057971823450571946523269
0.0030005753319496484415873638340599427465
0.0033693269209640152976603655332610287587
0.0037559441659200665242224204121157526970
0.0041580343621948892204875924960560951149
0.0045728547667634967741068230395740101812
0.0049973364045074663772338929845773236593
0.0054281131172392175013308168729508906836
0.0058615579379963558132038414782982727047
0.0062938240050116386198331142054485098924
0.0067208918550414106091173138679550902452
0.0071386211195788714864440827057023852831
0.0075428048013782425865181302526707440848
0.0079292277331631140502299359695825842209
0.0082937267079849254225454302513753646053
0.0086322515172102404212850501608045306057
0.0089409249410726497619972263919407851063
0.0092161030888737900668150615501872380264
0.0094544326798393103078455013132952444721
0.0096529051303369372422080729734261694830
0.0098089061570624386243721914979687426239
0.0099202608962419575738822530297511548270
0.0099852719791506134444647457826249592472
0.0100027521718918516180352185074298176914
0.0099720479682508939012208770691358949989
0.0098930567052733040661616215061258117203
0.0097662347236029314195837613965522905346
0.0095925971286457481501663835388171719387
0.0093737090136659963202081513600205653347
0.0091116687162486800083405213968035241123
0.0088090820917760218750069967086346878204
0.0084690296845539858594520410406403243542
0.0080950262463600538426211628006967657711
0.0076909742099696256148466666502372390823
0.0072611106147246482281354396093320247019
0.0068099498294446900517606913183499273146
0.0063422216785847009001830798524679266848
0.0058628076628144927887054116411036375212
0.0053766735919529382720094545788924733642
0.0048888036016199133346193939075874368427
0.0044041325991689460675471146089421381475
0.0039274812781820546761513135436416632729
0.0034634934901696069406429323578322510002
0.0030165761057282169596560628122006164631
0.0025908444600186708584033112856559455395
0.0021900720799027648989787397937334390008
0.0018176464701736127355102823344168427866
0.0014765313554397430702985749562117234746
0.0011692367154769022635774078366921457928
0.0008977930573940540561264644914274413168
0.0006637378019567297202790934207428108493
0.0004681052339359581342635718836930891484
0.0003114254521896731237387556667783883313
0.0001937313173163213229736878684406065076
0.0001145706924263745207781539647839963436
0.0000730269035769648389676278465998393585
0.0000677442187723986688225458197010198091
0.0000969591474295494759345209745404758905
0.0001585368269937515025777563515418933093
0.0002500119544184720046624270661794753323
0.0003686309805290877194064447230914538522
0.0005113993188949273382623572636873632291
0.0006751296207268575079452066489693606854
0.0008564897369702207351183087524759685039
0.0010520531633795560371574806524108680605
0.0012583461220765812960814544751997345884
0.0014718969715673236534764223293336726783
0.0016892795700969864564761069303244767070
0.0019071590751716627990669516989896692394
0.0021223288091381320788486597450628323713
0.0023317482171621552525242471176625258522
0.0025325786018387751695468690371626507840
0.0027222059266232977343957788463058022899
0.0028982701510625961255351867862373183016
0.0030586831552588743081411148949655398610
0.0032016445990954347372570154561799427029
0.0033256525174057928115334270557923446177
0.0034295087136015701446967174348401385942
0.0035123244426363297611415337229345823289
0.0035735141217426579125782115653464643401
0.0036127929796142587218210628918768634321
0.0036301638472514951433423036064596090000
0.0036259078932056754834833967038321134169
0.0036005673431764775166419312313337286469
0.0035549272498861840541284351502326899208
0.0034899934511417509547248627654880692717
0.0034069713851989603600745049050146917580
0.0033072435067647188051964679544880709727
0.0031923386819978638584416330559179186821
0.0030639131880471205497673548023840339738
0.0029237177595100496269031609131161530968
0.0027735736003915655543961005236042183242
0.0026153477435467697986837265489157289267
0.0024509227917705132121506395037613401655
0.0022821758687293016050479099732228860375
0.0021109528918860664438439389556378955604
0.0019390446111224334847789041447185809375
0.0017681676274832992205171544597419597267
0.0015999428207231548328126624625156182447
0.0014358790910719142642354428929252208036
0.0012773591072091727924991966247603158990
0.0011256228942835911407266413775118962803
0.0009817589454639997353924130152336147148
0.0008466959351196790212537579556340006093
0.0007211959723068872346249391647177162668
0.0006058502929292597415436572028113459965
0.0005010806282108637476138679467396741529
0.0004071366869720760670210701892557381143
0.0003241042616031952956247297326086709290
0.0002519070181022575933595109010099122315
0.0001903192488448235365414151765151018481
0.0001389715658174672829102552773505863115
0.0000973661837207950902001521442663545258
0.0000648905973712343714246766901432295072
0.0000408298155191255692886102834915362791
0.0000243869935518903337373728540393713615
0.0000146995914802072751595375318944824983
0.0000108565396307147561769535643039219508
0.0000119170426762194033536287549046583933
0.0000169309778275117395196502911858260632
0.0000249545212014945493332520459750512032
0.0000350720318125841143473524208484803921
0.0000464095575301914906366472501897391112
0.0000581534002646000327510673877373648111
0.0000695634946007928013818333301543361813
0.0000799877823391836889491482431857605206
0.0000888732261792579681086018394964298750
0.0000957746651712731999778888125618436788
0.0001003631833218721015801161433600441342
0.0001024308110250915471953897517565224007
0.0001018915707996015450158278081715934604
0.0000987833278103789048062155497831327011
0.0000932678806773612505869389122103996215
0.0000856205496083495238646490776979192106
0.0000762282948077386214753847770708716780
0.0000655790326288041623779140332217707510
0.0000542508716012068961599863758937800640
0.0000428995691348710303319145820122315627
0.0000322436041316143120962108004068369382
0.0000230491551381639686460825466873814094
0.0000161140975347029418048277332742301837
0.0000122494408377038511271219303755408703
0.0000122616410149944958421063673226214519
0.0000169357438350870031932085546522159802
0.0000270174832932879026325175692013758066
0.0000431936064512328238415225789559315217
0.0000660809404508011554238433582497691532
0.0000962065316250937396531234258034714912
0.0001339944096014988959147951064210246841
0.0001797575064245337985845835104825596318
0.0002336795046834083558560252180669181143
0.0002958164640969051812496859454881814600
0.0003660830637196843800190704243391337513
0.0004442523475817683410900305052138037354
0.0005299534725210586303539850305810432474
0.0006226729316853418360472316450682228606
0.0007217597978472233867519580741145546199
0.0008264279187457379289433179181401101232
0.0009357692422141816864997188041286335647
0.0010487606662060056528923412955123239954
0.0011642778428928358437632883948253947892
0.0012811111386755546885651835253838726203
0.0013979804023547971053575977862237778027
0.0015135532897659809050544543751470882853
0.0016264654454169092008541941396515539964
0.0017353391532118679109475412047913778224
0.0018388052318254954290571712149926497659
0.0019355231291839558246947738950893835863
0.0020242024862139463940724493085099311429
0.0021036258221005478194487459120409766911
0.0021726652742110851013190853109335876070
0.0022303036839985334802149985478081362089
0.0022756549000596450887945465524353494402
0.0023079758611008571560219149176873543183
0.0023266833183514280813941610404071980156
0.0023313680149677738773217328116516000591
0.0023218032144828137756931152324568756740
0.0022979501560887482559947248006437803269
0.0022599671239033904644732952959884642041
0.0022082074907274051173144968629458162468
0.0021432214198209109494441815257914640824
0.0020657502303006534255525039611711690668
0.0019767181660238319733380318865556546370
0.0018772235862025477871883882841075319448
0.0017685252521255901119595632664527329325
0.0016520274009422619525266906492788621108
0.0015292566930118134047034139655352191767
0.0014018467971924142897316434286381081620
0.0012715109027980097452376062605594597699
0.0011400180643129332550694821080128349422
0.0010091680406969594317040384012784670631
0.0008807615145788050010217107299581584812
0.0007565738742789074842975960422108983039
0.0006383266605759630027069895241709218681
0.0005276602554423392640869927561197982868
0.0004261056501180604332533474742916723699
0.0003350620444717522473584980780003661494
0.0002557702053893695735148350323129307071
0.0001892930188824282189928582820215297033
0.0001364967881737610955455303196615091110
0.0000980350939296004180367391511730090770
0.0000743376585512978073529144484865582854
0.0000656013595105209328583670269630090388
0.0000717859234950246648861854614764865801
0.0000926146061226695838358019541303178812
0.0001275765316119503831222836698344735851
0.0001759358578429326500774942942939560453
0.0002367425625043573201525953786372724608
0.0003088497572066151012661061603381540408
0.0003909316105035776111632783713645267198
0.0004815071562083828135732155306669710626
0.0005789652018331237518997123281394578953
0.0006815924729748879494495295006117885350
0.0007876040723355437131458778310388879618
0.0008951739552320469748766806894479941548
0.0010024669963870102597225386631407673121
0.0011076718356182358067585358440965137561
0.0012090316628470087860491855025202312390
0.0013048743704933273446916475180046290916
0.0013936428203188012259206018939039495308
0.0014739199927827240522298923863786512811
0.0015444525542988251330667193172985207639
0.0016041720800483317416196271665285166819
0.0016522101698575398023849380990668578306
0.0016879130388676743569631444330525482656
0.0017108479562410660798632555668064014753
0.0017208077370777009364177789763061809936
0.0017178105652931429780244654281773364346
0.0017020945090101280167821373723313627124
0.0016741086987442077831794717823754581332
0.0016344989562561940913548719223058469652
0.0015840921415051134515245001566086102684
0.0015238745821975375072804270715209895570
0.0014549696119934684562791105122414592188
0.0013786118979693729770519272648243713775
0.0012961198904147196945407793933213724813
0.0012088682661138870980122028697678615572
0.0011182581696867410162715694710300340375
0.0010256897539258158589398073345932971279
0.0009325337908352349016588567209851134976
0.0008401054531003770498367999586264431855
0.0007496404543438739236094203732818641583
0.0006622729564780538685092592388059529185
0.0005790167593872075357808171247597783804
0.0005007499155022099432063575896734164417
0.0004282029998120950712615917499448414674
0.0003619508409075056177758855646686697582
0.0003024083131753796133828204872884271026
0.0002498299624282118562047794174674208989
0.0002043136731188299824290427464390518253
0.0001658073950012539752186385699772586122
0.0001341195815529871982179493938858172442
0.0001089322139974635550701415054319909359
0.0000898168076705863039580629569869074658
0.0000762516520326084196049545860240925776
0.0000676413242605145015318157675210386515
0.0000633367976056442561188369877456239010
0.0000626555092581915272584996978721960659
0.0000649019855969523669142126620634769552
0.0000693869421304560364451713416755751496
0.0000754455667377218496850999063241260956
0.0000824539051788031329692785220686346292
0.0000898430603310718171828838651826742989
0.0000971108484614280386207352258054470440
0.0001038310022090183033565899406447385900
0.0001096589216402099636231762258553601441
0.0001143349855699860083500102314602031583
0.0001176846453353874705606910144872756518
0.0001196154990707798458724614443227096672
0.0001201121085317602437845738161392716847
0.0001192281505254033711731220801510744423
0.0001170767094539693016540596315344657796
0.0001138187116925504195012047725654724672
0.0001096508499925041792057850420505360489
0.0001047922391191669132335523295651569242
0.0000994713875923602898129760596646065096
0.0000939135348780828450518387562340194563
0.0000883292249253075874076621132324760310
0.0000829037896681317221236895420588552952
0.0000777895402484229936661969118105730558
0.0000730996131631700445585239633849994334
0.0000689049433361876910398777229538325173
0.0000652338596283552645720485441138691840
0.0000620748163515960659549625111353066131
0.0000593820734212835402870446499523637840
0.0000570842816323580164910092560326404509
0.0000550961934936466921661039897184508618
0.0000533323568342369805817156092064834638
0.0000517230768926868445748562530539516047
0.0000502322968029789119429745491984817818
0.0000488757406341777686053888529738031821
0.0000477400803270855460984714579986132321
0.0000470012235058803203957382421673827366
0.0000469418294207057923807593913245739259
0.0000479666091279584691823255349074628384
0.0000506151114033359672290252051496395325
0.0000555709859544251097884966228424019619
0.0000636671798759103080029425614227989172
0.0000758862299651319504104063362603938003
0.0000933553898903838298099083781167450979
0.0001173358699653226410244966082530027052
0.0001492059865444250830058409151845921770
0.0001904381958352407869065892054294408808
0.0002425698152169264497184097972848348945
0.0003071676710634907545190153133063404312
0.0003857870644905636711360918944535569608
0.0004799254838943500692076404856578619729
0.0005909718196752366788440657963121793728
0.0007201521152750967047495578299276530743
0.0008684726698807709865945980709511786699
0.0010366619293190027471796010871685211896
0.0012251123443356704261625322871509524703
0.0014338238540382076437185165929122376838
0.0016623508069710136048763304827957654197
0.0019097533009180135254306831527060239750
0.0021745555216419808035321903361136719468
0.0024547125269483195675324083140367292799
0.0027475869460907987977538180501824172097
0.0030499380097308483733575812379967828747
0.0033579238495999507926881300079458014807
0.0036671192534229613696483696116956707556
0.0039725498732542966970338049748079356505
0.0042687446861701871733685287324533419451
0.0045498071205719312418147559640146937454
0.0048095063381735411039974437130695150699
0.0050413890574794884696929742062820878346
0.0052389123014900508892854880116374260979
0.0053955972277507993628553606413333909586
0.0055052037427920684845017440522951801540
0.0055619258048749918577069450975614017807
0.0055606059407761598140096381825969729107
0.0054969686595642344717482785654283361509
0.0053678707751230268080400165331411699299
0.0051715673246685821273782579510225332342
0.0049079908325500775853611479249138938030
0.0045790421009506100322172805761056224583
0.0041888895263822644929319061191108630737
0.0037442746338119769870800279676359423320
0.0032548208881995987877544518340755530517
0.0027333427218388496940382204059005744057
0.0021961514202081169194746834705256333109
0.0016633549530462054567847562935867244960
0.0011591480130014231077900666022628684004
0.0007120894351758533117116578559091522038
0.0003553630704283161525873502295524986039
0.0001270193370160521619417065553037105019
0.0000701939558180963936234383893086885564
0.0002333011013059182927470436297312517127
0.0006701976026033351586594366544602507929
0.0014403161668657205388144326718702359358
0.0026087646009101163324661598608145141043
0.0042463889832093752729758051600583712570
0.0064297990757080205129203598346521175699
0.0092413540055098046532844335843037697487
0.0127691072186243113895098844068343169056
0.0171067096101596982649084566219244152308
0.0223532701363452698806177920687332516536
0.0286131738663635004638052805603365413845
0.0359958574405768588766463267347717192024
0.0446155424670604122683315040376328397542
0.0545909276750934299715645181549916742370
0.0660448410647874600831741531692387070507
0.0791038534620898958760193409034400247037
0.0938978555838176492942537265662394929677
0.1105596004836781331981399034702917560935
0.1292242141437027480588284333862247876823
0.1500286767076099425644031271076528355479
0.1731112775645441415051095646049361675978
0.1986110472725047537689846421926631592214
0.2266671699153384733627092373353661969304
0.2574183793623117111337705864571034908295
0.2910023430282644985034323781292187049985
0.3275550371665137405763346123421797528863
0.3672101173385168282337076561816502362490
0.4100982880312082357043834690557559952140
0.4563466753305382983540994246141053736210
0.5060782065468093504634339296899270266294
0.5594110005586476752625912922667339444160
0.6164577726590458883748624430154450237751
0.6773252574364850842059126989624928683043
0.7421136533479116836886646524362731724977
0.8109160920895418511733510058547835797071
0.8838181360535085628882256969518493860960
0.9608973067144523927396448925719596445560
1.0422226466617872109310383166302926838398
1.1278543178027518045780652755638584494591
1.2178432377756387428036077835713513195515
1.3122307566985418336713564713136292994022
1.4110483757755611922135585700743831694126
1.5143175091972600476708521455293521285057
