0.0000804682869618078615249132101716611487
0.0001015741893641486430456197243010763032
0.0001718386992781928358699911063567355995
0.0002750562339854889471954524360342020373
0.0003977096955053394068332894839556956867
0.0005287284641846623977831653995451688388
0.0006592469553504142799893461557303453446
0.0007823703996313469003279217339752449334
0.0008929452250381996868816569801197147171
0.0009873409707688018954740982735529541969
0.0010632397049270369930595858676269926946
0.0011194391996399088388264297933005764207
0.0011556681691355619959887812697729714273
0.0011724144640776800255221878899192233803
0.0011707679642438816470378926126727492374
0.0011522789923279176064335738161048539041
0.0011188296561314770623946079908250794688
0.0010725210477195590980104000777828332502
0.0010155750676225493850379777427406224888
0.0009502485299539120255224444733244126837
0.0008787634643390296448547949204055385053
0.0008032476003851263691296624713800156314
0.0007256880720303992724981578810172777594
0.0006478960586909199813321347249939208268
0.0005714811042036150147763184925508994638
0.0004978345182795562663333188702097231726
0.0004281211489147684857645148603921825270
0.0003632776956709937504416685349895033141
0.0003040169878507903693937164391059013724
0.0002508381653784485924331415507282372346
0.0002040383904766951406444669414597115065
0.0001637314622673269239733206958931077679
0.0001298649498400150604712766089221531729
0.0001022414019463235818714272329366110625
0.0000805403995171927232585989964164241428
0.0000643383525178942085494260272326982886
0.0000531321493883085663894640104931710312
0.0000463583401452272164796827857990990651
0.0000434137806966328212662266372579011886
0.0000436754168898545444880109067664619715
0.0000465153889949654344927905402773404830
0.0000513185098272428403100645089018883027
0.0000574958807583358903086669100535033294
0.0000644963761740591202085981503699940731
0.0000718172760110258366975100052798097749
0.0000790141749701733726906141552781548398
0.0000857045863532102125161016292764770697
0.0000915760256696929121535827311717525845
0.0000963871639913094208204288881880472672
0.0000999696044806830424111696031808094176
0.0001022280892416116431951553233936635934
0.0001031382111966028231444039708897264518
0.0001027429324817408164312315665966934830
0.0001011484549216223871852954330208262945
0.0000985170716727656826851994287252978211
0.0000950602155832447386291442215089375622
0.0000910303855925365118387584950632174241
0.0000867111513196094885972536880913708046
0.0000824066095757736166325588267334012471
0.0000784304865071394581360272879599904172
0.0000750949693812641395299772861804399327
0.0000726994666604774349193476834507521289
0.0000715179877519789232356156594150320416
0.0000717878520933501522395189797798309428
0.0000737005481880137431954444493520384185
0.0000773905653958761841852004303987655476
0.0000829273993954293681249087533124964011
0.0000903091501161945592194082998993565070
0.0000994571001556554502246593196801427439
0.0001102132908453512581768013456340327139
0.0001223404926418369899256827215694443112
0.0001355248026211386446274187456140225549
0.0001493810437155085335276388791569956993
0.0001634617014126282818521629369712400148
0.0001772687538743333856856160268833377813
0.0001902683442026598115148772194515913725
0.0002019096392588215580637944768227498571
0.0002116456136560973424858012048588307152
0.0002189560077462626654001137671556875830
0.0002233748508100852326295482352946919491
0.0002245173171803971324481802307460043266
0.0002221090980612583430479911594801478714
0.0002160163220156619109848378235128052438
0.0002062758220937288523248037686030897930
0.0001931236707369254879639031141635996391
0.0001770231733079663419098970233989120970
0.0001586897261283404237091482213983795191
0.0001391126365115980055130878723090859239
0.0001195736394073909685193193852548176892
0.0001016586604665814584473604309522443145
0.0000872659064891845363777164723551038605
0.0000786060386819187377699727492519343741
0.0000781969062797971338658886697459138304
0.0000888490124018570504547953614604693939
0.0001136454065944114737380168933533752806
0.0001559113968099223824712029617955977301
0.0002191779952389216626438411816835127865
0.0003071367289370830117901933764557043105
0.0004235873168735704145416998134265895715
0.0005723779726335687361576942677743318200
0.0007573399232827915774149407646120835125
0.0009822160685495839264197437401548995695
0.0012505860350605945471164082150039575936
0.0015657873614420569647470715679560271383
0.0019308352850951138526824912844404025236
0.0023483426945216743370048462224985996727
0.0028204401146929036249544342496164972545
0.0033486998472597884896062581105979916174
0.0039340643483547089315210953941459592897
0.0045767799572020663109728211281890253304
0.0052763396241092587468646257775617414154
0.0060314339626208069572443903894054528791
0.0068399133268849214573048556076173554175
0.0076987620127462498553772007880979799666
0.0086040857683654034526732345966593129560
0.0095511124882448721062910834689319017343
0.0105342081870699686568793040919445047621
0.0115469083482806402635167941639338096138
0.0125819634292181261464582675557721813675
0.0136314009522156224379907385468868596945
0.0146866006829775748443456251379757304676
0.0157383851989101666846160298973700264469
0.0167771228499860140803701114009527373128
0.0177928422950804875080077493976205005310
0.0187753576535614474796176409654435701668
0.0197144020102432010466131373505049850792
0.0205997677631943772180722618259096634574
0.0214214507011646453082942542778255301528
0.0221697966078730143713038103214785223827
0.0228356481386227556928947279857311514206
0.0234104879619842359828041367109108250588
0.0238865775177741733459324535715495585464
0.0242570882559891738694535234799332101829
0.0245162224135493551913089760319053311832
0.0246593223963850714797185759152853279375
0.0246829649539031734106764304215175798163
0.0245850406785515888941073825435523758642
0.0243648146885377288317631183645062264986
0.0240229684618518332661629699487093603238
0.0235616220497244614751064517577106016688
0.0229843350749110095221361405037896474823
0.0222960867947221176577077272895621717907
0.0215032341187287451278464800452638883144
0.0206134502526197326000012566282748593949
0.0196356414278457055977433753923833137378
0.0185798454081675008808804960835914243944
0.0174571116086975931802616202048739069141
0.0162793658273570687744502549776370869949
0.0150592595182589758517899269918416393921
0.0138100075047854174703498841836335486732
0.0125452168659853542653781488525055465288
0.0112787074169019910230282732754858443514
0.0100243286415750924162049173560262715910
0.0087957749327767457275806251004723890219
0.0076064021705666640463250338655143423239
0.0064690483989939288542170281459675607039
0.0053958615135186339256678778042441990692
0.0043981362038639608413870263348144362681
0.0034861633599969276894880998440839903196
0.0026690938765633154088063871967051454703
0.0019548186738296193659669697240133245941
0.0013498669075945723266896081327104184311
0.0008593248169284529048433940445761436422
0.0004867744649050287386073121442819910953
0.0002342548899446939036136233758256253168
0.0001022459986383195070002230520067598718
0.0000896742848240839100998691990618283398
0.0001939409981142503516630959392585964451
0.0004109721119741838396902111618658182124
0.0007352895702306128100644855294376611710
0.0011601003431798728206258974893216873170
0.0016774065439825269849954958445437114278
0.0022781279310436454085819768522469530581
0.0029522418671433926611047393606668265420
0.0036889335142732538989907009607804866391
0.0044767555740311991072100106237030558987
0.0053037951121077051008789737807092024013
0.0061578449320389338703107817707405047258
0.0070265759627814892637753807491662882967
0.0078977099446229277746045482899717171676
0.0087591860734814105948764506592851830646
0.0095993249090872718315425871082879893947
0.0104069803947758592749250894371471076738
0.0111716837616723189269274385537755733822
0.0118837729942476537370321665321171167307
0.0125345095206952673871914072378785931505
0.0131161768840213754233614551480968657415
0.0136221642588544612773038267050651484169
0.0140470314154609761392311639838226255961
0.0143865530861836000281472891515477385838
0.0146377479456632694776452296991919865832
0.0147988837351668237746205036842184199486
0.0148694689952770398716497268765124317724
0.0148502222967634850414597735834831837565
0.0147430258316158142861684865465576876886
0.0145508635643153954458695054086092568468
0.0142777434606403998140766731239637010731
0.0139286070587437745688097479046518856194
0.0135092274835070507571499476284770935308
0.0130260972288582538985979297763151407707
0.0124863102172469361827999989600357366726
0.0118974351630523854372878389540346688591
0.0112673897795213754507992476305844320450
0.0106043107047343633519975725221229367889
0.0099164253369896735584854141620780865196
0.0092119261825521509684522314387322694529
0.0084988512494747637388003980163375672419
0.0077849698811726141325917360802577604773
0.0070776774939473787590094033816967566963
0.0063839009095855289363519169398841768270
0.0057100128820290673922754898228504316648
0.0050617610252800208231471756903374625836
0.0044442084697097605089366467723266396206
0.0038616878108652221215923994179775036173
0.0033177700091184549567591144381140111363
0.0028152472114498605475219061844427415053
0.0023561270756575149361300436368082955596
0.0019416445548703898348052998557022874593
0.0015722838010421736221894351004380041559
0.0012478120295233807550416837983675577561
0.0009673244297797723009399439852984414756
0.0007293009320200783025811563931029013474
0.0005316690271718505118869746439713708241
0.0003718741299229711013384080953159127603
0.0002469562945351988546630050969099556823
0.0001536311091534159269534481895291833098
0.0000883709652632136475995661140103720754
0.0000474883850393315038026717522789965642
0.0000272210299235542409169389538314831611
0.0000238082692245322752192318582764585244
0.0000335707078926139579864995621250045588
0.0000529800157872140087007145625719317650
0.0000787249087126396006677819805474882742
0.0001077695713523052478948621724086365248
0.0001374028499691171264704414589630232513
0.0001652808574313358014849784094479900887
0.0001894583932255100567048494708544126297
0.0002084108841156639990201127066171693514
0.0002210491313798002043552320960984047815
0.0002267211936068935784760469687171280384
0.0002252075000813436045105780936026462768
0.0002167046381124393438551839485839423105
0.0002018040506036289339578809753916743830
0.0001814611557220802259739883544042982066
0.0001569559206546466934798639281112286881
0.0001298517794146558635391686120641452362
0.0001019462095432111003231318013817485735
0.0000752196631220902782932399843751625212
0.0000517812355773683539203293413333284434
0.0000338123731770645342097070251696777632
0.0000235107155673608414232084173889347767
0.0000230342209758571668553380623611914757
0.0000344487824153860672888802230140470328
0.0000596754529905529936656925771298887184
0.0001004451575012144136974517882876511976
0.0001582544565287591386334303811267432138
0.0002343281418208942312730869161896407604
0.0003295885827293076951287342790664069980
0.0004446275139445310408715938965684699724
0.0005796899667198740589008076895538579265
0.0007346595471615335578088878953906259994
0.0009090533904586539605194306368218803982
0.0011020240819904136495011037766289518913
0.0013123673115609734655256923829824700078
0.0015385351666512957907739789220613602083
0.0017786579807453418208135209610532001534
0.0020305685950648033784304846705026648124
0.0022918345952950723229402107961050205631
0.0025597936981174873073696662828524495126
0.0028315916807893515977356813095866527874
0.0031042269273419309701111945543061665376
0.0033745935742730682853351975580835642177
0.0036395291872983515958639433307553190389
0.0038958621076844624116219950593631438096
0.0041404592970774260068944627732889784966
0.0043702744840593867048372800354627543129
0.0045823924758595915504577611443437490379
0.0047740776827328752773826892052966286428
0.0049428104747802018709146310015967173968
0.0050863314901401415063508792968605121132
0.0052026738174198779857126950787460373249
0.0052901956046681550965837814715087006334
0.0053476061228001636749240788049064576626
0.0053739875899313904045184742130913946312
0.0053688129536011474154943989844923635246
0.0053319557506977368135925310355105466442
0.0052636959483126858488910571054475440178
0.0051647199311174807681568132977645291248
0.0050361155604582031469762526398881163914
0.0048793587404859775288890055833235237515
0.0046962963384556480339604433993372367695
0.0044891251021155209599555746535770595074
0.0042603621787516039731702477411090512760
0.0040128121465858642563651059731455461588
0.0037495316339741791011874738615006208420
0.0034737862345015193057951030652930057840
0.0031890070273104999948321491842762043234
0.0028987419578338437416153983150479689357
0.0026066084540318310708295612698748300318
0.0023162391154168517418132644536399311619
0.0020312333017427162268342399897846917156
0.0017551026677648674106935189342948433477
0.0014912210378006474174178430658344041149
0.0012427753017542864880790043358160801290
0.0010127179758175630392563748571888027072
0.0008037228505090920687922717569051656028
0.0006181462517285352337506609821105030278
0.0004579900954472293549482597718736087700
0.0003248730753646089674559205295878427933
0.0002200053994644246514386654034467483143
0.0001441711803148315465886164510322942078
0.0000977171753503247548589341620051129667
0.0000805477876310201106524119807339445742
0.0000921286814786581549152968961813314763
0.0001314957800571781129823911715703843583
0.0001972726719453454661060143315864934266
0.0002876949095370440016850022146854826133
0.0004006390877781029801266154954930698295
0.0005336605920025672307460684606894574245
0.0006840345320078311574032992048444157263
0.0008488028449918161646992054158999962965
0.0010248242220496273004876064405266333779
0.0012088286423157512672332813963294029236
0.0013974718227340954344178891588512669841
0.0015873926231024526340568359117355612398
0.0017752698050380244162993470524725125870
0.0019578773127666162200133381787736652768
0.0021321379164380791643162993409532646183
0.0022951737122627368162253169714404066326
0.0024443530572928117913789058945894794306
0.0025773310548854056617473773371784773190
0.0026920858780219878922390641662332200212
0.0027869479312122935957263258899274660507
0.0028606223913396709029877129637498001102
0.0029122040541189431021862343840211906354
0.0029411847631934050738278241254874956212
0.0029474533850422889036391183026353246532
0.0029312879796443260319027679372538841562
0.0028933404048091392220254380873711852473
0.0028346144824669570680408803298178099794
0.0027564373368332440589201226543991651852
0.0026604250735939370502147749419918909553
0.0025484436034289982379863470640657396871
0.0024225655129574306598239097354507975979
0.0022850236549416449299831910479952057358
0.0021381626060458058628810373846818038146
0.0019843897913137589078536038300626387354
0.0018261261861468459487961579768011688429
0.0016657583036698443007539438553976651747
0.0015055927385417700991449008185441016394
0.0013478134609117154840002283933131366211
0.0011944436955889869110547518715748083196
0.0010473120396841961460970837904937980056
0.0009080245571220845824181311378708869597
0.0007779427934114835395743026147385990043
0.0006581675588220781050047269999936361273
0.0005495299675568387836807615620671185752
0.0004525884366265264628637066124383636634
0.0003676324606306202963205975731142416407
0.0002946920196555647092177820933756038357
0.0002335532383258121067078072474743066778
0.0001837786108234818025115864248419939031
0.0001447318925231932853613797673730800852
0.0001156065060509892165841946964910391671
0.0000954569814712868947026436217129230499
0.0000832317177449359846264087536837905645
0.0000778072287921816068594418891457564769
0.0000780220033406653292080978889799780518
0.0000827094893025259703892709817196760014
0.0000907296140013924589436816736665036842
0.0001009969575172009513888693454930489679
0.0001125065748898412809880092977365961815
0.0001243551202420611922518089986766653965
0.0001357581725035306218028058333757712717
0.0001460624676519994803117891146726492480
0.0001547536695371665269212180238156406631
0.0001614590591354358875900154579596801341
0.0001659452316234988344945122662466019392
0.0001681118141215298786468601566213010301
0.0001679807174621617037527099292049115320
0.0001656817526631870806166912934997981210
0.0001614357540629374188328321038099488760
0.0001555348601473882706822809973701282615
0.0001483218797960628035706442950925065816
0.0001401688659731936562134052559613905942
0.0001314557109238023789154342635399075334
0.0001225503139533534648769608210727710684
0.0001137899929536656518352238931512943054
0.0001054661268047007961160682620871398285
0.0000978115811390800572386328148866141419
0.0000909921506124566957605243056050881023
0.0000851023029183517514201576248389358170
0.0000801652302800492905883109062692426505
0.0000761378332436901710455687264378354939
0.0000729199598208074529440830824356112316
0.0000703683965588997056448891664892641984
0.0000683147373873183033502268224346209990
0.0000665867822330712340371874913280691999
0.0000650328326020543960811828854140514977
0.0000635481400299964233448560269046367921
0.0000621022971257501066062040040449687694
0.0000607671225154549101668717547841680471
0.0000597432049541923848850338840676954533
0.0000593847209341991110788383512186783264
0.0000602209931313346666175399801712586623
0.0000629738457085338105894897764436279886
0.0000685696296444282576065462619929746779
0.0000781450388709847777908568122740007311
0.0000930459588284016054582706289899363128
0.0001148184376239980180505265150436855492
0.0001451914992508962390198312686351300727
0.0001860514838264215652183924953888549680
0.0002394075115405724810211524067327104603
0.0003073488286977177461230248400880782356
0.0003919936850070104643849189240967234582
0.0004954309948796575433990763137614976586
0.0006196553040700125388265395720566175441
0.0007664964258494188532877533504006350995
0.0009375449330847240771852346696846325358
0.0011340751912808234424384634664306759078
0.0013569677223736898840494857765293090779
0.0016066328198608027105764861630632367451
0.0018829375518697633214160180870067051728
0.0021851382137340678683823380623607590678
0.0025118208400198003583947414796284647309
0.0028608515331342856090335313723471699632
0.0032293395375497624226468484920360424439
0.0036136147040690459221468078254702049890
0.0040092218215178436480083945525620947592
0.0044109337011013268620152061316730396356
0.0048127848713752467701976200942226569168
0.0052081272483004694903718778675738576567
0.0055897093310688103842687191047389205778
0.0059497799748121950325074891452459269203
0.0062802170433493122517210061062087333994
0.0065726818011236434746713541699136840180
0.0068187986964661504232787514467872824753
0.0070103601917477307431392219427834788803
0.0071395558487760005586530986931848019594
0.0071992246773622883826426743780757533386
0.0071831287608302837530138695854020625120
0.0070862466572689216184888216787385317730
0.0069050839297642866224102853323074668879
0.0066379982968870175630282659540171152912
0.0062855364539888113756260779041440400761
0.0058507792343873666826570278942654113052
0.0053396915570911350837346454056842048885
0.0047614736919304378667816557424430357059
0.0041289095861306353979491845507254765835
0.0034587087167673091422925857330028520664
0.0027718368679581439038839274502379339538
0.0020938322567544622072877036345062151668
0.0014551026347213414594700120474612958787
0.0008911994503036790729946781119963361562
0.0004430651964348841743632223533211345057
0.0001572503879820130810295725209968509262
0.0000860964889654880505005102309112885450
0.0002878818286827522238829901723988768936
0.0008269273432634526889428716600605184794
0.0017736598420680627606615953339996849536
0.0032046304448887850784000175252685949090
0.0052024864121261813615371139007947931532
0.0078558950596554575490637617463107744697
0.0112594187756700145341959284905897220597
0.0155133406795098290759105097436076903250
0.0207234408730124497477476097628823481500
0.0270007237303584446408422081731259822845
0.0344610971687912062688674552646261872724
0.0432250051334413382120303026567853521556
0.0534170152123365285512512912191596115008
0.0651653634764317313265991060688975267112
0.0786014591837515264050040286747389473021
0.0938593523502116999779332218167837709188
0.1110751674349360618165860614681150764227
0.1303865068249744074702078933114535175264
0.1519318279824048434356598136218963190913
0.1758497984271910619114009932673070579767
0.2022786328413086476274429514887742698193
0.2313554168309605862940969700503046624362
0.2632154219615984724889301560324383899570
0.2979914166693102273164583948528161272407
0.3358129779078770638101048007229110226035
0.3768058080507223905897262739017605781555
0.4210910618500299795741170783003326505423
0.4687846879470256578059661478619091212749
0.5199967893461763246421014628140255808830
0.5748310071553734967864102145540527999401
0.6333839316425471377414169182884506881237
0.6957445444301630921302148635732010006905
0.7619936954281862906412925440235994756222
0.8322036177726546135602347931126132607460
0.9064374837944630947106361418263986706734
0.9847490046092539639488450120552442967892
1.0671820757520373845750327745918184518814
1.1537704707295046713255715076229535043240
1.2445375841641714842467081325594335794449
1.3394962257405353955874716120888479053974
1.4386484658314500073572617111494764685631
1.5419855333348786441405309233232401311398
1.6494877658368098938268531128414906561375
