1.5937527375492610559604145237244665622711
1.5269637039753198859415306287701241672039
1.4611777274100652412869294494157657027245
1.3964202885587055913418907948653213679790
1.3327146479681568624897636254900135099888
1.2700815266794049929188759051612578332424
1.2085388203480007529577733293990604579449
1.1481013871612217869255800906103104352951
1.0887809515947113325751161028165370225906
1.0305861589963436486527825763914734125137
0.9735227967478624622188476678275037556887
0.9175941625888941466371306887594982981682
0.8628015093364739263037677119427826255560
0.8091444328599439739235776869463734328747
0.7566210106988014993945057540258858352900
0.7052274689742127344871391869673971086740
0.6549571941673338892897504592838231474161
0.6057990592609684421532278975064400583506
0.5577353391881425537235372758004814386368
0.5107399521162957478637167696433607488871
0.4647783264130279645698351487226318567991
0.4198107147771120151169554901571245864034
0.3758010301195831570630900841933907940984
0.3327329841544082733584275501925731077790
0.2906342164533326499764598338515497744083
0.2496070293567815290280975659698015078902
0.2098610674460109071226554533495800569654
0.1717383257530342988150806604608078487217
0.1357149166791710437340867656530463136733
0.1023653676350060603983394003080320544541
0.0723047361989719722386027456195733975619
0.0461841953299907681529390401919954456389
0.0248201763511287226693369234453712124377
0.0093589068312057762527578219646784418728
0.0011491055602327682541585751607726706425
0.0011610174172314690742985332505554652016
0.0093793115100353659230325575890674372204
0.0248043226914996181586836598853551549837
0.0460604117320952619052398802068637451157
0.0719762311604486976213124194146075751632
0.1017109787339472853906485738662013318390
0.1345897425515147349805999965610681101680
0.1699748613197240021399636589194415137172
0.2072707043952041472412162192995310761034
0.2459815675369976806230454258184181526303
0.2857471961743504595965248427091864868999
0.3263407969533415609042492633307119831443
0.3676438071224069625841934794152621179819
0.4096129891566480107911729646730236709118
0.4522494631831042721792357497179182246327
0.4955743411177199742034815699298633262515
0.5396123542681308116186755796661600470543
0.5843827964345166270376807915454264730215
0.6298960119885721464783046030788682401180
0.6761533657091888249723865556006785482168
0.7231488821165619196307261518086306750774
0.7708712623552871345822268267511390149593
0.8193055461759355395656712062191218137741
0.8684341457475999170867453358368948101997
0.9182372799806239882514091732446104288101
0.9686929884363739695629647030727937817574
1.0197769405056842373369363485835492610931
1.0714622243680802515797267915331758558750
1.1237192393830370829022058387636207044125
1.1765157527837919460012017225380986928940
1.2298171298861289013615305520943365991116
1.2835867121646233890430721658049151301384
1.3377862987991415710808951189392246305943
1.3923766810242483860093898329068906605244
1.4473181813938458262214226124342530965805
1.5025711580643721365646570120588876307011
1.5580964443322178336615024818456731736660
1.6138557048739834431927420155261643230915
1.6698116997122118831953230255749076604843
1.7259284558492427041898054085322655737400
1.7821713528404270476812598644755780696869
1.8385071335454352681182399464887566864491
1.8949038541884890562982945994008332490921
1.9513307894634550621049129404127597808838
2.0077583084960957116038571257377043366432
2.0641577367217740501814660092350095510483
2.1205012173403270381299989821854978799820
2.1767615836873508428084278421010822057724
2.2329122518042097134127743629505857825279
2.2889271397093473581207945244386792182922
2.3447806175013998775114032468991354107857
2.4004474900919761104489680292317643761635
2.4559030117264000203647356102010235190392
2.5111229301044555306532402028096839785576
2.5660835557140666551845242793206125497818
2.6207618510185222149289074877742677927017
2.6751355331885737776076439331518486142159
2.7291831836305853187241154955700039863586
2.7828843572239834180948037101188674569130
2.8362196848362413170718809851678088307381
2.8891709629095543299115433910628780722618
2.9417212249391222478323015820933505892754
2.9938547906174788337807513016741722822189
3.0455572898321965347179229866014793515205
3.0968156596624543119844474858837202191353
3.1476181140212378117837488389341160655022
3.1979540866597928605585821060230955481529
3.2478141495797472337869749026140198111534
3.2971899093580701034511548641603440046310
3.3460738851652571668182645225897431373596
3.3944593724696692227382754936115816235542
3.4423402966363938482174944510916247963905
3.4897110611097836851968168048188090324402
3.5365663943229521670730264304438605904579
3.5829011995191333284083157195709645748138
3.6287104110317058847101634455611929297447
3.6739888602012222840187405381584540009499
3.7187311532909599343099671386880800127983
3.7629315632712261319170465867500752210617
3.8065839363293152430856025603134185075760
3.8496816135512643697325074754189699888229
3.8922173670088566765912219125311821699142
3.9341833491043773918249826238024979829788
3.9755710526591649944805340055609121918678
4.0163712789699737015780556248500943183899
4.0565741095195289034336383338086307048798
4.0961688764957928654553143132943660020828
4.1351441261262644744078897929284721612930
4.1734875679877836418540937302168458700180
4.2111860026099572351654387603048235177994
4.2482252193343548185566760366782546043396
4.2845898562830520006627921247854828834534
4.3202632151384072756172827212139964103699
4.3552270250707314502847111725714057683945
4.3894611534570939781474407936912029981613
4.4229432655192795209586620330810546875000
4.4556484419082211800855475303251296281815
4.4875487715216859641031987848691642284393
4.5186129472026701492382017022464424371719
4.5488059035795407325508676876779645681381
4.5780885481054456320748613507021218538284
4.6064176475120053311229639803059399127960
4.6337459403137524205362751672510057687759
4.6600225497940588326173383393324911594391
4.6851937691681806441579283273313194513321
4.7092042787125443226159404730424284934998
4.7319988329508113622523524099960923194885
4.7535244227559250163039905601181089878082
4.7737328744702320904025327763520181179047
4.7925837962346449216965993400663137435913
4.8100477266912529117348640284035354852676
4.8261092866566714931764181528706103563309
4.8407700885579370009281774400733411312103
4.8540511277860574068654386792331933975220
4.8659943722665772725122224073857069015503
4.8766632869046100395848952757660299539566
4.8861420808378559499374205188360065221786
4.8945335477299503068593367061112076044083
4.9019554770003388455279491608962416648865
4.9085357396701834176155898603610694408417
4.9144062824400984723638430295977741479874
4.9196963846836272438167725340463221073151
4.9245256298493496061041696520987898111343
4.9289971020586014205377978214528411626816
4.9331913314880520005090147606097161769867
4.9371614741106233381628953793551772832870
4.9409301249422972190927794144954532384872
4.9444880375257787008536070061381906270981
4.9477948694988853617360291536897420883179
4.9507819119364189219822947052307426929474
4.9533566057873379406828462379053235054016
4.9554085185787348777353145123925060033798
4.9568163596023842032423090131487697362900
4.9574555587876591999929587473161518573761
4.9572059230373239913092220376711338758469
4.9559589090773190633854028419591486454010
4.9536241051279965574849484255537390708923
4.9501345841829929028676815505605190992355
4.9454508702420820753786756540648639202118
4.9395633380579999638371191394980996847153
4.9324929431937869495072845893446356058121
4.9242902519827582707989677146542817354202
4.9150328128465927690626813273411244153976
4.9048209836950062978644382383208721876144
4.8937724069841026519611659750808030366898
4.8820154035952274540477446862496435642242
4.8696816343927089576482103439047932624817
4.8568984469577465290512918727472424507141
4.8437813740724653399638555129058659076691
4.8304272705770623375087780004832893610001
4.8169085569688743220240212394855916500092
4.8032689781776021220593975158408284187317
4.7895211845907335046490516106132417917252
4.7756463073383983441999589558690786361694
4.7615955432758303444984449015464633703232
4.7472936031792469790957511577289551496506
4.7326437274198758231591455114539712667465
4.7175338528578860675111172895412892103195
4.7018434360353431600287876790389418601990
4.6854504084961510201878809311892837285995
4.6682377609558320941118836344685405492783
4.6500993197831865799685147067066282033920
4.6309443809221741972237396112177520990372
4.6107009901243420912919646070804446935654
4.5893177888385618956590406014584004878998
4.5667644682602261951842592679895460605621
4.5430309783923856770115889958105981349945
4.5181257159823742242110711231362074613571
4.4920729614451255784501881862524896860123
4.4649098501373369884959174669347703456879
4.4366831510371840252560105000156909227371
4.4074460924577074649732821853831410408020
4.3772554261864407010307331802323460578918
4.3461688666954483295512545737437903881073
4.3142429865919593723333491652738302946091
4.2815315992808473666286772640887647867203
4.2480846179960574104939041717443615198135
4.2139473492137629051512703881599009037018
4.1791601580388544334709877148270606994629
4.1437584330862522463689856522250920534134
4.1077727763849374298388283932581543922424
4.0712293486172601575390217476524412631989
4.0341503087848051833930185239296406507492
3.9965542984714419461056422733236104249954
3.9584569327544558703380062070209532976151
3.9198712709151739552737581107066944241524
3.8808082499474512161441452917642891407013
3.8412770719132738328482901124516502022743
3.8012855422236140334746323787840083241463
3.7608403602706927948418069718172773718834
3.7199473665699871460788017429877072572708
3.6786117518949303928366134641692042350769
3.6368382345342964434564692055573686957359
3.5946312115330392167322770546888932585716
3.5519948892257291461760360107291489839554
3.5089333976395504777201495016925036907196
3.4654508924104834299839694722322747111320
3.4215516471627607231198453519027680158615
3.3772401383941810237843128561507910490036
3.3325211245136632243202257086522877216339
3.2873997199674338531849571154452860355377
3.2418814651659664249905290489550679922104
3.1959723925263303634380918083479627966881
3.1496790888504015981652628397569060325623
3.1030087540350939079303316248115152120590
3.0559692560962008478497864416567608714104
3.0085691824559699369956433656625449657440
2.9608178872995631891740231367293745279312
2.9127255350475178552471788862021639943123
2.8643031397800742254844408307690173387527
2.8155626005602094608093466376885771751404
2.7665167327219637449786659999517723917961
2.7171792949686426332789324078476056456566
2.6675650124634326942896223044954240322113
2.6176895958254782215135492151603102684021
2.5675697561329342555325183639070019125938
2.5172232160326415417728185275336727499962
2.4666687169328578299598575540585443377495
2.4159260224335317168709025281714275479317
2.3650159180307603890014434000477194786072
2.3139602071604024047246639383956789970398
2.2627817036518895754682034748839214444160
2.2115042206052355489021010725991800427437
2.1601525557311398451076911442214623093605
2.1087524731491531504445902100997045636177
2.0573306815302987438087711780099198222160
2.0059148085233546865424614225048571825027
1.9545333711370520557437657771515659987926
1.9032157417957693557042375687160529196262
1.8519921093982509852082785073434934020042
1.8008934345830747147942929586861282587051
1.7499513979862777457441325168474577367306
1.6991983398484142853135381301399320363998
1.6486671887602515340631725848652422428131
1.5983913767472841538364036750863306224346
1.5484047371304199280928060034057125449181
1.4987413809135887721168955977191217243671
1.4494355466461370518516105221351608633995
1.4005214183842107367183871247107163071632
1.3520329058790230281061894856975413858891
1.3040033815852922760569754245807416737080
1.2564653700209931219688996861805208027363
1.2094501868609150996292100899154320359230
1.1629875284452135808521688886685296893120
1.1171050168161524851484500686638057231903
1.0718277114655654358443825913127511739731
1.0271776062599524692586783203296363353729
0.9831731384599337042473621295357588678598
0.9398287449330302578687224013265222311020
0.8971545078064322442656930434168316423893
0.8551559351259137020662137729232199490070
0.8138339188036379789892293956654611974955
0.7731848986569032078364216431509703397751
0.7332012336818926057091516668151598423719
0.6938717378659845502753000801021698862314
0.6551822790681545161106669183936901390553
0.6171162742706725046204496720747556537390
0.5796548620606851720538088557077571749687
0.5427765254963445862301796296378597617149
0.5064560184944112419813677661295514553785
0.4706626611511034452561830221384298056364
0.4353584419549253459180704339814838021994
0.4004968803931936993656393042329000309110
0.3660241731252448782463204679515911266208
0.3318845907506618453375324406806612387300
0.2980321552711673871449704620317788794637
0.2644500329758421308667948324000462889671
0.2311776005195070315956229478615568950772
0.1983426144883420061404422085615806281567
0.1661920100701206881588234409719007089734
0.1351091867111774980081406738463556393981
0.1056009260523955856081457227446662727743
0.0782472121480960458583808758703526109457
0.0536527483712560052109274977283348562196
0.0324931353365419742229569521896337391809
0.0156864800796572695373853889577731024474
0.0044808520881712207706293327191815478727
0.0001287783710050627371083986627553485960
0.0032120598144395671839912420608698084834
0.0132302648692517975381743866591932601295
0.0289037661627586962842517692706678644754
0.0488557688351620514333184530642029130831
0.0720202113665135285058838121585722547024
0.0976051879399057881192547370119427796453
0.1249134758480281021109092876031354535371
0.1532725743804765339284301717270864173770
0.1820745296494500342632250067254062741995
0.2108306260785229591103728807865991257131
0.2391912717540795041415435662202071398497
0.2669328842321473382881436009483877569437
0.2939285682293815149535021191695705056190
0.3201157891052204829129834706691326573491
0.3454683581712044704303821163193788379431
0.3699758525599745051515299110178602859378
0.3936308623968940989534814889339031651616
0.4164228147993780937419217025308171287179
0.4383363920185875395318930713983718305826
0.4593525312494357026871227844821987673640
0.4794503923537723477643623937183292582631
0.4986092428757971095620860069175250828266
0.5168097437291861995234398818865884095430
0.5340345183234825876539275668619666248560
0.5502681265360390705509985309618059545755
0.5654966645360535171249694030848331749439
0.5797072152925152321856216985906939953566
0.5928873271924497423412958596600219607353
0.6050246333240586471546862412651535123587
0.6161066632246875451883738605829421430826
0.6261208519117295034916992335638497024775
0.6350547206958612189708901496487669646740
0.6428961881078234519293346238555386662483
0.6496339641676365239675305929267778992653
0.6552579833919044416390420337847899645567
0.6597598376113757989713803908671252429485
0.6631331774924058564124607073608785867691
0.6653740592649667329183671427017543464899
0.6664812198218286187767489536781795322895
0.6664562691279664052856901435006875544786
0.6653037928457058436393367628625128418207
0.6630313614848352132824516047548968344927
0.6596494445215984603336778491211589425802
0.6551712302034082835433537184144370257854
0.6496123538882138115369002662191633135080
0.6429905408288412171913250858779065310955
0.6353251732276593566339784047158900648355
0.6266367966489801988316798997402656823397
0.6169465876372485224621300403669010847807
0.6062758118561546449853949525277130305767
0.5946453101558262233083951286971569061279
0.5820750567169411526791122923896182328463
0.5685838371925706624665508570615202188492
0.5541890921613685794255843575228936970234
0.5389069590937527465257517178542912006378
0.5227525201931734200044843419163953512907
0.5057402214325170675124354602303355932236
0.4878843698604831136123038959340192377567
0.4691995393663677127449318504659458994865
0.4497005730124867817210088105639442801476
0.4294013678516297449760941162821836769581
0.4083098254081005684668070898624137043953
0.3864123996008555494974245902994880452752
0.3636411375395457445947045016509946435690
0.3398401061124045607897414811304770410061
0.3148067543706992155172486036462942138314
0.2884881160126746557637034129584208130836
0.2612119037069083327118335091654444113374
0.2335944125043940000630016129434807226062
0.2060408263298782183259305611500167287886
0.1784476443423192171255919902250752784312
0.1506631523073979350701989687877357937396
0.1231721456716038387568801226734649389982
0.0970129067516144472094197226397227495909
0.0730184140917404661541567634230887051672
0.0514368780854040988370634579496254445985
0.0323889389117901008163791232163930544630
0.0165476210005425644622434333541605155915
0.0053075815240803377384470884692291292595
0.0002640569183050445081599455487975092183
0.0023588270126331644521711083939408126753
0.0113668936604930433803550826610262447502
0.0261568622074097242857781964175956090912
0.0454042548639861306969400800426228670403
0.0680734138463741644820004239591071382165
0.0934268467697891291656731027615023776889
0.1208425298914900386515469676851353142411
0.1497241664254654047727655097332899458706
0.1795318771044709660333893452843767590821
0.2098390542784826229283368093092576600611
0.2403571259080458932810842043181764893234
0.2709255317035471066766660896973917260766
0.3014833617356105777140840018546441569924
0.3320366594005353944041303293488454073668
0.3626293799162839115446388404961908236146
0.3933215695884056395392747162986779585481
0.4241754419360537764482899092399748042226
0.4552482557993950407215777431702008470893
0.4865900623910585642839521369751309975982
0.5182442824437663020376021449919790029526
0.5502494323443032353537773815332911908627
0.5826408685004516030403465265408158302307
0.6154519561318285703066521818982437252998
0.6487144739392305403669070074101909995079
0.6824583020520447185219836683245375752449
0.7167105222539151831995241082040593028069
0.7514940301184064308515075936156790703535
0.7868256694285834518254318936669733375311
0.8227138042077839497068225682596676051617
0.8591551976557343373031017108587548136711
0.8961311291831194347778932751680258661509
0.9336029049071348229205113966600038111210
0.9715073359161199295641608841833658516407
1.0097533466254475786882949250866658985615
1.0482215103419667556750027870293706655502
1.0867687489376427478759978839661926031113
1.1252403416248895062778956344118341803551
1.1634904313577465462259397099842317402363
1.2014102358553955252062905856291763484478
1.2389603683789791599423324441886506974697
1.2762007340726306825473557182704098522663
1.3133094820993251872209839348215609788895
1.3505826340436706267666977510089054703712
1.3884090146671836940583943942328914999962
1.4272207801683096661804484028834849596024
1.4674268139501915886313554437947459518909
1.5093423214546470845220937917474657297134
1.5531308138245227823404093214776366949081
1.5987729532169412394182472780812531709671
1.6460706845219712501915410030051134526730
1.6946865591899689107435733603779226541519
1.7442098813986433025746691782842390239239
1.7942356851811636087035140008083544671535
1.8444407495899557414276159761357121169567
1.8946425728775471153397802481777034699917
1.9448312160272955839701580771361477673054
1.9951688905203275314903521575615741312504
2.0459573550663865404430907801724970340729
2.0975783742140237109197187237441539764404
2.1504174442945522827130844234488904476166
2.2047849424528602746420347102684900164604
2.2608504947331411472077888902276754379272
2.3186044618065375644277992250863462686539
2.3778547338457336479677906027063727378845
2.4382587124955832358352836308768019080162
2.4993818690582050301429717364953830838203
2.5607683109713081925917776970891281962395
2.6220071896991790083575324388220906257629
2.6827817434696585863207474176306277513504
2.7428938820132118259209619282046332955360
2.8022641876013394401923051191261038184166
2.8609128211465071345287469739560037851334
2.9189297532608815544108438189141452312469
2.9764428138411029856058576115174219012260
3.0335900259458550287661182665033265948296
3.0904997370665880929152535827597603201866
3.1472792662998632096105211530812084674835
3.2040108214533726815886893746210262179375
3.2607524995275074530809433781541883945465
3.3175421013792822932941817271057516336441
3.3744019336275208331699104746803641319275
3.4313434053869222850607911823317408561707
3.4883708183436152872047841810854151844978
3.5454841805567465229387380531989037990570
3.6026811269013467864397171069867908954620
3.6599581365929534371161935268901288509369
3.7173112528246510244400724332081153988838
3.7747364778479601810090571234468370676041
3.8322299708516651683964937546988949179649
3.8897881334018804544427894143154844641685
3.9474076345741995197613505297340452671051
4.0050854056732791974582141847349703311920
4.0628186209368140069386754475999623537064
4.1206046725877047975927780498750507831573
4.1784411445863263168121193302795290946960
4.2363257870277895023036762722767889499664
4.2942564923429547008026929688639938831329
4.3522312736400383670343217090703547000885
4.4102482455898952551365255203563719987869
4.4683056078026277546655364858452230691910
4.5264016307780590153697630739770829677582
4.5845346443711845196844478778075426816940
4.6427030286255686064578185323625802993774
4.7009052068793728551554522709921002388000
4.7591396409122790345236353459767997264862
4.8174048279824273066651585395447909832001
4.8756992994840260280398069880902767181396
