0.0000000000000000000000000000000000000000
0.0020040080160320639622584248940029283403
0.0040080160320641279245168497880058566807
0.0060120240480961923204561436762105586240
0.0080160320641282558490336995760117133614
0.0100200400801603202449729934642164153047
0.0120240480961923846409122873524211172480
0.0140280561122244490368515812406258191913
0.0160320641282565116980673991520234267227
0.0180360721442885778287301690170352230780
0.0200400801603206404899459869284328306094
0.0220440881763527066206087567934446269646
0.0240480961923847692818245747048422344960
0.0260521042084168319430403926162398420274
0.0280561122244488980737031624812516383827
0.0300601202404809607349189803926492459141
0.0320641282565130233961347983040468534455
0.0340681362725450895267975681690586498007
0.0360721442885771556574603380340704461560
0.0380761523046092217881231078990822425112
0.0400801603206412809798919738568656612188
0.0420841683366733471105547437218774575740
0.0440881763527054132412175135868892539293
0.0460921843687374724329863795446726726368
0.0480961923847695385636491494096844689921
0.0501002004008016046943119192746962653473
0.0521042084168336638860807852324796840549
0.0541082164328657300167435550974914804101
0.0561122244488977961474063249625032767653
0.0581162324649298622780690948275150731206
0.0601202404809619214698379607852984918281
0.0621242484969939876005007306503102881834
0.0641282565130260467922695966080937068909
0.0661322645290581129229323664731055032462
0.0681362725450901790535951363381172996014
0.0701402805611222451842579062031290959567
0.0721442885771543113149206760681408923119
0.0741482965931863774455834459331526886672
0.0761523046092184435762462157981644850224
0.0781563126252504958291211778487195260823
0.0801603206412825619597839477137313224375
0.0821643286573146280904467175787431187928
0.0841683366733466942211094874437549151480
0.0861723446893787603517722573087667115033
0.0881763527054108264824350271737785078585
0.0901803607214428926130977970387903042138
0.0921843687374749448659727590893453452736
0.0941883767535070109966355289543571416289
0.0961923847695390771272982988193689379841
0.0981963927855711432579610686843807343394
0.1002004008016032093886238385493925306946
0.1022044088176352755192866084144043270499
0.1042084168336673277721615704649593681097
0.1062124248496993939028243403299711644650
0.1082164328657314600334871101949829608202
0.1102204408817635261641498800599947571754
0.1122244488977955922948126499250065535307
0.1142284569138276584254754197900183498859
0.1162324649298597245561381896550301462412
0.1182364729458917768090131517055851873010
0.1202404809619238429396759215705969836563
0.1222444889779559090703386914356087800115
0.1242484969939879752010014613006205763668
0.1262525050100200274538764233511756174266
0.1282565130260520935845391932161874137819
0.1302605210420841597152019630811992101371
0.1322645290581162258458647329462110064924
0.1342685370741482919765275028112228028476
0.1362725450901803581071902726762345992029
0.1382765531062124242378530425412463955581
0.1402805611222444903685158124062581919134
0.1422845691382765564991785822712699882686
0.1442885771543086226298413521362817846239
0.1462925851703406887605041220012935809791
0.1482965931863727548911668918663053773344
0.1503006012024048210218296617313171736896
0.1523046092184368871524924315963289700449
0.1543086172344689255275795858324272558093
0.1563126252505009916582423556974390521646
0.1583166332665330577889051255624508485198
0.1603206412825651239195678954274626448750
0.1623246492985971900502306652924744412303
0.1643286573146292561808934351574862375855
0.1663326653306613223115562050224980339408
0.1683366733466933884422189748875098302960
0.1703406813627254545728817447525216266513
0.1723446893787575207035445146175334230065
0.1743486973947895868342072844825452193618
0.1763527054108216529648700543475570157170
0.1783567134268537190955328242125688120723
0.1803607214428857852261955940775806084275
0.1823647294589178236012827483136788941920
0.1843687374749498897319455181786906905472
0.1863727454909819558626082880437024869025
0.1883767535070140219932710579087142832577
0.1903807615230460881239338277737260796130
0.1923847695390781542545965976387378759682
0.1943887775551102203852593675037496723235
0.1963927855711422865159221373687614686787
0.1983967935871743526465849072337732650340
0.2004008016032064187772476770987850613892
0.2024048096192384849079104469637968577445
0.2044088176352705510385732168288086540997
0.2064128256513026171692359866938204504550
0.2084168336673346555443231409299187362194
0.2104208416833667216749859107949305325747
0.2124248496993987878056486806599423289299
0.2144288577154308539363114505249541252851
0.2164328657314629200669742203899659216404
0.2184368737474949861976369902549777179956
0.2204408817635270523282997601199895143509
0.2224448897795591184589625299850013107061
0.2244488977955911845896252998500131070614
0.2264529058116232507202880697150249034166
0.2284569138276553168509508395800366997719
0.2304609218436873829816136094450484961271
0.2324649298597194491122763793100602924824
0.2344689378757515152429391491750720888376
0.2364729458917835536180263034111703746021
0.2384769539078156197486890732761821709573
0.2404809619238476858793518431411939673126
0.2424849699398797520100146130062057636678
0.2444889779559118181406773828712175600231
0.2464929859719438842713401527362293563783
0.2484969939879759504020029226012411527336
0.2505010020040079887770900768373394384980
0.2525050100200400549077528467023512348533
0.2545090180360721210384156165673630312085
0.2565130260521041871690783864323748275638
0.2585170340681362532997411562973866239190
0.2605210420841683194304039261623984202743
0.2625250501002003855610666960274102166295
0.2645290581162324516917294658924220129848
0.2665330661322645178223922357574338093400
0.2685370741482965839530550056224456056952
0.2705410821643286500837177754874574020505
0.2725450901803607162143805453524691984057
0.2745490981963927823450433152174809947610
0.2765531062124248484757060850824927911162
0.2785571142284569146063688549475045874715
0.2805611222444889807370316248125163838267
0.2825651302605210468676943946775281801820
0.2845691382765531129983571645425399765372
0.2865731462925851791290199344075517728925
0.2885771543086172452596827042725635692477
0.2905811623246493113903454741375753656030
0.2925851703406813775210082440025871619582
0.2945891783567134436516710138675989583135
0.2965931863727455097823337837326107546687
0.2985971943887775759129965535976225510240
0.3006012024048096420436593234626343473792
0.3026052104208417081743220933276461437345
0.3046092184368737743049848631926579400897
0.3066132264529057849244964017998427152634
0.3086172344689378510551591716648545116186
0.3106212424849699171858219415298663079739
0.3126252505010019833164847113948781043291
0.3146292585170340494471474812598899006844
0.3166332665330661155778102511249016970396
0.3186372745490981817084730209899134933949
0.3206412825651302478391357908549252897501
0.3226452905811623139697985607199370861053
0.3246492985971943801004613305849488824606
0.3266533066132264462311241004499606788158
0.3286573146292585123617868703149724751711
0.3306613226452905784924496401799842715263
0.3326653306613226446231124100449960678816
0.3346693386773547107537751799100078642368
0.3366733466933867768844379497750196605921
0.3386773547094188430151007196400314569473
0.3406813627254509091457634895050432533026
0.3426853707414829752764262593700550496578
0.3446893787575150414070890292350668460131
0.3466933867735471075377517991000786423683
0.3486973947895791736684145689650904387236
0.3507014028056112397990773388301022350788
0.3527054108216433059297401086951140314341
0.3547094188376753720604028785601258277893
0.3567134268537074381910656484251376241446
0.3587174348697395043217284182901494204998
0.3607214428857715704523911881551612168550
0.3627254509018035810719027267623459920287
0.3647294589178356472025654966273577883840
0.3667334669338677133332282664923695847392
0.3687374749498997794638910363573813810945
0.3707414829659318455945538062223931774497
0.3727454909819639117252165760874049738050
0.3747494989979959778558793459524167701602
0.3767535070140280439865421158174285665154
0.3787575150300601101172048856824403628707
0.3807615230460921762478676555474521592259
0.3827655310621242423785304254124639555812
0.3847695390781563085091931952774757519364
0.3867735470941883746398559651424875482917
0.3887775551102204407705187350074993446469
0.3907815631262525069011815048725111410022
0.3927855711422845730318442747375229373574
0.3947895791583166391625070446025347337127
0.3967935871743487052931698144675465300679
0.3987975951903807714238325843325583264232
0.4008016032064128375544953541975701227784
0.4028056112224449036851581240625819191337
0.4048096192384769698158208939275937154889
0.4068136272545090359464836637926055118442
0.4088176352705411020771464336576173081994
0.4108216432865731682078092035226291045547
0.4128256513026052343384719733876409009099
0.4148296593186373004691347432526526972651
0.4168336673346693110886462818598374724388
0.4188376753507013772193090517248492687941
0.4208416833667334433499718215898610651493
0.4228456913827655094806345914548728615046
0.4248496993987975756112973613198846578598
0.4268537074148296417419601311848964542150
0.4288577154308617078726229010499082505703
0.4308617234468937740032856709149200469255
0.4328657314629258401339484407799318432808
0.4348697394789579062646112106449436396360
0.4368737474949899723952739805099554359913
0.4388777555110220385259367503749672323465
0.4408817635270541046565995202399790287018
0.4428857715430861707872622901049908250570
0.4448897795591182369179250599700026214123
0.4468937875751503030485878298350144177675
0.4488977955911823691792505997000262141228
0.4509018036072144353099133695650380104780
0.4529058116232465014405761394300498068333
0.4549098196392785675712389092950616031885
0.4569138276553106337019016791600733995438
0.4589178356713426998325644490250851958990
0.4609218436873747659632272188900969922543
0.4629258517034068320938899887551087886095
0.4649298597194388982245527586201205849648
0.4669338677354709643552155284851323813200
0.4689378757515030304858782983501441776752
0.4709418837675350966165410682151559740305
0.4729458917835671072360526068223407492042
0.4749498997995991733667153766873525455594
0.4769539078156312394973781465523643419147
0.4789579158316633056280409164173761382699
0.4809619238476953717587036862823879346251
0.4829659318637274378893664561473997309804
0.4849699398797595040200292260124115273356
0.4869739478957915701506919958774233236909
0.4889779559118236362813547657424351200461
0.4909819639278557024120175356074469164014
0.4929859719438877685426803054724587127566
0.4949899799599198346733430753374705091119
0.4969939879759519008040058452024823054671
0.4989979959919839669346686150674941018224
0.5010020040080159775541801536746788769960
0.5030060120240480436848429235396906733513
0.5050100200400801098155056934047024697065
0.5070140280561121759461684632697142660618
0.5090180360721442420768312331347260624170
0.5110220440881763082074940029997378587723
0.5130260521042083743381567728647496551275
0.5150300601202404404688195427297614514828
0.5170340681362725065994823125947732478380
0.5190380761523045727301450824597850441933
0.5210420841683366388608078523247968405485
0.5230460921843687049914706221898086369038
0.5250501002004007711221333920548204332590
0.5270541082164328372527961619198322296143
0.5290581162324649033834589317848440259695
0.5310621242484969695141217016498558223248
0.5330661322645290356447844715148676186800
0.5350701402805611017754472413798794150352
0.5370741482965931679061100112448912113905
0.5390781563126252340367727811099030077457
0.5410821643286573001674355509749148041010
0.5430861723446893662980983208399266004562
0.5450901803607214324287610907049383968115
0.5470941883767534985594238605699501931667
0.5490981963927855646900866304349619895220
0.5511022044088176308207494002999737858772
0.5531062124248496969514121701649855822325
0.5551102204408817630820749400299973785877
0.5571142284569138292127377098950091749430
0.5591182364729458953434004797600209712982
0.5611222444889779614740632496250327676535
0.5631262525050100276047260194900445640087
0.5651302605210420937353887893550563603640
0.5671342685370741598660515592200681567192
0.5691382765531062259967143290850799530745
0.5711422845691382921273770989500917494297
0.5731462925851703582580398688151035457850
0.5751503006012024243887026386801153421402
0.5771543086172344905193654085451271384954
0.5791583166332665566500281784101389348507
0.5811623246492986227806909482751507312059
0.5831663326653306889113537181401625275612
0.5851703406813627550420164880051743239164
0.5871743486973948211726792578701861202717
0.5891783567134268873033420277351979166269
0.5911823647294589534340047976002097129822
0.5931863727454910195646675674652215093374
0.5951903807615230856953303373302333056927
0.5971943887775551518259931071952451020479
0.5991983967935872179566558770602568984032
0.6012024048096192840873186469252686947584
0.6032064128256513502179814167902804911137
0.6052104208416834163486441866552922874689
0.6072144288577154824793069565203040838242
0.6092184368737475486099697263853158801794
0.6112224448897795037183300337346736341715
0.6132264529058115698489928035996854305267
0.6152304609218436359796555734646972268820
0.6172344689378757021103183433297090232372
0.6192384769539077682409811131947208195925
0.6212424849699398343716438830597326159477
0.6232464929859719005023066529247444123030
0.6252505010020039666329694227897562086582
0.6272545090180360327636321926547680050135
0.6292585170340680988942949625197798013687
0.6312625250501001650249577323847915977240
0.6332665330661322311556205022498033940792
0.6352705410821642972862832721148151904345
0.6372745490981963634169460419798269867897
0.6392785571142284295476088118448387831450
0.6412825651302604956782715817098505795002
0.6432865731462925618089343515748623758554
0.6452905811623246279395971214398741722107
0.6472945891783566940702598913048859685659
0.6492985971943887602009226611698977649212
0.6513026052104208263315854310349095612764
0.6533066132264528924622482008999213576317
0.6553106212424849585929109707649331539869
0.6573146292585170247235737406299449503422
0.6593186372745490908542365104949567466974
0.6613226452905811569848992803599685430527
0.6633266533066132231155620502249803394079
0.6653306613226452892462248200899921357632
0.6673346693386773553768875899550039321184
0.6693386773547094215075503598200157284737
0.6713426853707414876382131296850275248289
0.6733466933867735537688758995500393211842
0.6753507014028056198995386694150511175394
0.6773547094188376860302014392800629138947
0.6793587174348697521608642091450747102499
0.6813627254509018182915269790100865066051
0.6833667334669338844221897488750983029604
0.6853707414829659505528525187401100993156
0.6873747494989980166835152886051218956709
0.6893787575150300828141780584701336920261
0.6913827655310621489448408283351454883814
0.6933867735470942150755035982001572847366
0.6953907815631262812061663680651690810919
0.6973947895791583473368291379301808774471
0.6993987975951904134674919077951926738024
0.7014028056112224795981546776602044701576
0.7034068136272545457288174475252162665129
0.7054108216432866118594802173902280628681
0.7074148296593186779901429872552398592234
0.7094188376753507441208057571202516555786
0.7114228456913828102514685269852634519339
0.7134268537074148763821312968502752482891
0.7154308617234469425127940667152870446444
0.7174348697394790086434568365802988409996
0.7194388777555110747741196064453106373549
0.7214428857715431409047823763103224337101
0.7234468937875750960131426836596801877022
0.7254509018036071621438054535246919840574
0.7274549098196392282744682233897037804127
0.7294589178356712944051309932547155767679
0.7314629258517033605357937631197273731232
0.7334669338677354266664565329847391694784
0.7354709418837674927971193028497509658337
0.7374749498997995589277820727147627621889
0.7394789579158316250584448425797745585442
0.7414829659318636911891076124447863548994
0.7434869739478957573197703823097981512547
0.7454909819639278234504331521748099476099
0.7474949899799598895810959220398217439651
0.7494989979959919557117586919048335403204
0.7515030060120240218424214617698453366756
0.7535070140280560879730842316348571330309
0.7555110220440881541037470014998689293861
0.7575150300601202202344097713648807257414
0.7595190380761522863650725412298925220966
0.7615230460921843524957353110949043184519
0.7635270541082164186263980809599161148071
0.7655310621242484847570608508249279111624
0.7675350701402805508877236206899397075176
0.7695390781563126170183863905549515038729
0.7715430861723446831490491604199633002281
0.7735470941883767492797119302849750965834
0.7755511022044088154103747001499868929386
0.7775551102204408815410374700149986892939
0.7795591182364729476717002398800104856491
0.7815631262525050138023630097450222820044
0.7835671342685370799330257796100340783596
0.7855711422845691460636885494750458747149
0.7875751503006012121943513193400576710701
0.7895791583166332783250140892050694674253
0.7915831663326653444556768590700812637806
0.7935871743486974105863396289350930601358
0.7955911823647294767170023988001048564911
0.7975951903807615428476651686651166528463
0.7995991983967936089783279385301284492016
0.8016032064128256751089907083951402455568
0.8036072144288577412396534782601520419121
0.8056112224448898073703162481251638382673
0.8076152304609218735009790179901756346226
0.8096192384769539396316417878551874309778
0.8116232464929860057623045577201992273331
0.8136272545090180718929673275852110236883
0.8156312625250501380236300974502228200436
0.8176352705410822041542928673152346163988
0.8196392785571142702849556371802464127541
0.8216432865731463364156184070452582091093
0.8236472945891784025462811769102700054646
0.8256513026052104686769439467752818018198
0.8276553106212425348076067166402935981750
0.8296593186372746009382694865053053945303
0.8316633266533066670689322563703171908855
0.8336673346693386221772925637196749448776
0.8356713426853706883079553335846867412329
0.8376753507014027544386181034496985375881
0.8396793587174348205692808733147103339434
0.8416833667334668866999436431797221302986
0.8436873747494989528306064130447339266539
0.8456913827655310189612691829097457230091
0.8476953907815630850919319527747575193644
0.8496993987975951512225947226397693157196
0.8517034068136272173532574925047811120749
0.8537074148296592834839202623697929084301
0.8557114228456913496145830322348047047853
0.8577154308617234157452458020998165011406
0.8597194388777554818759085719648282974958
0.8617234468937875480065713418298400938511
0.8637274549098196141372341116948518902063
0.8657314629258516802678968815598636865616
0.8677354709418837463985596514248754829168
0.8697394789579158125292224212898872792721
0.8717434869739478786598851911548990756273
0.8737474949899799447905479610199108719826
0.8757515030060120109212107308849226683378
0.8777555110220440770518735007499344646931
0.8797595190380761431825362706149462610483
0.8817635270541082093131990404799580574036
0.8837675350701402754438618103449698537588
0.8857715430861723415745245802099816501141
0.8877755511022044077051873500749934464693
0.8897795591182364738358501199400052428246
0.8917835671342685399665128898050170391798
0.8937875751503006060971756596700288355350
0.8957915831663326722278384295350406318903
0.8977955911823647383585011994000524282455
0.8997995991983968044891639692650642246008
0.9018036072144288706198267391300760209560
0.9038076152304609367504895089950878173113
0.9058116232464930028811522788600996136665
0.9078156312625250690118150487251114100218
0.9098196392785571351424778185901232063770
0.9118236472945892012731405884551350027323
0.9138276553106212674038033583201467990875
0.9158316633266533335344661281851585954428
0.9178356713426853996651288980501703917980
0.9198396793587174657957916679151821881533
0.9218436873747495319264544377801939845085
0.9238476953907815980571172076452057808638
0.9258517034068136641877799775102175772190
0.9278557114228457303184427473752293735743
0.9298597194388777964491055172402411699295
0.9318637274549098625797682871052529662848
0.9338677354709419287104310569702647626400
0.9358717434869739948410938268352765589952
0.9378757515030060609717565967002883553505
0.9398797595190381271024193665653001517057
0.9418837675350701932330821364303119480610
0.9438877755511022593637449062953237444162
0.9458917835671342144721052136446814984083
0.9478957915831662806027679835096932947636
0.9498997995991983467334307533747050911188
0.9519038076152304128640935232397168874741
0.9539078156312624789947562931047286838293
0.9559118236472945451254190629697404801846
0.9579158316633266112560818328347522765398
0.9599198396793586773867446026997640728951
0.9619238476953907435174073725647758692503
0.9639278557114228096480701424297876656055
0.9659318637274548757787329122947994619608
0.9679358717434869419093956821598112583160
0.9699398797595190080400584520248230546713
0.9719438877755510741707212218898348510265
0.9739478957915831403013839917548466473818
0.9759519038076152064320467616198584437370
0.9779559118236472725627095314848702400923
0.9799599198396793386933723013498820364475
0.9819639278557114048240350712148938328028
0.9839679358717434709546978410799056291580
0.9859719438877755370853606109449174255133
0.9879759519038076032160233808099292218685
0.9899799599198396693466861506749410182238
0.9919839679358717354773489205399528145790
0.9939879759519038016080116904049646109343
0.9959919839679358677386744602699764072895
0.9979959919839679338693372301349882036448
1.0000000000000000000000000000000000000000
