0.0691354051554274873225836017809342592955
0.6254211139362714222400541075330693274736
0.7859952602470271498802389942284207791090
0.9134597602601126631327588256681337952614
0.7323051406526295270538184922770597040653
0.1304565259494614715141125316222314722836
0.8159181149513335951084513908426743000746
0.0863077926649170185102732943960290867835
0.1850142893987861414384354930007248185575
0.0000000394234058157427909308001545696243
0.4588392744710084181214426735095912590623
0.5057402101473387201480136354803107678890
0.5005179041863146993662780914746690541506
0.4593068194691529160245124785433290526271
