-2.2719742650451055787641507777152583003044
-0.0749887930917232381489156978204846382141
-2.4998318664876917338801831647288054227829
1.6010322619785268827286017767619341611862
-1.4012839974250728136695443026837892830372
-2.4461425489314021497477824595989659428596
-2.0614679693794797366024340590229257941246
-2.2910965383467640776871121488511562347412
-2.4161609696219468190747647895477712154388
-2.4999998423063147789946469856658950448036
-6.1004740718189092163470377272460609674454
-5.9639165060714143251630048325750976800919
-6.0853777708293161907704416080377995967865
-6.1093242932993492289028836239594966173172
-1.4887332974808984431547287385910749435425
-5.9276425629519273741152574075385928153992
-5.9369574071475170740086468867957592010498
-5.9585633627531588984993504709564149379730
-5.9104221635475742147036726237274706363678
