RUNNING THE L-BFGS-B CODE

it    = iteration number
nf    = number of function evaluations
nseg  = number of segments explored during the Cauchy search
nact  = number of active bounds at the generalized Cauchy point
sub   = manner in which the subspace minimization terminated:
        con = converged, bnd = a bound was reached
itls  = number of iterations performed in the line search
stepl = step length used
tstep = norm of the displacement (total step)
projg = norm of the projected gradient
f     = function value

           * * *

Machine precision = 2.220D-16
 N =         1502     M =           10

   it   nf  nseg  nact  sub  itls  stepl    tstep     projg        f
    0    1     -     -   -     -     -        -     3.968D+03  5.054D+03
    1    8     1     0  ---    6  1.4D-06  1.6D-02  3.937D+03  4.876D+03
    2   10     0     0  con    1  3.3D-01  5.7D-03  3.368D+03  4.854D+03
    3   11     0     0  con    0  1.0D+00  1.1D-02  3.262D+03  4.785D+03
    4   12     0     0  con    0  1.0D+00  4.5D-02  5.705D+03  4.684D+03
    5   13     0     0  con    0  1.0D+00  1.1D-02  3.613D+03  4.607D+03
    6   14     0     0  con    0  1.0D+00  5.0D-02  2.956D+03  4.597D+03
    7   15     0     0  con    0  1.0D+00  4.9D-03  1.204D+03  4.579D+03
    8   18     0     0  con    2  1.5D+00  2.1D-02  2.427D+03  4.549D+03
    9   20     0     0  con    1  2.1D-01  4.3D-03  3.010D+03  4.546D+03
   10   21     0     0  con    0  1.0D+00  7.9D-03  1.707D+03  4.512D+03
   11   22     0     0  con    0  1.0D+00  6.4D-02  9.338D+03  4.429D+03
   12   23     0     0  con    0  1.0D+00  8.3D-03  2.459D+03  4.370D+03
   13   24     0     0  con    0  1.0D+00  1.8D-02  1.918D+03  4.341D+03
   14   25     0     0  con    0  1.0D+00  2.2D-02  1.522D+03  4.327D+03
   15   26     0     0  con    0  1.0D+00  4.0D-02  9.084D+02  4.299D+03
   16   27     0     0  con    0  1.0D+00  4.3D-02  2.464D+03  4.285D+03
   17   28     0     0  con    0  1.0D+00  1.4D-02  2.513D+03  4.257D+03
   18   29     0     0  con    0  1.0D+00  2.8D-02  1.041D+03  4.223D+03
   19   30     0     0  con    0  1.0D+00  2.4D-02  8.025D+02  4.211D+03
   20   31     0     0  con    0  1.0D+00  2.5D-02  1.077D+03  4.198D+03
   21   32     0     0  con    0  1.0D+00  5.7D-02  9.696D+02  4.168D+03
   22   33     0     0  con    0  1.0D+00  8.5D-02  3.041D+03  4.107D+03
   23   35     0     0  con    1  3.4D-01  1.8D-02  5.965D+03  4.090D+03
   24   36     0     0  con    0  1.0D+00  3.8D-02  1.027D+03  4.066D+03
   25   37     0     0  con    0  1.0D+00  1.3D-02  8.417D+02  4.061D+03
   26   38     0     0  con    0  1.0D+00  5.5D-03  6.511D+02  4.055D+03
   27   39     0     0  con    0  1.0D+00  3.6D-02  1.348D+03  4.028D+03
   28   40     0     0  con    0  1.0D+00  3.8D-02  3.079D+03  4.025D+03
   29   41     0     0  con    0  1.0D+00  2.7D-02  8.862D+02  4.013D+03
   30   42     0     0  con    0  1.0D+00  5.6D-03  8.051D+02  4.010D+03
   31   43     0     0  con    0  1.0D+00  8.1D-03  1.371D+03  4.005D+03
   32   44     0     0  con    0  1.0D+00  1.7D-02  8.914D+02  3.995D+03
   33   45     0     0  con    0  1.0D+00  3.7D-02  1.620D+03  3.978D+03
   34   47     0     0  con    1  2.1D-01  8.4D-03  1.116D+03  3.975D+03
   35   48     0     0  con    0  1.0D+00  1.4D-02  6.532D+02  3.968D+03
   36   49     0     0  con    0  1.0D+00  2.2D-02  7.947D+02  3.959D+03
   37   50     0     0  con    0  1.0D+00  3.5D-02  8.819D+02  3.946D+03
   38   52     0     0  con    1  4.0D-01  3.3D-02  1.574D+03  3.935D+03
   39   53     0     0  con    0  1.0D+00  3.7D-02  1.701D+03  3.922D+03
   40   54     0     0  con    0  1.0D+00  6.6D-03  9.433D+02  3.915D+03
   41   55     0     0  con    0  1.0D+00  1.6D-02  4.973D+02  3.906D+03
   42   56     0     0  con    0  1.0D+00  3.1D-02  1.248D+03  3.897D+03
   43   57     0     0  con    0  1.0D+00  4.7D-02  7.987D+02  3.882D+03
   44   58     0     0  con    0  1.0D+00  2.4D-02  8.640D+02  3.868D+03
   45   59     0     0  con    0  1.0D+00  5.9D-02  1.558D+03  3.840D+03
   46   61     0     0  con    1  4.5D-02  7.1D-03  1.453D+03  3.836D+03
   47   62     0     0  con    0  1.0D+00  2.8D-02  5.115D+02  3.823D+03
   48   63     0     0  con    0  1.0D+00  1.4D-02  5.767D+02  3.817D+03
   49   64     0     0  con    0  1.0D+00  3.9D-02  7.337D+02  3.805D+03
   50   65     0     0  con    0  1.0D+00  2.0D-02  1.113D+03  3.796D+03
   51   66     0     0  con    0  1.0D+00  2.4D-02  9.124D+02  3.785D+03
   52   67     0     0  con    0  1.0D+00  4.3D-02  9.575D+02  3.771D+03
   53   68     0     0  con    0  1.0D+00  1.4D-02  1.156D+03  3.766D+03
   54   69     0     0  con    0  1.0D+00  5.4D-03  5.545D+02  3.763D+03
   55   70     0     0  con    0  1.0D+00  1.2D-02  6.846D+02  3.760D+03
   56   71     0     0  con    0  1.0D+00  1.9D-02  7.639D+02  3.757D+03
   57   73     0     0  con    1  4.3D-01  1.2D-02  1.236D+03  3.755D+03
   58   74     0     0  con    0  1.0D+00  2.5D-02  7.227D+02  3.750D+03
   59   75     0     0  con    0  1.0D+00  3.6D-02  4.054D+02  3.744D+03
   60   76     0     0  con    0  1.0D+00  1.9D-02  3.394D+02  3.738D+03
   61   77     0     0  con    0  1.0D+00  2.6D-02  1.078D+03  3.730D+03
   62   78     0     0  con    0  1.0D+00  2.0D-02  7.025D+02  3.723D+03
   63   79     0     0  con    0  1.0D+00  5.2D-02  9.473D+02  3.712D+03
   64   81     0     0  con    1  1.6D-01  1.5D-02  6.466D+02  3.710D+03
   65   82     0     0  con    0  1.0D+00  2.2D-02  4.114D+02  3.707D+03
   66   83     0     0  con    0  1.0D+00  2.4D-02  6.224D+02  3.703D+03
   67   85     0     0  con    1  4.8D-01  7.3D-02  1.252D+03  3.694D+03
   68   86     0     0  con    0  1.0D+00  4.6D-02  1.800D+03  3.687D+03
   69   87     0     0  con    0  1.0D+00  1.3D-02  9.343D+02  3.677D+03
   70   88     0     0  con    0  1.0D+00  1.8D-02  7.340D+02  3.667D+03
   71   90     0     0  con    1  4.6D-01  5.6D-02  8.769D+02  3.663D+03
   72   91     0     0  con    0  1.0D+00  1.9D-02  8.045D+02  3.659D+03
   73   92     0     0  con    0  1.0D+00  1.8D-02  6.881D+02  3.652D+03
   74   93     0     0  con    0  1.0D+00  1.2D-01  3.739D+03  3.640D+03
   75   94     0     0  con    0  1.0D+00  4.3D-02  1.383D+03  3.628D+03
   76   95     0     0  con    0  1.0D+00  9.0D-03  5.600D+02  3.626D+03
   77   96     0     0  con    0  1.0D+00  1.2D-02  6.571D+02  3.624D+03
   78   97     0     0  con    0  1.0D+00  7.8D-03  6.185D+02  3.621D+03
   79   99     0     0  con    1  1.3D-01  1.7D-02  7.452D+02  3.618D+03
   80  100     0     0  con    0  1.0D+00  3.7D-02  9.058D+02  3.611D+03
   81  102     0     0  con    1  5.0D-02  1.4D-02  1.241D+03  3.608D+03
   82  103     0     0  con    0  1.0D+00  2.6D-02  4.764D+02  3.603D+03
   83  104     0     0  con    0  1.0D+00  1.6D-02  4.917D+02  3.602D+03
   84  105     0     0  con    0  1.0D+00  1.2D-02  3.863D+02  3.600D+03
   85  107     0     0  con    1  1.9D-01  1.3D-02  1.637D+03  3.598D+03
   86  108     0     0  con    0  1.0D+00  1.9D-02  1.214D+03  3.594D+03
   87  109     0     0  con    0  1.0D+00  1.7D-02  5.756D+02  3.587D+03
   88  111     0     0  con    1  2.9D-01  2.2D-02  1.092D+03  3.584D+03
   89  112     0     0  con    0  1.0D+00  1.3D-02  4.504D+02  3.581D+03
   90  113     0     0  con    0  1.0D+00  6.9D-03  3.652D+02  3.579D+03
   91  114     0     0  con    0  1.0D+00  4.2D-02  1.091D+03  3.570D+03
   92  115     0     0  con    0  1.0D+00  4.3D-02  9.966D+02  3.564D+03
   93  116     0     0  con    0  1.0D+00  1.8D-02  7.109D+02  3.559D+03
   94  117     0     0  con    0  1.0D+00  8.8D-03  6.206D+02  3.557D+03
   95  118     0     0  con    0  1.0D+00  2.1D-02  3.554D+02  3.555D+03
   96  120     0     0  con    1  1.2D-01  5.9D-03  1.337D+03  3.554D+03
   97  121     0     0  con    0  1.0D+00  4.7D-03  1.014D+03  3.552D+03
   98  122     0     0  con    0  1.0D+00  1.9D-02  7.326D+02  3.548D+03
   99  123     0     0  con    0  1.0D+00  7.1D-03  5.377D+02  3.546D+03
  100  124     0     0  con    0  1.0D+00  1.1D-02  7.657D+02  3.545D+03
  101  125     0     0  con    0  1.0D+00  7.2D-03  4.721D+02  3.543D+03
  102  126     0     0  con    0  1.0D+00  4.5D-03  6.114D+02  3.542D+03
  103  127     0     0  con    0  1.0D+00  9.0D-03  5.738D+02  3.540D+03
  104  128     0     0  con    0  1.0D+00  2.5D-02  1.469D+03  3.538D+03
  105  129     0     0  con    0  1.0D+00  1.5D-02  3.509D+02  3.534D+03
  106  130     0     0  con    0  1.0D+00  4.9D-03  2.583D+02  3.534D+03
  107  131     0     0  con    0  1.0D+00  6.9D-03  4.284D+02  3.533D+03
  108  133     0     0  con    1  3.2D-01  5.6D-03  1.047D+03  3.532D+03
  109  134     0     0  con    0  1.0D+00  7.0D-03  6.259D+02  3.531D+03
  110  135     0     0  con    0  1.0D+00  1.7D-02  2.881D+02  3.529D+03
  111  136     0     0  con    0  1.0D+00  8.5D-03  4.646D+02  3.528D+03
  112  137     0     0  con    0  1.0D+00  1.3D-02  5.181D+02  3.526D+03
  113  138     0     0  con    0  1.0D+00  3.5D-02  1.067D+03  3.523D+03
  114  139     0     0  con    0  1.0D+00  2.2D-02  8.660D+02  3.521D+03
  115  140     0     0  con    0  1.0D+00  1.2D-02  3.410D+02  3.518D+03
  116  141     0     0  con    0  1.0D+00  6.8D-03  3.221D+02  3.517D+03
  117  142     0     0  con    0  1.0D+00  1.2D-02  4.110D+02  3.516D+03
  118  144     0     0  con    1  3.7D-01  6.4D-03  7.027D+02  3.515D+03
  119  145     0     0  con    0  1.0D+00  6.4D-03  2.889D+02  3.514D+03
  120  146     0     0  con    0  1.0D+00  1.6D-02  4.884D+02  3.513D+03
  121  148     0     0  con    1  3.4D-01  7.3D-03  1.325D+03  3.512D+03
  122  149     0     0  con    0  1.0D+00  3.6D-03  1.118D+03  3.510D+03
  123  150     0     0  con    0  1.0D+00  1.9D-02  3.121D+02  3.505D+03
  124  151     0     0  con    0  1.0D+00  1.4D-02  3.808D+02  3.503D+03
  125  152     0     0  con    0  1.0D+00  2.1D-02  4.620D+02  3.498D+03
  126  154     0     0  con    1  4.4D-01  2.4D-02  4.870D+02  3.496D+03
  127  155     0     0  con    0  1.0D+00  1.9D-02  3.159D+02  3.493D+03
  128  156     0     0  con    0  1.0D+00  2.2D-02  2.796D+02  3.489D+03
  129  157     0     0  con    0  1.0D+00  3.5D-02  3.918D+02  3.483D+03
  130  159     0     0  con    1  4.2D-01  3.7D-02  1.398D+03  3.480D+03
  131  160     0     0  con    0  1.0D+00  3.1D-02  6.684D+02  3.475D+03
  132  161     0     0  con    0  1.0D+00  2.6D-02  1.298D+03  3.472D+03
  133  163     0     0  con    1  7.3D-02  8.6D-03  4.287D+02  3.471D+03
  134  164     0     0  con    0  1.0D+00  1.2D-02  3.821D+02  3.471D+03
  135  165     0     0  con    0  1.0D+00  3.7D-03  2.734D+02  3.469D+03
  136  166     0     0  con    0  1.0D+00  1.4D-02  2.567D+02  3.465D+03
  137  167     0     0  con    0  1.0D+00  3.7D-02  5.418D+02  3.462D+03
  138  168     0     0  con    0  1.0D+00  1.7D-02  5.937D+02  3.459D+03
  139  169     0     0  con    0  1.0D+00  1.3D-02  3.649D+02  3.457D+03
  140  170     0     0  con    0  1.0D+00  6.8D-03  3.166D+02  3.456D+03
  141  171     0     0  con    0  1.0D+00  1.0D-02  3.400D+02  3.454D+03
  142  172     0     0  con    0  1.0D+00  2.6D-02  5.955D+02  3.451D+03
  143  174     0     0  con    1  1.0D-01  1.3D-02  7.868D+02  3.450D+03
  144  175     0     0  con    0  1.0D+00  1.4D-02  1.027D+03  3.449D+03
  145  176     0     0  con    0  1.0D+00  9.5D-03  3.760D+02  3.448D+03
  146  177     0     0  con    0  1.0D+00  2.1D-03  2.729D+02  3.447D+03
  147  178     0     0  con    0  1.0D+00  3.7D-03  2.852D+02  3.447D+03
  148  179     0     0  con    0  1.0D+00  1.2D-02  3.116D+02  3.445D+03
  149  180     0     0  con    0  1.0D+00  2.4D-02  4.116D+02  3.441D+03
  150  182     0     0  con    1  1.6D-01  3.1D-02  6.375D+02  3.440D+03
  151  183     0     0  con    0  1.0D+00  8.2D-03  4.185D+02  3.437D+03
  152  184     0     0  con    0  1.0D+00  1.7D-02  6.411D+02  3.434D+03
  153  185     0     0  con    0  1.0D+00  2.8D-02  1.408D+03  3.433D+03
  154  186     0     0  con    0  1.0D+00  4.1D-03  5.785D+02  3.432D+03
  155  187     0     0  con    0  1.0D+00  4.5D-03  1.684D+03  3.431D+03
  156  188     0     0  con    0  1.0D+00  9.2D-03  6.812D+02  3.430D+03
  157  189     0     0  con    0  1.0D+00  1.8D-02  5.429D+02  3.428D+03
  158  190     0     0  con    0  1.0D+00  8.1D-03  4.420D+02  3.428D+03
  159  191     0     0  con    0  1.0D+00  3.0D-02  1.275D+03  3.427D+03
  160  192     0     0  con    0  1.0D+00  8.2D-03  4.851D+02  3.424D+03
  161  193     0     0  con    0  1.0D+00  4.6D-03  3.163D+02  3.423D+03
  162  194     0     0  con    0  1.0D+00  8.0D-03  5.184D+02  3.422D+03
  163  195     0     0  con    0  1.0D+00  9.7D-03  5.944D+02  3.422D+03
  164  196     0     0  con    0  1.0D+00  8.2D-03  4.676D+02  3.420D+03
  165  197     0     0  con    0  1.0D+00  2.2D-02  3.205D+02  3.417D+03
  166  198     0     0  con    0  1.0D+00  1.9D-02  9.171D+02  3.416D+03
  167  199     0     0  con    0  1.0D+00  8.9D-03  8.709D+02  3.415D+03
  168  200     0     0  con    0  1.0D+00  2.7D-03  4.548D+02  3.414D+03
  169  201     0     0  con    0  1.0D+00  6.2D-03  5.436D+02  3.413D+03
  170  202     0     0  con    0  1.0D+00  1.1D-02  5.138D+02  3.413D+03
  171  203     0     0  con    0  1.0D+00  2.6D-02  7.023D+02  3.411D+03
  172  204     0     0  con    0  1.0D+00  3.9D-02  1.265D+03  3.411D+03
  173  206     0     0  con    1  3.1D-01  4.1D-02  5.539D+02  3.408D+03
  174  207     0     0  con    0  1.0D+00  1.8D-02  1.965D+02  3.406D+03
  175  208     0     0  con    0  1.0D+00  1.5D-02  1.938D+02  3.405D+03
  176  209     0     0  con    0  1.0D+00  8.5D-03  2.979D+02  3.404D+03
  177  210     0     0  con    0  1.0D+00  1.5D-02  8.366D+02  3.402D+03
  178  212     0     0  con    1  3.7D-01  1.3D-02  4.657D+02  3.402D+03
  179  213     0     0  con    0  1.0D+00  9.9D-03  3.515D+02  3.401D+03
  180  214     0     0  con    0  1.0D+00  3.0D-02  6.960D+02  3.400D+03
  181  215     0     0  con    0  1.0D+00  5.4D-03  3.765D+02  3.399D+03
  182  216     0     0  con    0  1.0D+00  2.0D-03  2.253D+02  3.399D+03
  183  217     0     0  con    0  1.0D+00  7.7D-03  3.419D+02  3.397D+03
  184  218     0     0  con    0  1.0D+00  9.2D-03  4.455D+02  3.396D+03
  185  219     0     0  con    0  1.0D+00  3.6D-02  7.493D+02  3.392D+03
  186  221     0     0  con    1  2.1D-01  9.0D-03  1.045D+03  3.391D+03
  187  222     0     0  con    0  1.0D+00  2.8D-02  6.449D+02  3.389D+03
  188  223     0     0  con    0  1.0D+00  2.8D-02  2.379D+02  3.386D+03
  189  225     0     0  con    1  4.2D-01  2.0D-02  8.092D+02  3.386D+03
  190  226     0     0  con    0  1.0D+00  9.1D-03  3.786D+02  3.385D+03
  191  227     0     0  con    0  1.0D+00  1.2D-02  2.853D+02  3.384D+03
  192  228     0     0  con    0  1.0D+00  1.5D-02  5.847D+02  3.383D+03
  193  230     0     0  con    1  1.9D-01  1.7D-02  7.564D+02  3.383D+03
  194  231     0     0  con    0  1.0D+00  3.8D-03  6.788D+02  3.382D+03
  195  232     0     0  con    0  1.0D+00  2.0D-02  5.237D+02  3.379D+03
  196  233     0     0  con    0  1.0D+00  1.6D-02  3.102D+02  3.377D+03
  197  234     0     0  con    0  1.0D+00  4.7D-03  2.999D+02  3.376D+03
  198  236     0     0  con    1  4.2D-01  5.3D-03  3.480D+02  3.375D+03
  199  237     0     0  con    0  1.0D+00  7.0D-03  2.405D+02  3.374D+03
  200  238     0     0  con    0  1.0D+00  3.0D-02  1.005D+03  3.371D+03
  201  239     0     0  con    0  1.0D+00  2.0D-02  4.891D+02  3.370D+03
  202  240     0     0  con    0  1.0D+00  1.1D-02  2.921D+02  3.369D+03
  203  241     0     0  con    0  1.0D+00  5.6D-03  2.860D+02  3.369D+03
  204  242     0     0  con    0  1.0D+00  5.8D-03  1.028D+03  3.368D+03
  205  243     0     0  con    0  1.0D+00  9.2D-03  8.139D+02  3.366D+03
  206  244     0     0  con    0  1.0D+00  6.6D-02  4.867D+02  3.362D+03
  207  245     0     0  con    0  1.0D+00  4.5D-02  4.900D+02  3.360D+03
  208  246     0     0  con    0  1.0D+00  9.8D-02  1.138D+03  3.357D+03
  209  247     0     0  con    0  1.0D+00  2.2D-02  7.692D+02  3.355D+03
  210  248     0     0  con    0  1.0D+00  2.1D-02  3.281D+02  3.354D+03
  211  249     0     0  con    0  1.0D+00  1.0D-02  2.899D+02  3.353D+03
  212  250     0     0  con    0  1.0D+00  1.1D-02  5.800D+02  3.351D+03
  213  251     0     0  con    0  1.0D+00  1.7D-02  1.947D+03  3.349D+03
  214  252     0     0  con    0  1.0D+00  3.1D-02  1.317D+03  3.346D+03
  215  253     0     0  con    0  1.0D+00  4.5D-02  3.809D+02  3.344D+03
  216  254     0     0  con    0  1.0D+00  1.0D-02  5.918D+02  3.343D+03
  217  255     0     0  con    0  1.0D+00  9.2D-03  7.084D+02  3.342D+03
  218  256     0     0  con    0  1.0D+00  2.0D-02  8.598D+02  3.341D+03
  219  258     0     0  con    1  3.0D-01  3.9D-02  2.772D+02  3.340D+03
  220  259     0     0  con    0  1.0D+00  1.9D-02  2.089D+02  3.338D+03
  221  261     0     0  con    1  3.6D-01  2.9D-02  8.591D+02  3.336D+03
  222  262     0     0  con    0  1.0D+00  1.7D-02  2.636D+02  3.335D+03
  223  263     0     0  con    0  1.0D+00  1.7D-02  1.774D+02  3.334D+03
  224  265     0     0  con    1  1.6D-01  4.6D-03  3.788D+02  3.333D+03
  225  266     0     0  con    0  1.0D+00  2.9D-03  3.171D+02  3.333D+03
  226  267     0     0  con    0  1.0D+00  1.6D-02  4.032D+02  3.332D+03
  227  268     0     0  con    0  1.0D+00  2.8D-02  8.531D+02  3.331D+03
  228  269     0     0  con    0  1.0D+00  1.2D-02  7.890D+02  3.328D+03
  229  270     0     0  con    0  1.0D+00  2.0D-02  8.628D+02  3.326D+03
  230  271     0     0  con    0  1.0D+00  3.8D-02  9.642D+02  3.325D+03
  231  272     0     0  con    0  1.0D+00  4.8D-02  2.208D+02  3.323D+03
  232  273     0     0  con    0  1.0D+00  1.3D-02  3.293D+02  3.322D+03
  233  274     0     0  con    0  1.0D+00  2.9D-02  3.589D+02  3.322D+03
  234  275     0     0  con    0  1.0D+00  8.0D-03  1.261D+03  3.321D+03
  235  276     0     0  con    0  1.0D+00  8.8D-03  5.965D+02  3.320D+03
  236  277     0     0  con    0  1.0D+00  3.2D-03  4.073D+02  3.319D+03
  237  278     0     0  con    0  1.0D+00  8.8D-03  3.424D+02  3.317D+03
  238  279     0     0  con    0  1.0D+00  1.2D-02  4.874D+02  3.316D+03
  239  281     0     0  con    1  7.3D-02  1.2D-02  9.055D+02  3.315D+03
  240  282     0     0  con    0  1.0D+00  1.3D-02  5.294D+02  3.314D+03
  241  283     0     0  con    0  1.0D+00  2.1D-02  4.262D+02  3.313D+03
  242  284     0     0  con    0  1.0D+00  5.9D-03  3.413D+02  3.312D+03
  243  285     0     0  con    0  1.0D+00  1.6D-02  6.119D+02  3.310D+03
  244  286     0     0  con    0  1.0D+00  2.6D-02  7.539D+02  3.309D+03
  245  287     0     0  con    0  1.0D+00  1.9D-02  5.132D+02  3.308D+03
  246  288     0     0  con    0  1.0D+00  4.2D-03  3.657D+02  3.307D+03
  247  289     0     0  con    0  1.0D+00  4.1D-03  2.633D+02  3.306D+03
  248  290     0     0  con    0  1.0D+00  1.1D-02  4.158D+02  3.305D+03
  249  291     0     0  con    0  1.0D+00  1.0D-02  4.303D+02  3.304D+03
  250  293     0     0  con    1  3.4D-01  1.8D-02  1.352D+03  3.303D+03
  251  294     0     0  con    0  1.0D+00  1.5D-02  8.110D+02  3.302D+03
  252  295     0     0  con    0  1.0D+00  8.5D-03  2.877D+02  3.301D+03
  253  296     0     0  con    0  1.0D+00  1.3D-02  4.453D+02  3.300D+03
  254  297     0     0  con    0  1.0D+00  8.4D-03  3.342D+02  3.299D+03
  255  298     0     0  con    0  1.0D+00  5.8D-03  4.455D+02  3.298D+03
  256  299     0     0  con    0  1.0D+00  5.6D-03  2.930D+02  3.297D+03
  257  300     0     0  con    0  1.0D+00  1.2D-02  2.608D+02  3.296D+03
  258  301     0     0  con    0  1.0D+00  1.4D-02  7.929D+02  3.295D+03
  259  302     0     0  con    0  1.0D+00  6.3D-03  4.089D+02  3.295D+03
  260  303     0     0  con    0  1.0D+00  1.7D-02  3.280D+02  3.294D+03
  261  304     0     0  con    0  1.0D+00  6.7D-03  6.024D+02  3.294D+03
  262  305     0     0  con    0  1.0D+00  1.8D-02  5.763D+02  3.293D+03
  263  306     0     0  con    0  1.0D+00  1.8D-02  3.577D+02  3.292D+03
  264  307     0     0  con    0  1.0D+00  3.8D-02  1.158D+03  3.291D+03
  265  309     0     0  con    1  3.4D-01  1.5D-02  4.063D+02  3.289D+03
  266  310     0     0  con    0  1.0D+00  1.2D-02  4.888D+02  3.289D+03
  267  311     0     0  con    0  1.0D+00  3.0D-03  4.548D+02  3.288D+03
  268  312     0     0  con    0  1.0D+00  4.4D-02  3.369D+02  3.285D+03
  269  313     0     0  con    0  1.0D+00  3.5D-02  6.402D+02  3.283D+03
  270  314     0     0  con    0  1.0D+00  4.2D-02  6.245D+02  3.281D+03
  271  315     0     0  con    0  1.0D+00  1.1D-01  2.357D+03  3.281D+03
  272  316     0     0  con    0  1.0D+00  2.1D-02  8.518D+02  3.277D+03
  273  317     0     0  con    0  1.0D+00  2.2D-02  5.599D+02  3.276D+03
  274  318     0     0  con    0  1.0D+00  2.2D-02  3.245D+02  3.274D+03
  275  319     0     0  con    0  1.0D+00  1.3D-02  3.900D+02  3.273D+03
  276  321     0     0  con    1  4.8D-01  6.7D-03  6.483D+02  3.273D+03
  277  322     0     0  con    0  1.0D+00  2.9D-02  3.894D+02  3.272D+03
  278  323     0     0  con    0  1.0D+00  1.3D-02  3.345D+02  3.271D+03
  279  324     0     0  con    0  1.0D+00  2.7D-02  3.057D+02  3.269D+03
  280  325     0     0  con    0  1.0D+00  2.1D-02  2.485D+02  3.267D+03
  281  327     0     0  con    1  3.2D-01  1.7D-02  5.916D+02  3.265D+03
  282  328     0     0  con    0  1.0D+00  1.3D-02  3.874D+02  3.264D+03
  283  329     0     0  con    0  1.0D+00  2.1D-02  1.468D+03  3.263D+03
  284  330     0     0  con    0  1.0D+00  3.2D-02  3.649D+02  3.262D+03
  285  331     0     0  con    0  1.0D+00  6.1D-03  2.873D+02  3.262D+03
  286  332     0     0  con    0  1.0D+00  4.5D-02  3.970D+02  3.260D+03
  287  334     0     0  con    1  1.4D-01  1.2D-02  3.118D+02  3.260D+03
  288  335     0     0  con    0  1.0D+00  8.7D-03  2.573D+02  3.259D+03
  289  336     0     0  con    0  1.0D+00  7.2D-03  5.569D+02  3.259D+03
  290  337     0     0  con    0  1.0D+00  6.3D-03  4.151D+02  3.258D+03
  291  338     0     0  con    0  1.0D+00  1.1D-02  3.902D+02  3.257D+03
  292  339     0     0  con    0  1.0D+00  9.9D-03  1.817D+02  3.256D+03
  293  340     0     0  con    0  1.0D+00  9.8D-03  3.622D+02  3.255D+03
  294  341     0     0  con    0  1.0D+00  5.4D-03  6.066D+02  3.254D+03
  295  342     0     0  con    0  1.0D+00  1.4D-02  1.341D+03  3.254D+03
  296  343     0     0  con    0  1.0D+00  2.3D-02  4.360D+02  3.252D+03
  297  344     0     0  con    0  1.0D+00  2.0D-02  5.432D+02  3.251D+03
  298  345     0     0  con    0  1.0D+00  1.8D-02  4.888D+02  3.251D+03
  299  347     0     0  con    1  2.2D-01  7.0D-03  4.211D+02  3.251D+03
  300  348     0     0  con    0  1.0D+00  4.0D-03  3.393D+02  3.250D+03
  301  349     0     0  con    0  1.0D+00  5.6D-03  7.398D+02  3.250D+03
  302  350     0     0  con    0  1.0D+00  7.4D-03  7.939D+02  3.249D+03
  303  351     0     0  con    0  1.0D+00  1.8D-02  4.023D+02  3.247D+03
  304  352     0     0  con    0  1.0D+00  1.1D-02  3.517D+02  3.246D+03
  305  353     0     0  con    0  1.0D+00  2.3D-02  6.294D+02  3.245D+03
  306  354     0     0  con    0  1.0D+00  2.3D-02  7.482D+02  3.244D+03
  307  356     0     0  con    1  4.4D-01  1.6D-02  6.013D+02  3.243D+03
  308  357     0     0  con    0  1.0D+00  1.8D-02  3.830D+02  3.242D+03
  309  358     0     0  con    0  1.0D+00  2.5D-02  4.915D+02  3.240D+03
  310  359     0     0  con    0  1.0D+00  3.5D-02  4.514D+02  3.238D+03
  311  361     0     0  con    1  2.1D-01  1.7D-02  5.850D+02  3.238D+03
  312  362     0     0  con    0  1.0D+00  1.4D-02  6.007D+02  3.236D+03
  313  363     0     0  con    0  1.0D+00  2.5D-02  4.096D+02  3.233D+03
  314  364     0     0  con    0  1.0D+00  2.3D-02  7.849D+02  3.231D+03
  315  365     0     0  con    0  1.0D+00  2.9D-02  6.830D+02  3.230D+03
  316  366     0     0  con    0  1.0D+00  1.6D-02  3.318D+02  3.229D+03
  317  367     0     0  con    0  1.0D+00  6.0D-03  1.603D+02  3.228D+03
  318  368     0     0  con    0  1.0D+00  6.0D-03  1.855D+02  3.228D+03
  319  370     0     0  con    1  2.8D-01  5.4D-03  5.893D+02  3.228D+03
  320  371     0     0  con    0  1.0D+00  1.1D-02  4.453D+02  3.227D+03
  321  372     0     0  con    0  1.0D+00  2.1D-02  3.407D+02  3.226D+03
  322  373     0     0  con    0  1.0D+00  1.1D-02  3.255D+02  3.226D+03
  323  374     0     0  con    0  1.0D+00  1.9D-02  4.252D+02  3.224D+03
  324  375     0     0  con    0  1.0D+00  4.0D-02  8.857D+02  3.223D+03
  325  376     0     0  con    0  1.0D+00  1.1D-02  5.133D+02  3.221D+03
  326  377     0     0  con    0  1.0D+00  4.3D-03  3.493D+02  3.220D+03
  327  378     0     0  con    0  1.0D+00  1.5D-02  5.076D+02  3.218D+03
  328  379     0     0  con    0  1.0D+00  1.5D-02  1.000D+03  3.218D+03
  329  380     0     0  con    0  1.0D+00  2.2D-03  4.622D+02  3.217D+03
  330  381     0     0  con    0  1.0D+00  7.5D-03  2.157D+02  3.216D+03
  331  382     0     0  con    0  1.0D+00  1.6D-02  5.291D+02  3.215D+03
  332  384     0     0  con    1  2.0D-01  6.2D-03  8.936D+02  3.215D+03
  333  385     0     0  con    0  1.0D+00  1.0D-02  6.655D+02  3.214D+03
  334  386     0     0  con    0  1.0D+00  4.7D-03  3.109D+02  3.213D+03
  335  387     0     0  con    0  1.0D+00  8.1D-03  3.964D+02  3.212D+03
  336  388     0     0  con    0  1.0D+00  5.6D-03  4.750D+02  3.212D+03
  337  389     0     0  con    0  1.0D+00  1.2D-02  4.805D+02  3.211D+03
  338  390     0     0  con    0  1.0D+00  3.6D-03  2.858D+02  3.210D+03
  339  391     0     0  con    0  1.0D+00  5.9D-03  5.166D+02  3.209D+03
  340  392     0     0  con    0  1.0D+00  8.1D-03  3.992D+02  3.208D+03
  341  393     0     0  con    0  1.0D+00  1.2D-02  3.735D+02  3.207D+03
  342  394     0     0  con    0  1.0D+00  4.6D-02  3.093D+02  3.204D+03
  343  396     0     0  con    1  3.8D-01  2.1D-02  1.127D+03  3.203D+03
  344  397     0     0  con    0  1.0D+00  3.0D-02  4.981D+02  3.202D+03
  345  398     0     0  con    0  1.0D+00  1.3D-02  3.708D+02  3.201D+03
  346  399     0     0  con    0  1.0D+00  1.3D-02  3.597D+02  3.200D+03
  347  400     0     0  con    0  1.0D+00  7.7D-03  3.783D+02  3.199D+03
  348  401     0     0  con    0  1.0D+00  1.7D-02  6.445D+02  3.199D+03
  349  402     0     0  con    0  1.0D+00  6.2D-03  4.135D+02  3.198D+03
  350  403     0     0  con    0  1.0D+00  1.1D-02  2.391D+02  3.197D+03
  351  404     0     0  con    0  1.0D+00  2.0D-02  3.896D+02  3.196D+03
  352  405     0     0  con    0  1.0D+00  5.3D-02  5.043D+02  3.194D+03
  353  406     0     0  con    0  1.0D+00  6.6D-02  6.814D+02  3.194D+03
  354  407     0     0  con    0  1.0D+00  4.7D-02  1.832D+03  3.194D+03
  355  408     0     0  con    0  1.0D+00  6.0D-03  5.049D+02  3.191D+03
  356  409     0     0  con    0  1.0D+00  6.8D-03  3.345D+02  3.191D+03
  357  410     0     0  con    0  1.0D+00  1.7D-02  7.509D+02  3.189D+03
  358  411     0     0  con    0  1.0D+00  1.5D-02  8.017D+02  3.187D+03
  359  412     0     0  con    0  1.0D+00  2.2D-02  1.388D+03  3.183D+03
  360  414     0     0  con    1  2.4D-01  7.0D-02  9.128D+02  3.181D+03
  361  415     0     0  con    0  1.0D+00  2.0D-02  6.632D+02  3.180D+03
  362  416     0     0  con    0  1.0D+00  1.5D-02  5.092D+02  3.179D+03
  363  417     0     0  con    0  1.0D+00  2.4D-02  6.454D+02  3.178D+03
  364  418     0     0  con    0  1.0D+00  5.8D-02  7.592D+02  3.176D+03
  365  420     0     0  con    1  2.8D-01  3.0D-02  4.484D+02  3.175D+03
  366  421     0     0  con    0  1.0D+00  2.3D-02  2.701D+02  3.172D+03
  367  423     0     0  con    1  4.7D-01  1.3D-02  8.990D+02  3.170D+03
  368  424     0     0  con    0  1.0D+00  1.5D-02  3.724D+02  3.169D+03
  369  425     0     0  con    0  1.0D+00  1.9D-02  3.286D+02  3.168D+03
  370  426     0     0  con    0  1.0D+00  7.6D-02  1.015D+03  3.167D+03
  371  427     0     0  con    0  1.0D+00  2.2D-02  4.429D+02  3.163D+03
  372  428     0     0  con    0  1.0D+00  4.0D-02  2.916D+02  3.161D+03
  373  429     0     0  con    0  1.0D+00  4.5D-02  1.992D+03  3.160D+03
  374  430     0     0  con    0  1.0D+00  2.7D-02  5.537D+02  3.158D+03
  375  431     0     0  con    0  1.0D+00  6.6D-03  4.251D+02  3.157D+03
  376  432     0     0  con    0  1.0D+00  1.0D-02  8.983D+02  3.155D+03
  377  433     0     0  con    0  1.0D+00  8.9D-03  1.001D+03  3.153D+03
  378  435     0     0  con    1  1.0D-01  1.2D-02  6.561D+02  3.153D+03
  379  436     0     0  con    0  1.0D+00  3.0D-02  7.226D+02  3.151D+03
  380  437     0     0  con    0  1.0D+00  3.7D-02  1.126D+03  3.151D+03
  381  438     0     0  con    0  1.0D+00  8.2D-03  4.227D+02  3.150D+03
  382  439     0     0  con    0  1.0D+00  2.3D-03  2.419D+02  3.150D+03
  383  440     0     0  con    0  1.0D+00  7.9D-03  6.175D+02  3.148D+03
  384  441     0     0  con    0  1.0D+00  1.4D-02  6.078D+02  3.147D+03
  385  443     0     0  con    1  6.7D-02  6.9D-03  9.208D+02  3.146D+03
  386  444     0     0  con    0  1.0D+00  1.0D-02  5.930D+02  3.145D+03
  387  445     0     0  con    0  1.0D+00  9.2D-03  3.385D+02  3.144D+03
  388  446     0     0  con    0  1.0D+00  4.2D-03  5.829D+02  3.144D+03
  389  447     0     0  con    0  1.0D+00  5.1D-03  4.839D+02  3.143D+03
  390  449     0     0  con    1  3.0D-01  5.0D-03  6.522D+02  3.143D+03
  391  450     0     0  con    0  1.0D+00  3.0D-03  2.102D+02  3.142D+03
  392  451     0     0  con    0  1.0D+00  1.9D-03  3.981D+02  3.142D+03
  393  452     0     0  con    0  1.0D+00  2.2D-03  5.854D+02  3.141D+03
  394  453     0     0  con    0  1.0D+00  5.7D-03  5.947D+02  3.141D+03
  395  455     0     0  con    1  2.6D-01  1.1D-02  1.043D+03  3.140D+03
  396  456     0     0  con    0  1.0D+00  1.0D-02  3.487D+02  3.139D+03
  397  457     0     0  con    0  1.0D+00  9.4D-03  3.736D+02  3.138D+03
  398  458     0     0  con    0  1.0D+00  1.6D-02  5.447D+02  3.137D+03
  399  459     0     0  con    0  1.0D+00  1.5D-02  9.782D+02  3.137D+03
  400  460     0     0  con    0  1.0D+00  1.2D-02  7.056D+02  3.136D+03
  401  461     0     0  con    0  1.0D+00  2.2D-02  1.154D+02  3.134D+03
  402  462     0     0  con    0  1.0D+00  2.7D-03  1.259D+02  3.134D+03
  403  464     0     0  con    1  9.8D-02  2.7D-03  3.799D+02  3.134D+03
  404  465     0     0  con    0  1.0D+00  2.7D-03  1.711D+02  3.133D+03
  405  466     0     0  con    0  1.0D+00  3.4D-03  2.915D+02  3.133D+03
  406  467     0     0  con    0  1.0D+00  5.4D-03  3.513D+02  3.132D+03
  407  468     0     0  con    0  1.0D+00  5.1D-03  3.578D+02  3.132D+03
  408  469     0     0  con    0  1.0D+00  5.8D-03  2.300D+02  3.131D+03
  409  470     0     0  con    0  1.0D+00  7.3D-03  2.292D+02  3.131D+03
  410  471     0     0  con    0  1.0D+00  2.1D-02  4.385D+02  3.130D+03
  411  472     0     0  con    0  1.0D+00  6.8D-03  4.128D+02  3.129D+03
  412  473     0     0  con    0  1.0D+00  1.4D-02  3.790D+02  3.128D+03
  413  475     0     0  con    1  2.6D-01  8.0D-03  4.931D+02  3.127D+03
  414  476     0     0  con    0  1.0D+00  3.2D-03  2.579D+02  3.127D+03
  415  477     0     0  con    0  1.0D+00  3.5D-03  1.954D+02  3.126D+03
  416  478     0     0  con    0  1.0D+00  6.7D-03  5.589D+02  3.126D+03
  417  479     0     0  con    0  1.0D+00  9.4D-03  2.950D+02  3.125D+03
  418  480     0     0  con    0  1.0D+00  1.1D-02  4.277D+02  3.124D+03
  419  482     0     0  con    1  2.8D-01  3.9D-03  6.333D+02  3.123D+03
  420  483     0     0  con    0  1.0D+00  1.7D-03  4.441D+02  3.123D+03
  421  484     0     0  con    0  1.0D+00  4.7D-03  2.268D+02  3.122D+03
  422  485     0     0  con    0  1.0D+00  3.1D-03  2.101D+02  3.121D+03
  423  486     0     0  con    0  1.0D+00  3.7D-03  2.620D+02  3.121D+03
  424  487     0     0  con    0  1.0D+00  9.9D-03  8.502D+02  3.120D+03
  425  488     0     0  con    0  1.0D+00  8.8D-03  3.763D+02  3.119D+03
  426  489     0     0  con    0  1.0D+00  3.4D-03  3.483D+02  3.119D+03
  427  490     0     0  con    0  1.0D+00  5.2D-03  4.828D+02  3.118D+03
  428  491     0     0  con    0  1.0D+00  3.5D-03  3.619D+02  3.118D+03
  429  492     0     0  con    0  1.0D+00  6.4D-03  2.837D+02  3.117D+03
  430  493     0     0  con    0  1.0D+00  1.5D-02  5.340D+02  3.116D+03
  431  495     0     0  con    1  1.3D-01  4.8D-03  5.098D+02  3.116D+03
  432  496     0     0  con    0  1.0D+00  4.9D-03  2.491D+02  3.115D+03
  433  497     0     0  con    0  1.0D+00  6.5D-03  2.530D+02  3.115D+03
  434  498     0     0  con    0  1.0D+00  3.7D-03  3.180D+02  3.115D+03
  435  499     0     0  con    0  1.0D+00  1.7D-02  2.219D+02  3.114D+03
  436  501     0     0  con    1  2.8D-01  1.0D-02  4.655D+02  3.113D+03
  437  502     0     0  con    0  1.0D+00  1.1D-02  2.638D+02  3.112D+03
  438  503     0     0  con    0  1.0D+00  9.5D-03  2.144D+02  3.111D+03
  439  504     0     0  con    0  1.0D+00  6.3D-03  3.136D+02  3.111D+03
  440  505     0     0  con    0  1.0D+00  9.5D-03  2.274D+02  3.110D+03
  441  506     0     0  con    0  1.0D+00  1.5D-02  2.900D+02  3.109D+03
  442  507     0     0  con    0  1.0D+00  2.7D-03  4.679D+02  3.109D+03
  443  509     0     0  con    1  4.2D-01  2.2D-03  4.807D+02  3.108D+03
  444  510     0     0  con    0  1.0D+00  1.6D-03  3.237D+02  3.108D+03
  445  511     0     0  con    0  1.0D+00  1.1D-03  1.372D+02  3.108D+03
  446  512     0     0  con    0  1.0D+00  4.2D-03  3.175D+02  3.107D+03
  447  513     0     0  con    0  1.0D+00  5.6D-03  4.119D+02  3.107D+03
  448  514     0     0  con    0  1.0D+00  7.8D-03  4.604D+02  3.106D+03
  449  516     0     0  con    1  1.1D-01  4.2D-03  3.487D+02  3.106D+03
  450  517     0     0  con    0  1.0D+00  1.2D-02  3.190D+02  3.105D+03
  451  518     0     0  con    0  1.0D+00  6.1D-03  2.823D+02  3.104D+03
  452  519     0     0  con    0  1.0D+00  6.0D-03  1.445D+02  3.104D+03
  453  520     0     0  con    0  1.0D+00  1.1D-02  1.274D+02  3.103D+03
  454  521     0     0  con    0  1.0D+00  2.1D-02  1.071D+03  3.102D+03
  455  522     0     0  con    0  1.0D+00  1.5D-02  8.448D+02  3.101D+03
  456  523     0     0  con    0  1.0D+00  6.8D-03  2.019D+02  3.100D+03
  457  524     0     0  con    0  1.0D+00  2.4D-03  2.669D+02  3.100D+03
  458  525     0     0  con    0  1.0D+00  5.1D-03  4.041D+02  3.100D+03
  459  526     0     0  con    0  1.0D+00  1.7D-02  4.412D+02  3.099D+03
  460  527     0     0  con    0  1.0D+00  1.6D-02  6.155D+02  3.099D+03
  461  528     0     0  con    0  1.0D+00  2.9D-02  3.161D+02  3.097D+03
  462  530     0     0  con    1  4.3D-01  1.7D-02  3.821D+02  3.097D+03
  463  531     0     0  con    0  1.0D+00  1.3D-02  2.212D+02  3.096D+03
  464  532     0     0  con    0  1.0D+00  1.1D-02  1.571D+02  3.095D+03
  465  533     0     0  con    0  1.0D+00  2.8D-02  6.677D+02  3.095D+03
  466  535     0     0  con    1  3.0D-01  1.1D-02  3.818D+02  3.094D+03
  467  536     0     0  con    0  1.0D+00  7.8D-03  2.914D+02  3.093D+03
  468  537     0     0  con    0  1.0D+00  4.7D-03  2.161D+02  3.093D+03
  469  539     0     0  con    1  1.3D-01  6.8D-03  2.998D+02  3.093D+03
  470  540     0     0  con    0  1.0D+00  4.5D-03  2.864D+02  3.093D+03
  471  541     0     0  con    0  1.0D+00  1.3D-02  2.860D+02  3.091D+03
  472  542     0     0  con    0  1.0D+00  1.3D-02  2.455D+02  3.090D+03
  473  544     0     0  con    1  4.3D-01  8.2D-03  4.889D+02  3.090D+03
  474  545     0     0  con    0  1.0D+00  3.5D-03  1.168D+02  3.090D+03
  475  546     0     0  con    0  1.0D+00  1.7D-03  2.136D+02  3.089D+03
  476  547     0     0  con    0  1.0D+00  5.5D-03  3.038D+02  3.089D+03
  477  548     0     0  con    0  1.0D+00  1.2D-02  4.296D+02  3.088D+03
  478  549     0     0  con    0  1.0D+00  5.6D-02  5.696D+02  3.087D+03
  479  550     0     0  con    0  1.0D+00  2.1D-02  2.563D+02  3.086D+03
  480  551     0     0  con    0  1.0D+00  5.0D-03  7.226D+02  3.086D+03
  481  552     0     0  con    0  1.0D+00  3.1D-03  1.924D+02  3.086D+03
  482  553     0     0  con    0  1.0D+00  8.1D-04  1.650D+02  3.086D+03
  483  554     0     0  con    0  1.0D+00  7.3D-03  1.797D+02  3.085D+03
  484  555     0     0  con    0  1.0D+00  7.9D-03  2.508D+02  3.085D+03
  485  556     0     0  con    0  1.0D+00  1.7D-02  1.372D+02  3.085D+03
  486  557     0     0  con    0  1.0D+00  1.5D-02  2.691D+02  3.084D+03
  487  558     0     0  con    0  1.0D+00  1.5D-02  1.783D+02  3.083D+03
  488  559     0     0  con    0  1.0D+00  1.6D-02  2.726D+02  3.083D+03
  489  560     0     0  con    0  1.0D+00  8.5D-03  8.167D+02  3.082D+03
  490  561     0     0  con    0  1.0D+00  6.1D-03  4.747D+02  3.082D+03
  491  562     0     0  con    0  1.0D+00  6.7D-03  2.970D+02  3.081D+03
  492  563     0     0  con    0  1.0D+00  6.2D-03  4.628D+02  3.080D+03
  493  564     0     0  con    0  1.0D+00  6.7D-03  6.071D+02  3.080D+03
  494  565     0     0  con    0  1.0D+00  1.2D-03  4.157D+02  3.080D+03
  495  566     0     0  con    0  1.0D+00  3.3D-03  2.102D+02  3.080D+03
  496  567     0     0  con    0  1.0D+00  2.6D-03  1.899D+02  3.079D+03
  497  568     0     0  con    0  1.0D+00  5.0D-03  2.570D+02  3.079D+03
  498  569     0     0  con    0  1.0D+00  7.6D-03  4.450D+02  3.078D+03
  499  570     0     0  con    0  1.0D+00  5.1D-03  4.469D+02  3.077D+03
  500  571     0     0  con    0  1.0D+00  6.6D-03  5.451D+02  3.077D+03
  501  573     0     0  con    1  4.5D-01  2.4D-03  5.442D+02  3.076D+03
  502  574     0     0  con    0  1.0D+00  3.2D-03  2.494D+02  3.076D+03
  503  575     0     0  con    0  1.0D+00  5.4D-03  1.201D+02  3.076D+03
  504  576     0     0  con    0  1.0D+00  1.3D-02  3.302D+02  3.075D+03
  505  577     0     0  con    0  1.0D+00  1.6D-02  2.547D+02  3.075D+03
  506  579     0     0  con    1  4.9D-01  2.1D-02  5.859D+02  3.075D+03
  507  580     0     0  con    0  1.0D+00  1.6D-02  1.536D+02  3.074D+03
  508  581     0     0  con    0  1.0D+00  1.4D-02  3.553D+02  3.074D+03
  509  582     0     0  con    0  1.0D+00  7.9D-03  3.593D+02  3.074D+03
  510  583     0     0  con    0  1.0D+00  1.7D-02  4.179D+02  3.073D+03
  511  584     0     0  con    0  1.0D+00  4.7D-02  1.097D+02  3.072D+03
  512  585     0     0  con    0  1.0D+00  2.3D-02  6.838D+02  3.072D+03
  513  586     0     0  con    0  1.0D+00  2.9D-03  1.909D+02  3.071D+03
  514  587     0     0  con    0  1.0D+00  2.0D-03  1.088D+02  3.071D+03
  515  588     0     0  con    0  1.0D+00  4.0D-03  2.147D+02  3.071D+03
  516  589     0     0  con    0  1.0D+00  5.0D-03  3.129D+02  3.070D+03
  517  590     0     0  con    0  1.0D+00  2.7D-02  8.167D+02  3.070D+03
  518  591     0     0  con    0  1.0D+00  1.5D-02  3.555D+02  3.069D+03
  519  592     0     0  con    0  1.0D+00  1.7D-02  1.371D+02  3.069D+03
  520  593     0     0  con    0  1.0D+00  5.8D-03  2.026D+02  3.069D+03
  521  594     0     0  con    0  1.0D+00  2.0D-02  3.993D+02  3.068D+03
  522  595     0     0  con    0  1.0D+00  3.5D-02  4.994D+02  3.067D+03
  523  596     0     0  con    0  1.0D+00  2.8D-02  3.126D+02  3.066D+03
  524  597     0     0  con    0  1.0D+00  4.4D-02  7.131D+02  3.066D+03
  525  598     0     0  con    0  1.0D+00  6.9D-03  6.192D+02  3.065D+03
  526  599     0     0  con    0  1.0D+00  1.4D-02  4.781D+02  3.065D+03
  527  600     0     0  con    0  1.0D+00  3.6D-02  2.323D+02  3.064D+03
  528  601     0     0  con    0  1.0D+00  4.9D-03  2.728D+02  3.064D+03
  529  603     0     0  con    1  2.2D-01  6.6D-03  7.322D+02  3.064D+03
  530  604     0     0  con    0  1.0D+00  2.2D-02  3.239D+02  3.063D+03
  531  605     0     0  con    0  1.0D+00  1.9D-02  2.195D+02  3.063D+03
  532  606     0     0  con    0  1.0D+00  3.5D-02  4.555D+02  3.062D+03
  533  607     0     0  con    0  1.0D+00  2.3D-02  4.734D+02  3.062D+03
  534  608     0     0  con    0  1.0D+00  1.5D-02  5.156D+02  3.061D+03
  535  609     0     0  con    0  1.0D+00  4.2D-02  5.042D+02  3.060D+03
  536  610     0     0  con    0  1.0D+00  5.1D-02  5.419D+02  3.060D+03
  537  611     0     0  con    0  1.0D+00  3.6D-03  2.569D+02  3.059D+03
  538  612     0     0  con    0  1.0D+00  3.6D-03  3.461D+02  3.059D+03
  539  613     0     0  con    0  1.0D+00  4.8D-02  5.263D+02  3.058D+03
  540  614     0     0  con    0  1.0D+00  2.3D-02  3.713D+02  3.058D+03
  541  615     0     0  con    0  1.0D+00  6.8D-03  1.782D+02  3.057D+03
  542  616     0     0  con    0  1.0D+00  1.9D-02  1.915D+02  3.057D+03
  543  617     0     0  con    0  1.0D+00  1.7D-02  1.158D+02  3.056D+03
  544  618     0     0  con    0  1.0D+00  1.5D-02  4.443D+02  3.056D+03
  545  619     0     0  con    0  1.0D+00  2.5D-02  2.392D+02  3.055D+03
  546  620     0     0  con    0  1.0D+00  9.5D-03  3.232D+02  3.055D+03
  547  621     0     0  con    0  1.0D+00  1.1D-02  4.646D+02  3.054D+03
  548  622     0     0  con    0  1.0D+00  7.5D-03  2.891D+02  3.054D+03
  549  623     0     0  con    0  1.0D+00  9.3D-03  1.895D+02  3.054D+03
  550  624     0     0  con    0  1.0D+00  4.2D-03  2.165D+02  3.054D+03
  551  625     0     0  con    0  1.0D+00  8.0D-03  3.353D+02  3.053D+03
  552  626     0     0  con    0  1.0D+00  1.3D-02  2.163D+02  3.052D+03
  553  627     0     0  con    0  1.0D+00  1.9D-02  1.799D+02  3.052D+03
  554  628     0     0  con    0  1.0D+00  2.6D-02  2.272D+02  3.051D+03
  555  629     0     0  con    0  1.0D+00  4.1D-02  5.425D+02  3.050D+03
  556  630     0     0  con    0  1.0D+00  5.0D-03  2.701D+02  3.049D+03
  557  631     0     0  con    0  1.0D+00  8.7D-03  1.876D+02  3.048D+03
  558  632     0     0  con    0  1.0D+00  1.1D-02  3.010D+02  3.048D+03
  559  634     0     0  con    1  1.2D-01  6.4D-03  4.980D+02  3.048D+03
  560  635     0     0  con    0  1.0D+00  8.5D-03  5.459D+02  3.047D+03
  561  636     0     0  con    0  1.0D+00  2.7D-02  4.036D+02  3.046D+03
  562  638     0     0  con    1  1.7D-01  2.8D-02  5.711D+02  3.046D+03
  563  639     0     0  con    0  1.0D+00  4.3D-02  2.291D+02  3.045D+03
  564  640     0     0  con    0  1.0D+00  4.6D-02  1.583D+02  3.044D+03
  565  641     0     0  con    0  1.0D+00  6.0D-03  1.081D+02  3.044D+03
  566  642     0     0  con    0  1.0D+00  1.5D-02  6.015D+02  3.043D+03
  567  643     0     0  con    0  1.0D+00  1.2D-02  1.165D+02  3.043D+03
  568  644     0     0  con    0  1.0D+00  9.4D-03  1.232D+02  3.043D+03
  569  645     0     0  con    0  1.0D+00  3.4D-02  1.842D+02  3.042D+03
  570  647     0     0  con    1  2.4D-01  2.3D-03  6.112D+02  3.042D+03
  571  648     0     0  con    0  1.0D+00  4.2D-03  4.160D+02  3.042D+03
  572  649     0     0  con    0  1.0D+00  4.8D-03  2.277D+02  3.041D+03
  573  650     0     0  con    0  1.0D+00  4.7D-03  4.277D+02  3.041D+03
  574  651     0     0  con    0  1.0D+00  1.1D-02  3.540D+02  3.040D+03
  575  653     0     0  con    1  2.8D-01  8.5D-03  6.244D+02  3.040D+03
  576  654     0     0  con    0  1.0D+00  1.4D-02  1.758D+02  3.039D+03
  577  655     0     0  con    0  1.0D+00  6.1D-03  1.549D+02  3.039D+03
  578  656     0     0  con    0  1.0D+00  1.2D-02  1.293D+03  3.039D+03
  579  657     0     0  con    0  1.0D+00  2.0D-02  5.705D+02  3.038D+03
  580  658     0     0  con    0  1.0D+00  9.3D-03  2.355D+02  3.037D+03
  581  659     0     0  con    0  1.0D+00  1.4D-02  6.250D+02  3.036D+03
  582  660     0     0  con    0  1.0D+00  7.3D-03  2.697D+02  3.036D+03
  583  661     0     0  con    0  1.0D+00  8.0D-03  2.927D+02  3.036D+03
  584  662     0     0  con    0  1.0D+00  2.0D-02  9.334D+02  3.035D+03
  585  663     0     0  con    0  1.0D+00  1.3D-02  2.699D+02  3.035D+03
  586  664     0     0  con    0  1.0D+00  2.5D-03  2.038D+02  3.035D+03
  587  665     0     0  con    0  1.0D+00  3.0D-03  2.678D+02  3.034D+03
  588  666     0     0  con    0  1.0D+00  3.7D-03  4.365D+02  3.034D+03
  589  667     0     0  con    0  1.0D+00  7.8D-03  4.090D+02  3.034D+03
  590  668     0     0  con    0  1.0D+00  5.3D-03  2.921D+02  3.034D+03
  591  669     0     0  con    0  1.0D+00  9.9D-03  3.528D+02  3.033D+03
  592  670     0     0  con    0  1.0D+00  4.8D-03  8.766D+02  3.033D+03
  593  671     0     0  con    0  1.0D+00  6.9D-03  5.122D+02  3.033D+03
  594  672     0     0  con    0  1.0D+00  3.1D-03  2.588D+02  3.033D+03
  595  673     0     0  con    0  1.0D+00  1.9D-03  3.611D+02  3.032D+03
  596  674     0     0  con    0  1.0D+00  4.4D-03  5.339D+02  3.032D+03
  597  675     0     0  con    0  1.0D+00  9.5D-03  7.375D+02  3.032D+03
  598  676     0     0  con    0  1.0D+00  1.9D-02  6.373D+02  3.031D+03
  599  678     0     0  con    1  1.8D-01  1.2D-02  2.691D+02  3.031D+03
  600  679     0     0  con    0  1.0D+00  3.7D-03  1.800D+02  3.031D+03
  601  680     0     0  con    0  1.0D+00  4.8D-03  3.826D+02  3.030D+03
  602  681     0     0  con    0  1.0D+00  5.2D-03  5.370D+02  3.030D+03
  603  682     0     0  con    0  1.0D+00  1.4D-02  7.376D+02  3.030D+03
  604  683     0     0  con    0  1.0D+00  2.2D-02  6.576D+02  3.029D+03
  605  684     0     0  con    0  1.0D+00  2.8D-02  8.697D+02  3.029D+03
  606  686     0     0  con    1  4.2D-01  8.0D-03  3.007D+02  3.028D+03
  607  687     0     0  con    0  1.0D+00  1.1D-02  2.542D+02  3.028D+03
  608  688     0     0  con    0  1.0D+00  3.3D-02  1.227D+03  3.028D+03
  609  689     0     0  con    0  1.0D+00  4.8D-03  5.960D+02  3.026D+03
  610  690     0     0  con    0  1.0D+00  1.9D-02  4.468D+02  3.025D+03
  611  691     0     0  con    0  1.0D+00  4.4D-02  5.260D+02  3.024D+03
  612  692     0     0  con    0  1.0D+00  2.7D-02  5.739D+02  3.023D+03
  613  693     0     0  con    0  1.0D+00  4.8D-02  2.689D+02  3.022D+03
  614  694     0     0  con    0  1.0D+00  2.2D-02  1.022D+03  3.021D+03
  615  695     0     0  con    0  1.0D+00  6.8D-03  4.236D+02  3.020D+03
  616  696     0     0  con    0  1.0D+00  5.1D-03  2.143D+02  3.020D+03
  617  697     0     0  con    0  1.0D+00  4.4D-03  1.660D+02  3.019D+03
  618  699     0     0  con    1  1.6D-01  8.9D-03  6.177D+02  3.019D+03
  619  700     0     0  con    0  1.0D+00  7.8D-03  3.060D+02  3.019D+03
  620  701     0     0  con    0  1.0D+00  1.3D-02  2.396D+02  3.018D+03
  621  702     0     0  con    0  1.0D+00  9.7D-03  2.443D+02  3.018D+03
  622  703     0     0  con    0  1.0D+00  2.3D-02  3.745D+02  3.018D+03
  623  704     0     0  con    0  1.0D+00  2.0D-02  5.145D+02  3.017D+03
  624  705     0     0  con    0  1.0D+00  2.7D-02  2.411D+02  3.016D+03
  625  706     0     0  con    0  1.0D+00  7.1D-03  1.642D+02  3.015D+03
  626  707     0     0  con    0  1.0D+00  6.8D-03  3.628D+02  3.015D+03
  627  708     0     0  con    0  1.0D+00  9.5D-03  4.116D+02  3.014D+03
  628  709     0     0  con    0  1.0D+00  1.0D-02  4.802D+02  3.013D+03
  629  711     0     0  con    1  3.0D-01  1.4D-02  9.932D+02  3.013D+03
  630  712     0     0  con    0  1.0D+00  1.3D-02  3.007D+02  3.012D+03
  631  713     0     0  con    0  1.0D+00  1.3D-03  2.634D+02  3.012D+03
  632  714     0     0  con    0  1.0D+00  7.2D-03  2.389D+02  3.011D+03
  633  715     0     0  con    0  1.0D+00  9.2D-03  7.258D+02  3.011D+03
  634  716     0     0  con    0  1.0D+00  2.2D-02  2.359D+02  3.010D+03
  635  717     0     0  con    0  1.0D+00  4.9D-02  4.479D+02  3.009D+03
  636  718     0     0  con    0  1.0D+00  3.8D-02  3.583D+02  3.008D+03
  637  719     0     0  con    0  1.0D+00  4.6D-02  1.665D+02  3.008D+03
  638  720     0     0  con    0  1.0D+00  6.0D-03  1.679D+02  3.007D+03
  639  721     0     0  con    0  1.0D+00  5.6D-03  4.180D+02  3.007D+03
  640  722     0     0  con    0  1.0D+00  7.8D-03  4.848D+02  3.006D+03
  641  724     0     0  con    1  1.3D-01  3.2D-03  3.221D+02  3.006D+03
  642  725     0     0  con    0  1.0D+00  3.0D-02  2.961D+02  3.005D+03
  643  726     0     0  con    0  1.0D+00  1.4D-02  8.376D+02  3.005D+03
  644  727     0     0  con    0  1.0D+00  1.8D-02  3.160D+02  3.004D+03
  645  728     0     0  con    0  1.0D+00  2.2D-02  2.075D+02  3.004D+03
  646  729     0     0  con    0  1.0D+00  1.8D-02  3.280D+02  3.003D+03
  647  730     0     0  con    0  1.0D+00  5.0D-03  2.675D+02  3.003D+03
  648  732     0     0  con    1  7.7D-02  2.9D-03  6.072D+02  3.003D+03
  649  733     0     0  con    0  1.0D+00  6.8D-03  3.523D+02  3.002D+03
  650  734     0     0  con    0  1.0D+00  7.9D-03  1.853D+02  3.002D+03
  651  735     0     0  con    0  1.0D+00  2.5D-03  3.053D+02  3.002D+03
  652  736     0     0  con    0  1.0D+00  5.2D-03  2.848D+02  3.001D+03
  653  738     0     0  con    1  2.4D-01  8.1D-03  4.385D+02  3.001D+03
  654  739     0     0  con    0  1.0D+00  5.1D-03  2.431D+02  3.001D+03
  655  740     0     0  con    0  1.0D+00  1.2D-02  2.140D+02  3.001D+03
  656  741     0     0  con    0  1.0D+00  5.1D-03  2.782D+02  3.001D+03
  657  742     0     0  con    0  1.0D+00  3.6D-02  4.699D+02  3.000D+03
  658  743     0     0  con    0  1.0D+00  4.6D-02  6.048D+02  3.000D+03
  659  745     0     0  con    1  1.4D-01  9.5D-03  3.847D+02  2.999D+03
  660  746     0     0  con    0  1.0D+00  6.1D-03  2.013D+02  2.999D+03
  661  747     0     0  con    0  1.0D+00  5.0D-03  1.747D+02  2.999D+03
  662  748     0     0  con    0  1.0D+00  5.2D-03  3.076D+02  2.998D+03
  663  749     0     0  con    0  1.0D+00  1.1D-02  3.294D+02  2.998D+03
  664  750     0     0  con    0  1.0D+00  3.4D-02  4.698D+02  2.997D+03
  665  751     0     0  con    0  1.0D+00  6.0D-02  1.442D+03  2.997D+03
  666  752     0     0  con    0  1.0D+00  1.5D-02  4.100D+02  2.996D+03
  667  753     0     0  con    0  1.0D+00  5.2D-03  2.593D+02  2.996D+03
  668  754     0     0  con    0  1.0D+00  8.6D-03  3.512D+02  2.995D+03
  669  755     0     0  con    0  1.0D+00  1.9D-02  6.619D+02  2.995D+03
  670  756     0     0  con    0  1.0D+00  1.8D-02  5.686D+02  2.994D+03
  671  758     0     0  con    1  2.1D-01  1.7D-02  6.199D+02  2.994D+03
  672  759     0     0  con    0  1.0D+00  1.3D-02  2.263D+02  2.993D+03
  673  760     0     0  con    0  1.0D+00  7.4D-03  1.562D+02  2.993D+03
  674  761     0     0  con    0  1.0D+00  9.2D-03  4.244D+02  2.993D+03
  675  762     0     0  con    0  1.0D+00  8.1D-03  3.760D+02  2.993D+03
  676  763     0     0  con    0  1.0D+00  2.2D-02  4.133D+02  2.992D+03
  677  764     0     0  con    0  1.0D+00  4.0D-02  6.841D+02  2.991D+03
  678  765     0     0  con    0  1.0D+00  5.1D-02  9.392D+02  2.990D+03
  679  766     0     0  con    0  1.0D+00  6.6D-03  4.619D+02  2.990D+03
  680  767     0     0  con    0  1.0D+00  4.8D-03  1.342D+02  2.989D+03
  681  768     0     0  con    0  1.0D+00  5.8D-03  1.367D+02  2.989D+03
  682  769     0     0  con    0  1.0D+00  1.8D-02  2.142D+02  2.989D+03
  683  770     0     0  con    0  1.0D+00  2.9D-02  2.580D+02  2.988D+03
  684  771     0     0  con    0  1.0D+00  2.0D-02  7.626D+02  2.988D+03
  685  772     0     0  con    0  1.0D+00  9.6D-03  6.125D+02  2.987D+03
  686  773     0     0  con    0  1.0D+00  9.4D-03  4.048D+02  2.987D+03
  687  774     0     0  con    0  1.0D+00  9.6D-03  3.441D+02  2.987D+03
  688  775     0     0  con    0  1.0D+00  4.5D-02  4.343D+02  2.986D+03
  689  776     0     0  con    0  1.0D+00  2.3D-02  8.498D+02  2.986D+03
  690  777     0     0  con    0  1.0D+00  4.5D-03  2.074D+02  2.985D+03
  691  778     0     0  con    0  1.0D+00  8.4D-03  2.280D+02  2.985D+03
  692  779     0     0  con    0  1.0D+00  2.2D-03  2.370D+02  2.985D+03
  693  780     0     0  con    0  1.0D+00  4.8D-03  2.699D+02  2.984D+03
  694  781     0     0  con    0  1.0D+00  1.5D-02  4.292D+02  2.984D+03
  695  782     0     0  con    0  1.0D+00  1.7D-02  2.516D+02  2.983D+03
  696  783     0     0  con    0  1.0D+00  2.2D-02  9.420D+02  2.983D+03
  697  784     0     0  con    0  1.0D+00  1.1D-02  3.142D+02  2.983D+03
  698  785     0     0  con    0  1.0D+00  1.1D-03  1.279D+02  2.983D+03
  699  786     0     0  con    0  1.0D+00  2.7D-03  3.294D+02  2.982D+03
  700  787     0     0  con    0  1.0D+00  1.6D-03  3.080D+02  2.982D+03
  701  788     0     0  con    0  1.0D+00  8.2D-03  2.659D+02  2.982D+03
  702  789     0     0  con    0  1.0D+00  1.4D-02  4.733D+02  2.981D+03
  703  790     0     0  con    0  1.0D+00  4.1D-03  4.834D+02  2.981D+03
  704  791     0     0  con    0  1.0D+00  2.1D-03  4.685D+02  2.980D+03
  705  792     0     0  con    0  1.0D+00  1.5D-02  5.484D+02  2.980D+03
  706  794     0     0  con    1  4.5D-01  5.6D-03  2.054D+02  2.979D+03
  707  795     0     0  con    0  1.0D+00  2.4D-02  2.323D+02  2.978D+03
  708  796     0     0  con    0  1.0D+00  3.2D-02  3.743D+02  2.978D+03
  709  797     0     0  con    0  1.0D+00  4.5D-03  3.186D+02  2.978D+03
  710  798     0     0  con    0  1.0D+00  5.7D-03  3.282D+02  2.977D+03
  711  799     0     0  con    0  1.0D+00  3.7D-03  1.883D+02  2.977D+03
  712  800     0     0  con    0  1.0D+00  6.8D-03  1.836D+02  2.976D+03
  713  801     0     0  con    0  1.0D+00  1.5D-02  4.210D+02  2.975D+03
  714  802     0     0  con    0  1.0D+00  2.0D-02  2.913D+02  2.974D+03
  715  803     0     0  con    0  1.0D+00  2.8D-02  7.071D+02  2.973D+03
  716  805     0     0  con    1  4.4D-01  5.9D-03  1.984D+02  2.973D+03
  717  806     0     0  con    0  1.0D+00  1.4D-02  2.031D+02  2.973D+03
  718  807     0     0  con    0  1.0D+00  2.0D-02  5.080D+02  2.972D+03
  719  808     0     0  con    0  1.0D+00  5.4D-02  7.733D+02  2.971D+03
  720  809     0     0  con    0  1.0D+00  8.1D-03  7.564D+02  2.971D+03
  721  810     0     0  con    0  1.0D+00  5.8D-03  3.609D+02  2.970D+03
  722  811     0     0  con    0  1.0D+00  3.9D-03  1.456D+02  2.970D+03
  723  812     0     0  con    0  1.0D+00  1.2D-02  3.676D+02  2.970D+03
  724  813     0     0  con    0  1.0D+00  2.1D-03  4.370D+02  2.970D+03
  725  814     0     0  con    0  1.0D+00  1.7D-02  5.061D+02  2.968D+03
  726  815     0     0  con    0  1.0D+00  3.7D-02  6.944D+02  2.966D+03
  727  817     0     0  con    1  2.9D-01  1.2D-02  4.770D+02  2.966D+03
  728  818     0     0  con    0  1.0D+00  8.9D-03  5.574D+02  2.965D+03
  729  819     0     0  con    0  1.0D+00  1.6D-02  2.177D+02  2.964D+03
  730  820     0     0  con    0  1.0D+00  1.7D-02  2.184D+02  2.964D+03
  731  821     0     0  con    0  1.0D+00  2.2D-02  3.762D+02  2.964D+03
  732  822     0     0  con    0  1.0D+00  1.7D-02  2.817D+02  2.963D+03
  733  824     0     0  con    1  1.4D-01  2.4D-03  7.618D+02  2.963D+03
  734  825     0     0  con    0  1.0D+00  5.4D-03  4.265D+02  2.962D+03
  735  826     0     0  con    0  1.0D+00  3.0D-03  2.181D+02  2.962D+03
  736  827     0     0  con    0  1.0D+00  8.3D-03  2.858D+02  2.962D+03
  737  828     0     0  con    0  1.0D+00  7.1D-03  3.780D+02  2.962D+03
  738  829     0     0  con    0  1.0D+00  1.0D-02  4.380D+02  2.961D+03
  739  831     0     0  con    1  6.9D-02  4.8D-03  5.835D+02  2.961D+03
  740  832     0     0  con    0  1.0D+00  1.3D-02  3.720D+02  2.960D+03
  741  833     0     0  con    0  1.0D+00  2.7D-02  1.646D+02  2.960D+03
  742  834     0     0  con    0  1.0D+00  2.9D-03  1.318D+02  2.959D+03
  743  835     0     0  con    0  1.0D+00  4.6D-03  3.524D+02  2.959D+03
  744  836     0     0  con    0  1.0D+00  1.1D-02  1.924D+02  2.959D+03
  745  838     0     0  con    1  1.0D-01  6.5D-03  6.356D+02  2.958D+03
  746  839     0     0  con    0  1.0D+00  1.3D-02  3.997D+02  2.958D+03
  747  840     0     0  con    0  1.0D+00  1.5D-02  1.732D+02  2.958D+03
  748  841     0     0  con    0  1.0D+00  1.7D-02  1.515D+02  2.957D+03
  749  842     0     0  con    0  1.0D+00  6.2D-03  1.625D+02  2.957D+03
  750  843     0     0  con    0  1.0D+00  2.8D-02  9.361D+02  2.957D+03
  751  844     0     0  con    0  1.0D+00  2.0D-03  3.904D+02  2.956D+03
  752  845     0     0  con    0  1.0D+00  1.7D-03  3.513D+02  2.956D+03
  753  846     0     0  con    0  1.0D+00  1.3D-02  4.717D+02  2.955D+03
  754  847     0     0  con    0  1.0D+00  2.1D-02  6.726D+02  2.955D+03
  755  848     0     0  con    0  1.0D+00  8.1D-03  7.288D+02  2.954D+03
  756  849     0     0  con    0  1.0D+00  7.4D-02  1.627D+03  2.954D+03
  757  850     0     0  con    0  1.0D+00  8.3D-03  2.499D+02  2.953D+03
  758  851     0     0  con    0  1.0D+00  1.6D-02  1.356D+02  2.953D+03
  759  852     0     0  con    0  1.0D+00  2.5D-03  1.384D+02  2.952D+03
  760  854     0     0  con    1  3.4D-01  4.2D-02  1.643D+02  2.952D+03
  761  856     0     0  con    1  2.7D-01  3.3D-02  5.914D+02  2.951D+03
  762  857     0     0  con    0  1.0D+00  2.4D-02  6.015D+02  2.950D+03
  763  858     0     0  con    0  1.0D+00  8.2D-03  4.293D+02  2.950D+03
  764  859     0     0  con    0  1.0D+00  1.7D-02  3.671D+02  2.949D+03
  765  860     0     0  con    0  1.0D+00  2.3D-02  3.832D+02  2.948D+03
  766  861     0     0  con    0  1.0D+00  2.9D-02  1.998D+02  2.948D+03
  767  862     0     0  con    0  1.0D+00  2.5D-02  3.514D+02  2.947D+03
  768  863     0     0  con    0  1.0D+00  2.0D-02  6.450D+02  2.947D+03
  769  864     0     0  con    0  1.0D+00  1.2D-02  2.354D+02  2.946D+03
  770  865     0     0  con    0  1.0D+00  3.2D-03  3.442D+02  2.946D+03
  771  866     0     0  con    0  1.0D+00  3.5D-03  2.332D+02  2.946D+03
  772  867     0     0  con    0  1.0D+00  3.1D-03  1.105D+02  2.945D+03
  773  869     0     0  con    1  1.7D-01  1.9D-03  3.770D+02  2.945D+03
  774  870     0     0  con    0  1.0D+00  7.8D-03  2.578D+02  2.945D+03
  775  871     0     0  con    0  1.0D+00  7.8D-03  2.643D+02  2.945D+03
  776  872     0     0  con    0  1.0D+00  2.2D-02  2.627D+02  2.944D+03
  777  873     0     0  con    0  1.0D+00  2.1D-02  2.524D+02  2.944D+03
  778  874     0     0  con    0  1.0D+00  7.2D-02  6.190D+02  2.944D+03
  779  875     0     0  con    0  1.0D+00  1.3D-02  2.937D+02  2.943D+03
  780  876     0     0  con    0  1.0D+00  2.0D-02  1.752D+02  2.942D+03
  781  877     0     0  con    0  1.0D+00  2.2D-02  4.655D+02  2.942D+03
  782  878     0     0  con    0  1.0D+00  9.2D-03  2.543D+02  2.942D+03
  783  879     0     0  con    0  1.0D+00  2.2D-02  3.224D+02  2.941D+03
  784  880     0     0  con    0  1.0D+00  1.4D-02  1.646D+02  2.941D+03
  785  881     0     0  con    0  1.0D+00  5.6D-03  1.542D+02  2.941D+03
  786  882     0     0  con    0  1.0D+00  5.2D-03  1.136D+02  2.941D+03
  787  883     0     0  con    0  1.0D+00  4.4D-03  4.152D+02  2.940D+03
  788  884     0     0  con    0  1.0D+00  1.5D-02  3.554D+02  2.940D+03
  789  885     0     0  con    0  1.0D+00  4.1D-03  3.932D+02  2.940D+03
  790  886     0     0  con    0  1.0D+00  3.5D-03  3.653D+02  2.940D+03
  791  887     0     0  con    0  1.0D+00  4.1D-03  2.357D+02  2.939D+03
  792  888     0     0  con    0  1.0D+00  9.2D-03  2.023D+02  2.939D+03
  793  889     0     0  con    0  1.0D+00  9.4D-03  3.517D+02  2.939D+03
  794  890     0     0  con    0  1.0D+00  1.7D-02  3.316D+02  2.938D+03
  795  891     0     0  con    0  1.0D+00  1.8D-02  3.848D+02  2.938D+03
  796  892     0     0  con    0  1.0D+00  3.3D-02  3.590D+02  2.937D+03
  797  893     0     0  con    0  1.0D+00  1.6D-03  3.297D+02  2.937D+03
  798  894     0     0  con    0  1.0D+00  1.4D-02  3.677D+02  2.936D+03
  799  896     0     0  con    1  4.3D-01  5.7D-03  6.366D+02  2.936D+03
  800  897     0     0  con    0  1.0D+00  2.3D-02  3.629D+02  2.936D+03
  801  898     0     0  con    0  1.0D+00  5.4D-02  3.621D+02  2.935D+03
  802  899     0     0  con    0  1.0D+00  1.7D-03  3.036D+02  2.935D+03
  803  900     0     0  con    0  1.0D+00  1.6D-02  3.403D+02  2.934D+03
  804  901     0     0  con    0  1.0D+00  4.0D-03  2.870D+02  2.934D+03
  805  902     0     0  con    0  1.0D+00  1.2D-02  2.365D+02  2.933D+03
  806  903     0     0  con    0  1.0D+00  8.8D-03  1.533D+02  2.933D+03
  807  905     0     0  con    1  5.0D-01  1.0D-02  6.293D+02  2.932D+03
  808  906     0     0  con    0  1.0D+00  1.4D-02  4.718D+02  2.932D+03
  809  907     0     0  con    0  1.0D+00  6.2D-03  2.965D+02  2.931D+03
  810  908     0     0  con    0  1.0D+00  1.2D-02  3.312D+02  2.931D+03
  811  910     0     0  con    1  3.5D-01  6.9D-03  1.964D+02  2.931D+03
  812  911     0     0  con    0  1.0D+00  9.3D-03  1.224D+02  2.931D+03
  813  912     0     0  con    0  1.0D+00  1.9D-02  2.328D+02  2.930D+03
  814  913     0     0  con    0  1.0D+00  9.2D-03  2.476D+02  2.930D+03
  815  914     0     0  con    0  1.0D+00  8.4D-02  9.175D+02  2.930D+03
  816  915     0     0  con    0  1.0D+00  3.9D-02  2.067D+02  2.929D+03
  817  916     0     0  con    0  1.0D+00  1.6D-02  1.865D+02  2.929D+03
  818  917     0     0  con    0  1.0D+00  1.3D-02  3.033D+02  2.929D+03
  819  918     0     0  con    0  1.0D+00  4.3D-02  2.934D+02  2.928D+03
  820  920     0     0  con    1  3.8D-01  9.5D-03  6.011D+02  2.928D+03
  821  921     0     0  con    0  1.0D+00  4.6D-02  4.144D+02  2.927D+03
  822  922     0     0  con    0  1.0D+00  1.7D-02  3.216D+02  2.927D+03
  823  924     0     0  con    1  4.6D-01  1.9D-02  4.362D+02  2.926D+03
  824  925     0     0  con    0  1.0D+00  1.4D-02  3.246D+02  2.926D+03
  825  926     0     0  con    0  1.0D+00  2.3D-03  2.808D+02  2.926D+03
  826  927     0     0  con    0  1.0D+00  1.3D-02  2.702D+02  2.925D+03
  827  928     0     0  con    0  1.0D+00  5.3D-03  1.925D+02  2.925D+03
  828  929     0     0  con    0  1.0D+00  3.1D-02  6.952D+02  2.924D+03
  829  930     0     0  con    0  1.0D+00  4.3D-02  9.779D+02  2.924D+03
  830  931     0     0  con    0  1.0D+00  3.9D-03  2.060D+02  2.923D+03
  831  932     0     0  con    0  1.0D+00  2.2D-02  1.390D+02  2.923D+03
  832  933     0     0  con    0  1.0D+00  3.0D-02  2.352D+02  2.923D+03
  833  934     0     0  con    0  1.0D+00  4.8D-02  4.050D+02  2.922D+03
  834  935     0     0  con    0  1.0D+00  4.9D-02  1.951D+02  2.922D+03
  835  936     0     0  con    0  1.0D+00  2.1D-02  2.360D+02  2.921D+03
  836  938     0     0  con    1  2.2D-01  1.0D-02  3.374D+02  2.921D+03
  837  939     0     0  con    0  1.0D+00  2.4D-03  2.973D+02  2.921D+03
  838  940     0     0  con    0  1.0D+00  3.6D-02  2.909D+02  2.920D+03
  839  941     0     0  con    0  1.0D+00  6.8D-02  1.834D+02  2.920D+03
  840  942     0     0  con    0  1.0D+00  1.6D-02  2.830D+02  2.919D+03
  841  943     0     0  con    0  1.0D+00  1.2D-02  3.573D+02  2.918D+03
  842  945     0     0  con    1  7.1D-02  5.2D-03  4.919D+02  2.918D+03
  843  946     0     0  con    0  1.0D+00  1.0D-02  2.724D+02  2.917D+03
  844  947     0     0  con    0  1.0D+00  1.6D-02  1.977D+02  2.917D+03
  845  948     0     0  con    0  1.0D+00  1.4D-02  1.317D+02  2.916D+03
  846  949     0     0  con    0  1.0D+00  1.5D-02  1.314D+02  2.916D+03
  847  951     0     0  con    1  1.7D-01  1.8D-02  2.623D+02  2.916D+03
  848  952     0     0  con    0  1.0D+00  1.9D-02  2.070D+02  2.915D+03
  849  953     0     0  con    0  1.0D+00  5.9D-02  2.379D+02  2.914D+03
  850  954     0     0  con    0  1.0D+00  1.0D-02  2.083D+02  2.914D+03
  851  955     0     0  con    0  1.0D+00  4.2D-03  1.794D+02  2.914D+03
  852  956     0     0  con    0  1.0D+00  2.4D-02  2.669D+02  2.913D+03
  853  957     0     0  con    0  1.0D+00  5.9D-02  1.024D+03  2.912D+03
  854  958     0     0  con    0  1.0D+00  6.7D-02  5.779D+02  2.911D+03
  855  959     0     0  con    0  1.0D+00  8.0D-03  2.863D+02  2.911D+03
  856  960     0     0  con    0  1.0D+00  2.3D-02  1.740D+02  2.910D+03
  857  961     0     0  con    0  1.0D+00  6.6D-03  1.499D+02  2.910D+03
  858  962     0     0  con    0  1.0D+00  1.1D-02  9.502D+02  2.910D+03
  859  963     0     0  con    0  1.0D+00  2.3D-02  3.322D+02  2.909D+03
  860  964     0     0  con    0  1.0D+00  1.9D-03  2.959D+02  2.909D+03
  861  965     0     0  con    0  1.0D+00  1.5D-02  2.147D+02  2.909D+03
  862  966     0     0  con    0  1.0D+00  3.2D-03  1.951D+02  2.908D+03
  863  967     0     0  con    0  1.0D+00  1.1D-02  2.855D+02  2.908D+03
  864  969     0     0  con    1  8.1D-02  2.6D-02  4.719D+02  2.907D+03
  865  970     0     0  con    0  1.0D+00  4.2D-02  3.954D+02  2.907D+03
  866  971     0     0  con    0  1.0D+00  9.9D-03  2.244D+02  2.907D+03
  867  972     0     0  con    0  1.0D+00  1.7D-03  1.579D+02  2.907D+03
  868  973     0     0  con    0  1.0D+00  3.3D-03  4.032D+02  2.906D+03
  869  974     0     0  con    0  1.0D+00  4.7D-03  4.725D+02  2.906D+03
  870  975     0     0  con    0  1.0D+00  1.1D-02  6.678D+02  2.905D+03
  871  977     0     0  con    1  1.5D-01  7.5D-03  4.778D+02  2.905D+03
  872  978     0     0  con    0  1.0D+00  2.5D-02  3.789D+02  2.904D+03
  873  979     0     0  con    0  1.0D+00  3.6D-02  2.600D+02  2.904D+03
  874  980     0     0  con    0  1.0D+00  3.3D-02  2.443D+02  2.903D+03
  875  981     0     0  con    0  1.0D+00  2.3D-02  5.367D+02  2.903D+03
  876  983     0     0  con    1  2.9D-01  5.1D-03  2.526D+02  2.903D+03
  877  984     0     0  con    0  1.0D+00  1.1D-02  2.123D+02  2.902D+03
  878  985     0     0  con    0  1.0D+00  7.0D-03  4.279D+02  2.902D+03
  879  986     0     0  con    0  1.0D+00  1.0D-02  4.700D+02  2.901D+03
  880  987     0     0  con    0  1.0D+00  2.5D-02  3.796D+02  2.899D+03
  881  989     0     0  con    1  6.2D-02  1.0D-02  6.240D+02  2.899D+03
  882  990     0     0  con    0  1.0D+00  2.9D-02  2.750D+02  2.898D+03
  883  991     0     0  con    0  1.0D+00  1.5D-02  3.223D+02  2.898D+03
  884  992     0     0  con    0  1.0D+00  4.7D-03  1.149D+02  2.898D+03
  885  993     0     0  con    0  1.0D+00  2.5D-03  1.642D+02  2.897D+03
  886  994     0     0  con    0  1.0D+00  4.5D-03  2.592D+02  2.897D+03
  887  996     0     0  con    1  2.2D-01  1.5D-03  3.403D+02  2.897D+03
  888  997     0     0  con    0  1.0D+00  6.4D-03  2.905D+02  2.897D+03
  889  998     0     0  con    0  1.0D+00  2.2D-02  3.084D+02  2.896D+03
  890  999     0     0  con    0  1.0D+00  4.1D-02  4.679D+02  2.895D+03
  891 1000     0     0  con    0  1.0D+00  5.4D-03  1.084D+02  2.895D+03
  892 1001     0     0  con    0  1.0D+00  3.2D-03  9.704D+01  2.895D+03
  893 1002     0     0  con    0  1.0D+00  6.0D-03  2.318D+02  2.894D+03
  894 1003     0     0  con    0  1.0D+00  2.0D-02  3.775D+02  2.894D+03
  895 1004     0     0  con    0  1.0D+00  3.3D-02  7.227D+02  2.894D+03
  896 1005     0     0  con    0  1.0D+00  5.9D-02  2.680D+02  2.893D+03
  897 1006     0     0  con    0  1.0D+00  2.0D-02  1.760D+02  2.893D+03
  898 1007     0     0  con    0  1.0D+00  1.8D-02  2.087D+02  2.892D+03
  899 1008     0     0  con    0  1.0D+00  3.2D-02  5.309D+02  2.892D+03
  900 1009     0     0  con    0  1.0D+00  4.7D-02  3.607D+02  2.891D+03
  901 1010     0     0  con    0  1.0D+00  5.1D-02  3.940D+02  2.891D+03
  902 1011     0     0  con    0  1.0D+00  1.9D-02  1.902D+02  2.890D+03
  903 1012     0     0  con    0  1.0D+00  3.4D-03  2.332D+02  2.890D+03
  904 1013     0     0  con    0  1.0D+00  4.5D-02  4.786D+02  2.890D+03
  905 1014     0     0  con    0  1.0D+00  5.8D-03  1.801D+02  2.889D+03
  906 1015     0     0  con    0  1.0D+00  1.2D-02  2.676D+02  2.889D+03
  907 1016     0     0  con    0  1.0D+00  1.6D-02  2.615D+02  2.889D+03
  908 1017     0     0  con    0  1.0D+00  4.0D-02  4.479D+02  2.888D+03
  909 1018     0     0  con    0  1.0D+00  2.7D-02  1.715D+02  2.888D+03
  910 1019     0     0  con    0  1.0D+00  6.8D-02  4.000D+02  2.887D+03
  911 1021     0     0  con    1  3.6D-01  9.2D-03  7.712D+02  2.887D+03
  912 1022     0     0  con    0  1.0D+00  1.7D-02  6.123D+02  2.887D+03
  913 1023     0     0  con    0  1.0D+00  1.8D-02  2.240D+02  2.886D+03
  914 1024     0     0  con    0  1.0D+00  4.1D-03  1.552D+02  2.886D+03
  915 1025     0     0  con    0  1.0D+00  2.4D-02  3.962D+02  2.886D+03
  916 1026     0     0  con    0  1.0D+00  4.7D-03  2.470D+02  2.886D+03
  917 1027     0     0  con    0  1.0D+00  2.2D-02  2.580D+02  2.885D+03
  918 1028     0     0  con    0  1.0D+00  1.6D-02  4.761D+02  2.885D+03
  919 1029     0     0  con    0  1.0D+00  1.1D-02  5.118D+02  2.885D+03
  920 1030     0     0  con    0  1.0D+00  8.8D-03  3.534D+02  2.884D+03
  921 1031     0     0  con    0  1.0D+00  1.5D-02  3.698D+02  2.883D+03
  922 1032     0     0  con    0  1.0D+00  2.5D-02  5.151D+02  2.883D+03
  923 1033     0     0  con    0  1.0D+00  3.0D-02  4.693D+02  2.883D+03
  924 1034     0     0  con    0  1.0D+00  1.3D-02  4.723D+02  2.882D+03
  925 1035     0     0  con    0  1.0D+00  8.4D-02  3.442D+02  2.881D+03
  926 1036     0     0  con    0  1.0D+00  7.9D-02  7.451D+02  2.881D+03
  927 1037     0     0  con    0  1.0D+00  3.7D-02  2.460D+02  2.881D+03
  928 1038     0     0  con    0  1.0D+00  2.4D-03  1.556D+02  2.881D+03
  929 1039     0     0  con    0  1.0D+00  1.2D-02  1.853D+02  2.881D+03
  930 1040     0     0  con    0  1.0D+00  2.2D-02  2.553D+02  2.880D+03
  931 1041     0     0  con    0  1.0D+00  9.5D-03  3.945D+02  2.880D+03
  932 1042     0     0  con    0  1.0D+00  4.3D-02  5.464D+02  2.880D+03
  933 1043     0     0  con    0  1.0D+00  1.5D-02  2.474D+02  2.879D+03
  934 1044     0     0  con    0  1.0D+00  2.6D-03  1.590D+02  2.879D+03
  935 1045     0     0  con    0  1.0D+00  2.1D-02  5.582D+02  2.879D+03
  936 1046     0     0  con    0  1.0D+00  1.2D-02  4.806D+02  2.879D+03
  937 1047     0     0  con    0  1.0D+00  2.6D-02  4.010D+02  2.878D+03
  938 1048     0     0  con    0  1.0D+00  5.8D-02  3.489D+02  2.877D+03
  939 1050     0     0  con    1  2.7D-01  7.8D-03  7.364D+02  2.877D+03
  940 1051     0     0  con    0  1.0D+00  6.0D-03  3.520D+02  2.877D+03
  941 1052     0     0  con    0  1.0D+00  6.6D-03  2.705D+02  2.877D+03
  942 1053     0     0  con    0  1.0D+00  1.7D-02  3.115D+02  2.876D+03
  943 1054     0     0  con    0  1.0D+00  2.9D-02  2.811D+02  2.876D+03
  944 1056     0     0  con    1  2.0D-01  5.3D-02  5.218D+02  2.876D+03
  945 1057     0     0  con    0  1.0D+00  1.5D-02  5.990D+02  2.875D+03
  946 1058     0     0  con    0  1.0D+00  1.3D-02  5.080D+02  2.875D+03
  947 1059     0     0  con    0  1.0D+00  3.3D-02  4.211D+02  2.874D+03
  948 1060     0     0  con    0  1.0D+00  5.4D-02  4.036D+02  2.874D+03
  949 1061     0     0  con    0  1.0D+00  2.0D-02  2.629D+02  2.873D+03
  950 1062     0     0  con    0  1.0D+00  2.6D-02  3.272D+02  2.873D+03
  951 1063     0     0  con    0  1.0D+00  8.9D-03  3.374D+02  2.873D+03
  952 1064     0     0  con    0  1.0D+00  9.3D-03  2.920D+02  2.873D+03
  953 1065     0     0  con    0  1.0D+00  7.8D-03  1.953D+02  2.872D+03
  954 1066     0     0  con    0  1.0D+00  4.0D-02  2.998D+02  2.872D+03
  955 1067     0     0  con    0  1.0D+00  6.8D-02  9.248D+02  2.871D+03
  956 1068     0     0  con    0  1.0D+00  6.2D-03  1.817D+02  2.871D+03
  957 1069     0     0  con    0  1.0D+00  5.0D-03  1.971D+02  2.871D+03
  958 1070     0     0  con    0  1.0D+00  6.8D-03  2.085D+02  2.871D+03
  959 1071     0     0  con    0  1.0D+00  1.8D-02  3.235D+02  2.870D+03
  960 1073     0     0  con    1  2.2D-01  2.5D-02  2.486D+02  2.870D+03
  961 1074     0     0  con    0  1.0D+00  4.8D-03  4.819D+02  2.869D+03
  962 1075     0     0  con    0  1.0D+00  1.5D-02  4.037D+02  2.869D+03
  963 1076     0     0  con    0  1.0D+00  1.7D-02  3.394D+02  2.869D+03
  964 1077     0     0  con    0  1.0D+00  1.0D-02  1.805D+02  2.868D+03
  965 1078     0     0  con    0  1.0D+00  2.9D-02  4.832D+02  2.868D+03
  966 1079     0     0  con    0  1.0D+00  2.2D-02  4.227D+02  2.867D+03
  967 1081     0     0  con    1  3.3D-01  9.5D-03  8.384D+02  2.867D+03
  968 1082     0     0  con    0  1.0D+00  6.0D-03  4.717D+02  2.867D+03
  969 1083     0     0  con    0  1.0D+00  7.0D-03  3.009D+02  2.866D+03
  970 1084     0     0  con    0  1.0D+00  1.5D-02  3.159D+02  2.866D+03
  971 1085     0     0  con    0  1.0D+00  8.9D-03  3.543D+02  2.865D+03
  972 1087     0     0  con    1  4.1D-01  1.1D-02  2.088D+02  2.865D+03
  973 1088     0     0  con    0  1.0D+00  9.8D-03  3.720D+02  2.865D+03
  974 1089     0     0  con    0  1.0D+00  2.6D-02  4.943D+02  2.864D+03
  975 1090     0     0  con    0  1.0D+00  3.9D-02  4.567D+02  2.864D+03
  976 1091     0     0  con    0  1.0D+00  8.0D-02  6.537D+02  2.863D+03
  977 1093     0     0  con    1  3.9D-01  4.8D-02  2.552D+02  2.863D+03
  978 1094     0     0  con    0  1.0D+00  2.5D-02  3.127D+02  2.862D+03
  979 1096     0     0  con    1  1.4D-01  1.3D-02  5.263D+02  2.862D+03
  980 1097     0     0  con    0  1.0D+00  6.1D-03  5.102D+02  2.862D+03
  981 1098     0     0  con    0  1.0D+00  7.3D-02  2.592D+02  2.861D+03
  982 1099     0     0  con    0  1.0D+00  4.6D-02  1.798D+02  2.860D+03
  983 1100     0     0  con    0  1.0D+00  2.3D-02  2.108D+02  2.860D+03
  984 1102     0     0  con    1  2.7D-01  8.8D-03  6.761D+02  2.859D+03
  985 1103     0     0  con    0  1.0D+00  2.6D-02  3.846D+02  2.858D+03
  986 1104     0     0  con    0  1.0D+00  6.2D-02  2.589D+02  2.858D+03
  987 1105     0     0  con    0  1.0D+00  4.4D-02  3.078D+02  2.857D+03
  988 1106     0     0  con    0  1.0D+00  3.1D-02  5.311D+02  2.857D+03
  989 1107     0     0  con    0  1.0D+00  7.7D-03  1.904D+02  2.856D+03
  990 1108     0     0  con    0  1.0D+00  1.7D-02  1.559D+02  2.856D+03
  991 1109     0     0  con    0  1.0D+00  1.6D-02  5.420D+02  2.856D+03
  992 1110     0     0  con    0  1.0D+00  3.1D-02  2.091D+02  2.855D+03
  993 1111     0     0  con    0  1.0D+00  9.1D-03  1.299D+02  2.855D+03
  994 1112     0     0  con    0  1.0D+00  1.2D-02  2.262D+02  2.855D+03
  995 1113     0     0  con    0  1.0D+00  1.2D-02  4.807D+02  2.854D+03
  996 1114     0     0  con    0  1.0D+00  4.4D-02  2.446D+02  2.853D+03
  997 1115     0     0  con    0  1.0D+00  3.9D-02  6.542D+02  2.853D+03
  998 1116     0     0  con    0  1.0D+00  1.5D-02  4.300D+02  2.853D+03
  999 1117     0     0  con    0  1.0D+00  1.8D-02  1.627D+02  2.852D+03
 1000 1118     0     0  con    0  1.0D+00  3.0D-03  2.861D+02  2.852D+03
 1001 1119     0     0  con    0  1.0D+00  8.2D-03  3.340D+02  2.851D+03
 1002 1121     0     0  con    1  3.4D-01  2.2D-02  5.435D+02  2.851D+03

STOP: TOTAL NO. of ITERATIONS EXCEEDS LIMIT                 

 Total User time 0.000E+00 seconds.

