-3.319119811897039973e-01
8.812979737686323922e-01
-1.999542500730620453e+00
-7.906697094726409247e-01
-1.412976436731547825e+00
-1.630645620924808803e+00
-1.254959154489316386e+00
-6.177570918278090240e-01
-4.129301030773202541e-01
1.552669360134277809e-01
-3.232219423868207819e-01
7.408780015870379820e-01
-1.182191001073930270e+00
1.512469745563781665e+00
-1.890449627208295347e+00
6.818700407136089048e-01
-3.307807905314921193e-01
2.347593137830066290e-01
-1.438452245619064929e+00
-1.207594043660484839e+00
1.202978274702146688e+00
1.873046302877590108e+00
-7.463032873630286446e-01
7.692904626772563148e-01
1.505556609184153238e+00
1.578426654015389285e+00
-1.659823154520888355e+00
-1.843780867068470553e+00
-1.320678321741724393e+00
1.512570013717652539e+00
-1.606612664667799617e+00
-3.155694999797913347e-01
1.831558120602007733e+00
1.326611398920682916e-01
7.675084558018934189e-01
-7.379374759757482138e-01
7.460037107263346456e-01
1.338502687589491646e+00
-1.926846890623232778e+00
1.000577259779869888e+00
1.955444355625978847e+00
9.926626175193575818e-01
-8.782240317423792852e-01
1.157117313805954062e+00
-1.587095973689431894e+00
-2.084258952963793377e-01
1.634382012372382231e+00
-8.255434065052820181e-01
-8.488986456546050441e-01
-1.479885711526889303e+00
-1.922532168518811702e+00
7.153421317595638484e-01
-1.153487535999763836e+00
-9.378133625110951499e-01
-3.370736287864684044e-02
-1.786549819531678462e+00
2.964704219680522890e-01
-1.413085700376759402e+00
3.572221476131369755e-01
7.990334400837246775e-01
-1.590662284688696637e+00
-3.437760487217267347e-01
7.776006309109804171e-01
-3.432829218923894032e-01
-1.800186164215651363e+00
1.435856236620463022e-01
6.551785808791552590e-01
5.955644823323424930e-02
1.778379023963253314e+00
3.462201620079716768e-01
1.613607661151533978e+00
-1.450101183415049899e+00
-1.442894610996965810e+00
1.229565154838095253e+00
-4.092926520578656913e-01
-1.338583211532268891e+00
1.710034321584135597e+00
-6.089365610179737764e-01
1.003248412544622159e+00
9.039919414018058319e-01
1.533224364823239316e+00
4.946888282224355393e-01
1.003769736109348720e+00
-6.044066320886298804e-01
-9.202884329398957064e-01
1.583544872784267366e+00
-2.876352405148203673e-01
1.859360188593542240e+00
6.537659912737923129e-01
4.867828808364871307e-01
-1.541016108186499256e+00
1.797957034828284950e+00
-2.003514660802379055e-01
3.135584575485270697e-01
-3.674527889548753201e-01
-1.051892079027889171e+00
1.613518082249015162e+00
2.947179466891434174e-01
-1.988518691875364119e+00
4.685796544828955135e-01
-6.934203929116153908e-01
1.082324090304371822e-01
1.543768397243098001e+00
-5.709209599900009202e-01
1.634140603679196779e+00
4.934404631672109076e-01
-1.936715028613774869e+00
1.717748934975045216e+00
7.635876700676957896e-01
1.989291401805922010e+00
-1.310637966618685812e+00
-1.451457001484488973e+00
1.730381852148654254e+00
7.872726459596006698e-01
-1.735999309111750044e+00
1.021852210409865513e+00
1.015504753844985508e+00
1.692098142185933352e+00
8.460990345138870161e-01
-1.502916152111341219e+00
-1.920479464640817646e+00
-1.895156052489122889e+00
-1.886774047916821573e+00
-1.015155729587816413e+00
1.440111794731552042e+00
1.553242573666113735e-01
2.112879147430635207e-01
1.368123569438422837e+00
-1.503306739520355428e+00
-8.832652839554420154e-01
3.430370858331515116e-01
1.878382993278698176e+00
2.441208770228397995e-01
-1.925410842508227915e+00
1.202530690722465323e+00
-1.068102904635918282e+00
1.228420782475116546e+00
-4.485574237433129774e-01
1.454167418237714671e+00
9.884865709487384855e-01
2.249609359616755455e-01
-1.454179097357259920e+00
-1.760329241951153367e+00
-1.514626177037050603e+00
-1.821792485820953100e+00
-1.570023483575628376e+00
-1.097162645568581230e+00
8.519559215307066502e-01
2.388679282165697693e-01
-1.949776079363536585e+00
-1.712102881242052899e+00
1.869105320001088089e+00
2.724018476797684940e-01
-1.186827061356038104e+00
-9.906970217187063277e-01
9.753034163003717616e-01
-1.218282075562724831e+00
3.254357090930311003e-01
1.880079956353249315e+00
1.387315205960141018e+00
-1.040608963409655363e+00
-2.492114292508018636e-02
4.798228735255190003e-01
1.315923598200714917e+00
-1.372834421415662920e+00
-1.925695191290361930e+00
-1.719911425123110682e+00
-5.461955625187275842e-02
4.253178466133213931e-01
2.754057483459253497e-01
-7.305503627113569820e-01
1.954464617649795510e+00
3.189808769831876667e-01
-4.794353095057983793e-01
2.037928764715872809e-01
9.813377236260083514e-01
6.769315738127383852e-01
-9.403217693487624373e-01
-1.734660662286233723e+00
-5.196632083435748228e-01
5.188700280862579284e-01
-1.159303960340641648e+00
1.011022214955255460e+00
-1.733854074583540239e+00
-9.587396056858361604e-01
1.219018254973381676e+00
-1.226262869506689057e+00
5.578435235197605202e-01
9.868123649493476535e-02
1.699231881597402793e+00
-9.468129180515560961e-01
-1.736155637263904872e+00
9.402638531546778644e-01
1.088712118172987076e+00
1.631263410014096138e+00
1.727888276787349131e+00
-1.944193708097611939e+00
-1.062551655514317961e+00
4.671134280066304711e-01
1.796065282750465730e+00
1.800704476988318703e+00
2.266127527806256481e-01
1.662425399065098119e+00
5.662648357853501402e-01
-4.399691434350150310e-01
-5.603733161236101878e-02
4.172419316798929856e-01
1.981916860342503028e-01
1.704725706825814591e+00
1.674933742534424397e+00
-4.204975483057804553e-01
1.853050113762847229e+00
-1.304177333278142559e+00
-1.494681922241450689e+00
-1.459683367813074728e+00
2.264866270758680855e-02
-1.913900778903208089e+00
1.791880844870723966e+00
1.308461884682929899e+00
-1.939924077031510485e+00
-1.295214977699779002e+00
-6.717457025326520892e-01
-1.476012620756332439e+00
1.237962768506328359e+00
-6.210533892668261835e-01
1.760429929333468646e+00
3.280567197883201835e-01
1.515327937647376277e+00
1.378937781568887466e+00
1.621569274834596897e+00
-1.604789367327721372e-01
1.853872640814930861e-01
1.194414364608157531e+00
-8.571245930634097121e-01
-3.898590952028913037e-02
3.964412305835134376e-01
-1.937866897796657106e+00
3.739256327865487783e-01
-2.652946040421668705e-01
1.229442115539365776e+00
-7.390207876185082014e-01
1.571554834100605369e+00
3.114288611381419436e-01
-1.263959193490139743e+00
1.151716935302017131e+00
4.481247081797357090e-01
-1.784362911704988175e+00
-3.192252799954711229e-01
7.162753462617184042e-01
1.674407111910103385e+00
-1.998391900434570267e+00
1.907036596124238592e+00
-4.936787410169021229e-01
1.895134153433290169e+00
4.188644038962121563e-01
1.315383231922771845e+00
2.988460188324091327e-01
5.123047932294015894e-01
-8.576948732172242629e-01
3.473333626243317873e-01
1.000087054810639753e+00
1.433255345716169415e+00
1.020328753870720639e+00
7.922289937892119660e-01
1.457917720218399271e+00
-7.092760126530142095e-01
6.831551631503489652e-01
-1.965042543466033464e-01
-4.715889918739311071e-01
-3.567546003112576081e-01
-3.940816661218375927e-01
-7.304642161668923883e-01
4.876774716812057875e-01
-2.790109167149426028e-01
1.895208311709009052e+00
7.112035657372444142e-01
-1.205720446291556502e+00
-2.931959626078688430e-01
-6.266150409023079071e-01
1.190555215834266267e+00
1.519993154253727052e+00
1.615367823305487782e+00
6.508792495010489176e-01
-9.191669518809688633e-01
-9.905331939816410802e-01
1.419591770789609519e+00
1.108585852349865952e-01
1.208644336018392274e+00
2.899540687664252658e-01
9.325701011500444615e-01
7.604650985622329884e-02
1.083535642007551925e+00
2.754319628188621749e-01
-1.371604856320765009e-01
-6.292443681868729044e-01
-1.727162606333183525e+00
-4.883032826876005927e-01
-1.681495689206990551e+00
1.931268454921780009e+00
-1.273548594676944923e+00
1.247434790882159028e+00
1.499846579823592485e+00
7.536530095437732335e-01
2.779776509815028440e-01
-1.356114252737564918e+00
-1.324799089467747493e-01
-6.193117953791400510e-01
-1.099840168743661639e+00
3.700474750631870258e-01
-7.509206491923321458e-01
1.665222213873402968e+00
1.638542099806228336e+00
-9.715268248712152221e-01
-1.556434797023883210e+00
-1.228149071923548608e+00
-1.663317284455789746e-03
9.143426718983849177e-01
-1.167222246364834071e+00
-1.007865766491077064e+00
1.406687499745467917e+00
-3.366051269298906412e-01
4.667402686209447538e-01
-1.065335443042999763e+00
-1.592130962296810281e+00
6.342806787411925384e-02
-9.143605180087055473e-02
-1.389313423627346999e+00
4.872249269616619749e-01
1.760404752557525043e-01
6.165493878829773067e-01
-1.421817839501360758e+00
1.006111268540975434e+00
-1.111803440800309239e+00
7.740729746413199663e-02
1.141184112886475699e+00
-1.910678288032775285e+00
-7.025501610952540332e-01
1.491689505600444221e+00
1.378838430408278359e+00
1.537623703781747508e-01
1.466433096666051927e+00
1.799223965414506132e+00
1.305627990517365333e+00
1.416461775346154806e+00
-1.605026392718606587e+00
6.052173293639642182e-01
8.140679526106118225e-01
4.409632505865186403e-01
1.198461046944112152e+00
-1.861715120513462995e+00
1.080954938219919725e+00
9.269144029581077859e-01
-9.612064268065876327e-01
-9.717228047114132572e-01
5.292132697205111924e-01
-6.188101536356738208e-01
1.186354712029149994e+00
-2.154150719861709362e-01
1.130997659136687705e+00
1.961887134495362783e+00
-7.990066418643997359e-01
-1.427976686967602493e+00
1.605233745397095291e+00
1.662375155494930645e-01
1.898961483420328999e+00
5.464176000075888773e-01
1.975652098441915694e+00
1.842832165718064630e-01
1.057037356220851265e-01
-1.458288387711320411e+00
-5.771793160644755893e-01
-1.895125730814506859e+00
-1.358419281921403599e+00
9.825487708299842637e-01
-1.878401240284844675e+00
-5.338276110250226303e-01
1.449385011352176456e+00
7.707108700294171832e-01
7.637685682646742080e-01
-1.245452796178756483e+00
-2.323828770063065541e-01
3.263096293771647893e-01
1.959006830654820952e+00
-1.184375099067512593e+00
-1.009068392950580595e+00
-9.513076649083522796e-01
1.000689653191971118e+00
-1.720986902572287924e-01
-1.772282246355620039e+00
3.406496244095835735e-02
-1.152159341425296191e+00
1.194416979040840765e+00
-8.106744739709110803e-01
-1.889575952181985485e+00
3.737297978584841474e-01
1.375361715724755296e+00
-4.759355037511432407e-01
9.994332429045735822e-01
4.456591318851277350e-02
1.638072198487545705e-01
1.837737284247009661e+00
1.215843565994587205e+00
-1.870707733505704073e+00
8.375490049251803626e-01
-1.399940737459757223e-01
1.790195765580399279e+00
-1.114269062706046753e+00
-9.317119212625368796e-01
-1.674104140490952020e+00
-2.855246853448538680e-01
-1.563924943923726829e+00
5.351470424476714172e-01
1.211852949494951481e+00
7.872019844807138789e-01
1.064845524303081881e+00
-6.301835206259207567e-01
1.383405932110710612e+00
-2.849249000022298084e-01
1.296039481649275071e+00
5.059846344971750121e-01
-1.426307805319020350e+00
-1.686452400580208177e+00
-1.926669428347970836e+00
-1.733100009442574141e+00
-1.656647451662727200e-01
-1.546632308929638100e+00
-1.888866604605320187e+00
1.019445925561869526e+00
-4.205980781574423233e-01
9.877539824301004856e-01
-1.903806930141938025e-01
-1.996530119969555095e-01
-8.770997312867612195e-02
-1.039842937512238663e-01
1.212653368456678482e+00
-3.904299205690566765e-01
1.618744641374492144e+00
-1.851755808183856544e+00
1.095497370881674648e+00
-1.497434475449044733e+00
4.740542676483419093e-01
-1.958542954659072244e+00
1.545091303053878207e-01
-1.987928173521614550e+00
1.804775141960818008e+00
1.621608134811112212e+00
1.183867767769077428e+00
1.661097279659149883e+00
-1.417767075366411778e+00
-1.369079720517866861e+00
-1.249473308390264048e+00
4.899836091996845333e-01
1.623237984033207404e+00
1.959820713436294604e+00
8.444898350632636941e-01
9.272016365691810869e-01
1.637172818177017763e+00
-3.965050705155164223e-01
-1.000597279099852965e+00
-1.306279316851508554e+00
-1.522171798665084008e+00
1.250442352131314827e+00
-1.412830506331027358e+00
-9.428100690923972849e-01
1.276356714534123249e+00
-7.576509928231600632e-01
1.929669797171771339e+00
-9.334451913934591616e-01
1.346133798848456742e-01
-7.421319552566014721e-01
1.643091324695349797e+00
-5.337734245950622736e-01
-2.656306909073418154e-01
4.917076911344553380e-02
1.755545909478853250e+00
-1.876203974915397144e+00
8.675146545267566900e-01
1.564075817169355620e+00
-1.890851105930124731e+00
8.820498901004292236e-02
-6.960407529198988641e-01
1.437957283462343305e+00
2.340662036900713616e-01
7.609114726509913496e-01
-1.885860001938501895e-01
5.132361500854285552e-01
-8.396125932502966904e-01
-1.962605688133936876e+00
3.070237399483630725e-01
-7.542231434701487380e-01
6.907039400451919775e-02
1.665623412215591070e+00
-2.941008459944161046e-01
-1.010415853590458379e+00
-5.148249548837822154e-01
1.727444466546162349e+00
1.747473525236374670e+00
1.377319794262852781e+00
1.680826057222641889e+00
-1.088398840194732209e+00
-1.650071161785636509e+00
-1.090761054861244972e+00
-7.424935355437982665e-01
-1.300936494574753688e+00
4.283766478898418661e-01
-3.456543399953546647e-01
1.265406047308856419e+00
-1.259478406923877358e+00
8.075061190252417198e-01
-1.038577500603444559e+00
2.968763553634388153e-01
-6.040496111168445204e-01
-1.772142402068669131e+00
-1.084745316158496564e+00
6.564102214191738227e-01
-1.099962655787489751e-02
7.606393629471508433e-02
-1.301119399564309997e+00
2.828634061850254788e-01
1.987013700832839902e+00
1.267340435166487644e+00
3.774904953239111016e-01
1.903956273323619719e+00
1.606250338677285061e+00
3.824317344105820915e-01
-1.870294698742171580e+00
-1.625691616730077005e+00
-1.738513139831094456e+00
-1.930674052340988212e-01
-4.982606673285689958e-01
1.901400137081146191e+00
-1.328066827201540345e+00
1.891150367730620729e+00
1.069899475452052329e+00
1.296951358497991258e+00
5.304632671119891008e-01
6.749310808269282091e-01
-9.247066591522656864e-02
-1.947454572307711018e+00
-5.879756578327008931e-01
-3.171279402576621109e-02
9.203648443604173224e-01
-1.254866290155631781e-01
-1.703803356422732840e-01
-1.449349036217587372e+00
-1.956445064786084043e+00
1.033113041907984808e+00
-7.201886476892864763e-01
1.937533800774042803e+00
-1.119063095363376004e+00
-6.451678980732813429e-01
9.558454266452676151e-02
1.019565828242130934e+00
-1.445688643988174427e-01
-1.500709827553294851e+00
-7.499944860318019657e-01
1.807667880397856308e-02
6.953960320674705819e-01
1.080599825248368617e+00
-1.478656876182582902e+00
-1.908339474710472938e+00
7.632928884795786573e-02
1.239954842649665157e+00
-1.949584931880494754e+00
6.898793786149357565e-01
7.472329066279672638e-01
-2.030129856534497179e-01
1.659154746967737015e+00
5.774443390279717647e-01
-1.979040649394136597e+00
-6.228621794249766808e-02
1.437271224390400004e+00
1.321598280149357763e+00
5.966167884499116170e-01
6.947936955945266391e-01
3.139983191568020970e-01
-9.035208993325913873e-01
2.421199621442351457e-01
6.869191392696811782e-01
-5.902814791343646839e-01
1.423313469015710986e+00
-1.219850055965170821e+00
9.892832413276928527e-01
-8.415890152524903023e-01
1.095197148976728041e+00
-2.890506826556951125e-01
1.230793636448837880e+00
-5.858605493280384380e-01
-1.145227049481675419e+00
1.069138033687066169e+00
-7.654322094773955421e-01
9.329802709057100074e-01
9.778926123109283886e-01
-1.114413196367195713e+00
-1.143551452717406214e+00
-1.204208306291733255e+00
-1.429926648936621358e+00
-4.916696031706635495e-01
-1.893488461233514109e+00
-1.556318523863037484e+00
6.982560950536420563e-01
1.199106147589545035e+00
-1.677881891486456389e+00
-1.073190758056831839e+00
-1.169497352784742539e+00
1.669334252326522439e+00
8.452580725459468702e-01
2.155384442056571537e-01
-7.819280483175190533e-01
1.339416190527193962e+00
-2.587761694819201708e-01
1.693824860475100724e+00
8.242072173437327010e-01
-8.787476813886652138e-02
-1.495159585002565183e+00
1.904174201870990402e+00
-1.360665398623626565e+00
-1.189591499121349649e+00
-2.752729793585162454e-01
-3.831923768994109913e-01
-1.412994076942823529e+00
9.172756774444934535e-01
-1.245019732491256192e+00
5.755825772466511836e-01
1.017223802305194713e+00
-1.157070431666717081e+00
4.038169924305599068e-01
9.957135009833457673e-01
5.528748424813336726e-01
3.885092117865962535e-01
-8.180708573780117732e-01
9.264258849660351736e-01
1.781233759999798938e+00
-2.977544389538122616e-01
1.128727267325621231e+00
-1.775435841352338784e+00
1.341086409959863612e+00
-1.230999932711409173e+00
-4.196125244401072152e-01
-7.996758162985742047e-01
-1.679585424775802860e+00
1.618524011744971514e+00
-5.193832897850469976e-01
1.227897539045579300e-01
-2.353493641469972530e-02
-1.471355432228247384e+00
-1.174183764442267908e+00
-1.695244763870715321e+00
3.168679978114985474e-02
-9.538017926680515401e-01
-5.717535644688322982e-01
-1.567738685211052641e+00
1.150207358610028763e+00
-1.573664492844795593e+00
1.942835294852751193e+00
-1.291355342246330640e+00
2.896204497385972410e-01
-1.820618661643647496e+00
1.148465158623336535e+00
-1.241576208726813846e+00
1.116159136325065582e-01
9.603101726362863744e-01
-1.400274060330976234e+00
2.043486967478869154e-01
-1.133531166684882407e+00
1.036784197268578733e+00
8.916607742248547908e-01
-1.293803862891667933e+00
1.447866230668293674e+00
-1.920899601934622947e+00
1.440947989692460851e+00
2.356152446437533854e-01
-3.871181115766031411e-01
1.034987724089346361e+00
8.677160067698794776e-01
1.949304699233706195e+00
-8.876598055480688920e-01
-1.984825310362629658e+00
1.735610433259551222e+00
1.431588418151575226e+00
9.154035100770236966e-01
6.675513168615365700e-02
8.278249809950439797e-01
1.122118227506970989e+00
-5.004962258525624819e-01
1.081290101319830388e+00
1.002497276700701434e+00
4.528448461770389066e-01
-3.925363041286504817e-01
7.892320770573637567e-01
-1.987548568699231577e+00
1.099586586898391172e+00
1.585666409827387824e+00
-1.042737170249981471e+00
-1.516931262763081101e+00
-1.118864048825089608e+00
-7.916130748396068562e-01
1.532114034255336765e+00
1.726657209523780878e-01
-8.531534015742776589e-01
-1.446581240828213932e+00
-8.394221475818333111e-01
4.554843589650103830e-01
-7.034458804102134977e-01
-1.705592732360061703e-01
-2.235315719335422280e-01
1.312541442926048241e+00
-2.946073830550774986e-01
-6.172047152979907025e-01
6.998864192364209202e-01
-1.114071777065885005e+00
-1.310167042937848692e-01
-7.409372507039342359e-01
5.074224086513385856e-01
1.509441898779250391e+00
-2.092439994174859486e-01
1.137829675167692400e+00
-1.721371977537984321e-01
6.249173268685255245e-01
-1.472636099889991446e+00
-2.680739721294074229e-01
1.637247954619746704e+00
4.219160041237386416e-01
1.067098348948408493e+00
1.880243238357737212e-02
-7.777500687970118065e-03
1.371599360771399656e+00
-1.728772262636184998e+00
2.930890861987385243e-01
1.771050301731797116e+00
7.144019268928758493e-02
-1.222136761888461987e+00
1.391757569773904635e+00
-9.934434305765886819e-01
8.029041459301518024e-01
1.610437615875994766e-01
1.795345153120878390e+00
4.973468096107036551e-01
1.351911848190917365e+00
-1.968268495221907610e+00
1.957360224666552018e+00
-1.689141718670454040e+00
-7.114819455409215898e-01
1.784609581827061309e+00
-1.964243590515019733e+00
1.290920021687742114e+00
1.444846553467177497e+00
-2.406767431657099721e-01
-9.770192247762752302e-01
1.210758078533194393e+00
-8.855198227111538145e-02
-1.462645565377215462e+00
1.711395971300043062e+00
1.583879868026593751e+00
-3.381939993225868690e-02
1.426809986071168712e+00
-3.256878969436054483e-01
7.338596006652045034e-01
-4.080374423683101881e-01
2.296806980324150871e-02
-1.241793188664290781e+00
1.859955696443655437e+00
-8.231372470229811888e-01
-1.586161775534394636e+00
-1.422738399083807614e+00
-1.943630823230228177e+00
8.637827978495780101e-01
2.579932809634963853e-01
1.178313404739008696e+00
2.831969313654569831e-02
1.167284158016615336e+00
7.830568570873577272e-01
1.111393907436701411e+00
-3.740685240916548082e-01
5.910825327499247273e-01
-1.280822809228102432e+00
-7.127201464483841065e-01
-1.309581519520830017e+00
-3.654510999469504640e-01
-1.034325008137604751e+00
-3.723120234825683106e-01
1.900889369749248381e+00
-7.187226967118749421e-01
1.929963779899581233e+00
5.452245034239342480e-01
-4.996359264243559473e-01
1.429937996334386341e+00
4.783469574742951202e-01
-9.918676794766425608e-01
1.171422711907550429e+00
-2.682459650633477466e-01
-5.699553306782343398e-01
-6.788922538996762235e-01
7.894755024525577092e-01
-9.253995043750937732e-01
1.233112054821520420e+00
-8.188448224006088516e-01
1.764855343414288846e-01
-4.831403277919044115e-02
1.421425650381479056e+00
1.553545737581543573e+00
-1.262462230528933027e+00
3.413938357530041934e-01
1.592820184068548528e+00
-2.155311238622812375e-01
1.687473221935261503e+00
-8.840364381721164122e-01
4.353246967751829288e-01
7.298148390672616337e-01
-1.087177066598063568e+00
-1.944929949769132804e+00
-3.331041505172156469e-01
1.753927567426936118e+00
-6.278875606783738128e-01
1.118977181930399745e+00
-1.301054748690370300e+00
-6.321886547901902631e-01
-1.421609116647613025e+00
8.670832565855040031e-01
7.972304947872568270e-01
7.539892717956750978e-01
-9.864158620548013623e-01
7.694404864936355004e-01
-1.090809836336201766e+00
-3.014035362746412261e-01
-5.123115133292510670e-01
-5.787683535195111695e-01
-1.769380771034974487e+00
5.265865074637585685e-01
8.292664107267979645e-01
4.543547780113423862e-01
5.932510246524982378e-01
-1.320237143130968960e+00
-1.402212804244550082e+00
5.670017410353134224e-02
1.501330905418156281e+00
-1.264186233811111837e+00
-1.486435251669604440e-01
-2.842706638803882413e-01
-1.084325632193472444e-02
-1.353956918055952308e+00
-6.302374354607578333e-01
-9.524783835859191861e-01
1.378107772917915863e+00
1.201328983105606873e+00
-2.934433669274256751e-01
4.280618431561555859e-01
-1.418137558935120168e+00
3.845317687023452891e-02
-8.122116568523818358e-01
1.438603814276804282e+00
6.863935236255596095e-01
5.338960504896839154e-01
-1.500994799723283091e+00
-1.176484820044572110e-01
1.946291118347525995e+00
1.793196696290660253e+00
5.803425610417742853e-01
-1.393100515872105483e+00
5.565073948796199765e-01
2.626484501757100354e-01
-1.253366493549918914e-01
-2.878501221269194055e-01
3.970790226321203598e-01
1.399879554063861775e+00
1.004484161487749549e+00
3.174421611889322037e-01
1.698816726144112277e+00
-1.741040066233804584e+00
1.965386034927236292e+00
-1.788021829328041878e+00
-1.202017815445754589e+00
-3.089893534217562632e-01
-1.569964495259329240e+00
4.946816439908072738e-01
-1.808029743804530742e+00
-8.615044759722314538e-01
-1.755853275521315648e+00
8.140773244203245440e-01
6.738246703579280350e-01
-4.856776269975910942e-01
-1.247222959880715187e+00
9.880193161197805551e-01
-6.384828369381310154e-01
1.181204669622571313e+00
-4.839624328151881372e-02
1.026777774039175917e-01
-1.886036602033731135e+00
5.769280795161271236e-01
-5.973739902713304240e-01
-1.083179890831737158e+00
-2.644664951531976449e-01
-4.701301709163296927e-01
-1.208438396545590265e-01
1.917933416719225459e+00
-5.424877185270782221e-01
1.097640533344157898e+00
2.110703861995699704e-01
1.556524356429931366e+00
-5.801885954017120817e-01
-1.017925279253970139e+00
1.644076958627873175e+00
-1.825862944968938528e+00
1.803013712244009081e+00
2.256276626837010468e-01
-4.945471332516500063e-01
1.980209289356444469e+00
-1.766549415409473411e+00
6.682543907044857789e-02
-1.875611698177808595e+00
2.847029567449337328e-01
-1.278125964019537708e+00
5.238368013581218285e-01
1.923694703002325923e+00
1.499610204849523676e+00
-1.926550023165174430e-01
8.338434802068688256e-01
1.109875000012757074e+00
-2.062766326974552200e-02
1.141339607102604958e-01
-1.396862406511229615e+00
-5.224002975523749370e-01
-1.431114987708853370e+00
9.075750133782505280e-01
-9.194802239094723717e-02
-2.044846531729378469e-01
1.543991884661405134e+00
1.104750892462456058e-01
-3.636366723325603623e-01
-9.244319111494165853e-01
-1.711951859320920200e+00
-3.274554650987369087e-01
-1.896986070373666511e+00
-8.353842377902878091e-01
1.403803939358594377e-02
1.863732260078889258e+00
-1.562468343225661638e+00
6.921642168664878803e-01
-2.705156032001276856e-04
1.108392917103131925e+00
-1.425572008503162902e+00
-1.667189454256497783e+00
-4.031255785901848299e-01
1.187849007919600464e+00
-1.233297044360439632e+00
1.071108768589096094e+00
-8.388080117525271717e-01
-1.132434049552818678e+00
-1.933137643691974272e+00
-4.053637603104851550e-01
-4.756740348261905282e-01
6.373797447814588679e-01
-1.716326398118451113e+00
-1.389584051830912603e+00
-1.933696468396263413e+00
-1.544814574210372715e+00
6.071571040403616060e-01
-3.893725913003232009e-01
-7.158947433307365493e-01
2.316479769750898754e-01
1.973841852399399688e+00
1.337946056072118584e+00
7.984927295983355044e-01
1.673034356528231736e+00
-1.841085173267660746e+00
-1.718666233537899046e+00
-1.039748400477815693e-01
-6.033303481716907335e-01
1.749008248513795660e+00
-4.174015541932574180e-02
1.585964403734023698e-01
1.581041462924883234e+00
-2.134598167052379480e-01
1.508137557081407731e+00
-9.856730025134865514e-01
-9.047611833675657245e-01
-6.865544396496394697e-01
1.902570819238138533e-01
-1.119485303892075123e+00
6.857166843250932509e-01
-1.428826868787998361e+00
-1.623598902001442301e+00
1.480766984821510590e+00
-1.052525185772005933e+00
-4.559839559096179329e-01
2.861683709013291832e-01
1.032078798058799762e-01
-1.695904482231572530e+00
1.496503742392113256e+00
1.804542473674768388e+00
1.250029216698687051e+00
-8.647926602125028950e-01
1.113871844718379300e-01
-6.423331039295621103e-01
2.186692431506669365e-01
1.897613875652010229e+00
-7.531883291240744072e-01
6.751864236914788542e-01
-6.961311707640565061e-01
1.097909064060318407e+00
