9.661440451223192838e+00
8.342558654899686843e+00
-6.013949323247125278e+00
-6.971943844199675056e+00
2.180235707117472721e+00
-1.032910560438404346e+01
1.570371220835207637e+00
8.365125438568290051e+00
6.705597280667156213e+00
1.189782471200209102e+01
-3.492472371738716053e+00
6.615619882030453702e+00
4.329514150342870238e+00
1.008358828904923321e+01
-8.540896392842963536e+00
4.490706448801884854e+00
-4.050888570655864385e+00
9.707446017432262764e+00
2.394480607640995906e+00
-9.925965168442493436e+00
1.011604616397501566e+01
-2.717946916486772224e+00
-7.309653678849384661e+00
7.687402159791961509e+00
9.724093377783580294e+00
8.100245792323498506e+00
-1.085035879726810037e+01
-3.013882141530750403e+00
-1.076021208085869674e+01
8.915350928124123442e+00
1.689568029433870411e+00
-4.472859399968210248e+00
-3.576733086047175991e+00
9.469478676138717077e+00
1.062909234391800695e+01
-7.314314133225582104e+00
7.322123682574738446e+00
9.043001818394417413e+00
-2.408375739618605849e+00
7.281394292477516572e+00
-5.177485243899471179e+00
5.903746381404157972e+00
-6.936567445076238236e+00
8.066930207125235341e+00
-9.164388431713989647e+00
-9.839498712022243243e-01
1.059445369939578896e+01
6.695563561051029566e+00
-7.848101685683397832e+00
1.646948251972768063e+00
-1.113213319047019212e+01
9.179595148901961821e+00
4.485806860047564903e+00
-8.848786452290891447e+00
-1.986760106686626060e+00
-2.167799512123321115e+00
9.489238563048701280e+00
-8.014329245804098889e+00
3.058822731367258019e+00
8.432770725140493084e+00
-9.996972013539453528e+00
-2.831307715062775898e+00
6.608499346926814511e+00
8.487903475808245446e+00
-3.099487754283749119e+00
1.727884886876750015e+00
7.642617421326125537e+00
1.209164033902654145e+00
9.895102620622722611e+00
3.005205990250691350e+00
-1.544814837691931064e+00
1.406470583514795702e+00
-7.912755623780347136e+00
4.900040543629086365e+00
-6.242220374260597282e+00
-1.095766466555135565e+01
9.420493550608702193e+00
6.438159557852470627e+00
4.916078317730340430e+00
4.492477737128842463e+00
1.165134190845448003e+01
5.485631753855066961e+00
5.361173738999446492e+00
9.269834014200286632e+00
5.688074335956353700e+00
1.080331023490224496e+01
-2.788803407218666486e+00
7.257494418576246886e+00
9.640420366058831902e+00
4.762146267576998326e+00
-1.073652936321284201e+01
-1.179189753476365121e+00
1.062644347485534446e+01
1.657439735820551929e+00
9.649169299855046233e+00
-9.739803297463922149e+00
1.122430055525551573e+01
1.504229716379354542e+00
-3.746694543365547414e+00
5.123910188086418849e+00
-5.427809582884334461e+00
1.767694979880856110e-01
9.579788617592802424e+00
-5.766717687656599090e+00
-7.876669933509228283e-02
9.058944391081599434e+00
-3.844563810103229784e+00
1.084360063866001411e+01
7.410885977958493243e+00
-4.719475301817692703e+00
3.209361182347009844e+00
6.508649239134862707e-01
-1.416274038519816258e+00
7.463579790198585862e+00
-7.112722342991371072e-01
9.364438248884120242e+00
7.270902871690156921e+00
4.772096326867050209e-01
8.959397545599511403e+00
-1.108654824710934683e+00
-2.449705087772811929e+00
-7.541418193043446294e+00
-4.382573231660753521e+00
5.386849046445679967e+00
9.598097584209625666e+00
3.307335892848497494e-01
2.789882382068332500e+00
3.471219318974431367e+00
-1.009448209828451937e+01
-6.698149969177276120e+00
2.000211208504299343e+00
9.782143485708521879e+00
2.450097517272955994e+00
-3.239009187256021161e+00
8.990171387658589808e+00
5.098104126356502341e+00
2.611032770152074356e+00
1.047736110187435088e+01
1.019799569062764277e+01
6.035215566611596749e+00
1.121751592541293974e+01
2.028032552780120845e+00
-2.925772232990856203e+00
3.314501521288508723e-01
-1.058102551703450267e+01
-1.060746111549970117e+01
6.158001531325038691e+00
8.234855596898622565e+00
9.543225116144670395e+00
-2.777617720078195962e+00
-1.169962743351559453e+01
9.877041039487433949e+00
2.669701698251682576e+00
-9.024927689511144990e+00
-9.916788117092668386e+00
7.706695288783121711e+00
-7.961898947866170140e+00
2.870350477017237001e+00
-3.126358585019075154e+00
3.438789860048454550e-01
-8.081895778342326864e+00
1.002690637006142893e+01
8.047323117626776323e+00
8.968017201150891182e+00
-9.082414365777388809e+00
-9.163790651114561925e+00
-1.053561150381127121e+01
1.028052689302020539e+01
7.345301605975190995e+00
2.265707045524932184e+00
-6.232561997523714759e+00
-4.850024651345115956e+00
1.884032665236557769e+00
8.357820514490358121e+00
1.691640963869507353e+00
8.685678667665243324e+00
8.736310186457888705e+00
-8.374565764274793267e+00
-8.377900980631981298e+00
8.639479547530282133e+00
8.097957113895116521e+00
3.408209389173546100e+00
8.102719262801802103e+00
-1.475759055563396815e+00
5.635423388170218928e+00
1.016309548695217124e+01
-1.073085384517937513e+01
5.925235886051899215e+00
8.563871632325858130e+00
1.084779185465028029e+01
5.279252616717120539e+00
-9.166244344383632781e-01
5.765407345229174751e+00
4.184512595423743875e+00
1.040549765887416811e+01
8.574905110663532781e+00
-5.610883172417720388e+00
4.541703156860002366e+00
3.170802967601038969e+00
9.086432184218491415e+00
9.311454281091767982e+00
9.002570009631783776e+00
1.024809129292657950e+01
4.405304710409525981e+00
-3.973624037185560010e+00
1.159786474663539124e+01
2.728156219508175440e+00
1.036124125780016136e+01
1.208278137978237865e+01
6.005644045239824091e-01
-4.979026670662879184e+00
9.490519947811598911e+00
-1.028046412208120941e+01
-9.026762239994985393e+00
-1.134539714690185797e+01
4.150501767809248177e-01
-4.285781225899590652e+00
-8.060531356465674424e-01
2.832154165616131092e+00
-9.937219101593878889e+00
-9.014725128282718103e+00
-6.070952105765796247e+00
1.600157067907748143e-01
3.380334482405271679e+00
8.301597158080891603e+00
-2.158367922883751344e+00
7.363209850694315328e+00
9.679566238983740689e+00
9.021812713315117804e+00
1.017750054474369392e+01
-1.228049603615013474e+00
1.010558243507646781e+00
8.617157742923666319e+00
6.420691543735593143e+00
9.204071188264576264e+00
8.986456669892062266e+00
-8.023667472783969856e+00
9.218836642980098972e+00
-1.711861130379182860e+00
1.035821343418748697e+01
-6.819037982052146951e+00
1.200514388810785427e+00
3.298627491952226265e+00
-9.530028359245616087e+00
7.832744580216242092e+00
4.091097907226594721e+00
-2.008086325410795236e+00
-2.439964453608273409e+00
7.288365333101721077e+00
-1.271111751221409847e-01
-1.033490455963155696e+01
9.687472079360381016e+00
1.008250558949788633e+01
-2.315563787425641173e+00
9.400433983157034490e+00
1.073045857059265451e+01
9.772628449414959562e+00
5.948535826143123373e+00
-6.331583809683490216e+00
7.815768739479462823e+00
7.173785915413313674e+00
1.046073138573287409e+01
7.158932320189604681e+00
7.282089660911604589e+00
8.891220742310512293e+00
-6.244318389931792446e+00
8.425054708356368494e+00
9.600789521533480197e+00
7.803042949901088932e+00
1.098714586392290116e+01
-3.540769057445555035e+00
5.755298795917081378e+00
7.789237009620268992e+00
-2.373377319078578296e+00
1.028131987668104586e+01
8.145519312169527737e+00
5.042203366871783388e+00
-2.526038464432403430e+00
-6.823095096062683496e+00
8.713771777750086045e+00
-3.883172177601315056e-01
1.026531742293937732e+01
7.171209932585412616e+00
5.390809900689836454e+00
5.172760705453364416e+00
1.324585343627289413e+00
9.614282960217799712e+00
4.150240726126500412e+00
6.988127017501954974e-01
6.802236097099902956e+00
1.263576722430149735e-01
5.534904801115835937e+00
9.884480132152061671e+00
-2.585281612868731926e+00
-5.943021943048816702e+00
-1.079403991132476870e+00
-6.212027636858304724e+00
-9.933852025075095682e+00
1.026564369819109324e+01
-8.866156210237127411e+00
9.291959135002391790e+00
-4.307506729678467483e-02
5.550333321853792690e+00
1.068562460300302774e+01
2.864379923745638656e+00
1.053759182845273479e+01
8.546505426842658792e+00
-8.385253398736582042e+00
8.431192113180101089e+00
8.393423158578380949e+00
8.634345300531707679e+00
9.167459080608773014e-01
-8.362868719433194542e+00
-1.035793604409532342e+01
4.836629934381214468e+00
-7.252881594032631885e-01
6.827825386482983205e+00
-1.004789521557006893e+01
-8.416082632145158726e+00
8.121314806961602573e-01
-4.059683681704219005e+00
8.771925947197974693e+00
4.052966619397162518e+00
7.291829723182029488e-01
1.131801281622624167e-02
9.166692593069795336e+00
1.945770512875054647e+00
7.569247506631356259e+00
2.438592472807600053e+00
7.398180586496332367e+00
-1.056917595052854963e+01
6.275350060541018848e+00
-8.486246362660434528e+00
2.423682152531991818e-01
7.729819340109164827e+00
-9.087806077076301392e-01
8.287983613181312492e+00
1.234607574383988116e+01
1.784416433100214139e+00
1.014281845986035080e+01
9.726669561202665903e+00
9.804892236408857542e+00
3.153476149012375274e+00
1.533122878949268131e+00
1.364428023795175582e+00
6.401978730323814482e+00
5.763784616836266750e+00
1.017889353985818524e+01
3.160985494458967704e+00
-4.235493052406841485e+00
5.190036895460454325e+00
4.476618385840550829e+00
-8.083458505373236846e+00
5.812456032175920662e+00
5.004383083945808330e+00
-5.380070199789525276e+00
3.018383792053870529e+00
-2.267310964687832442e+00
8.967767008397988349e+00
-3.673375387502116673e+00
7.354933023287165028e+00
-8.764572532939249427e+00
9.505300049663430784e+00
9.976927164021491379e+00
8.616834412606339200e+00
8.719843115562373015e+00
-2.918709311965876019e+00
9.191581979204315189e+00
1.305604320603684920e-01
-1.084936331796823339e+01
-5.564856399449253033e+00
-4.377383466963581604e+00
-9.415865269859647668e+00
3.232422612708456544e+00
-9.784235184708888866e+00
-4.639620841387734451e+00
-7.319668746911189849e-01
7.918636165460807064e+00
5.949570585517378163e+00
-8.815990974817738746e+00
-2.824286444418053321e+00
9.770116415425498246e+00
9.509193148517478988e+00
-8.520580838083755992e+00
5.765056047865284583e+00
7.770468632457379954e+00
5.025258601899444066e+00
-1.488053386454412319e+00
-1.123644816641976441e+01
-1.437734379767049875e+00
-8.635282363314360055e+00
8.993380816200254202e+00
-9.201712399088442851e+00
-3.137908981602111069e+00
3.993749322148721248e+00
1.172146315021765162e+01
-6.015915553096566448e+00
4.136623564086796989e+00
1.053067327250522744e+01
2.476182771038863084e+00
-2.288736086861538954e+00
3.987894858588128866e+00
-2.093901243219983943e+00
5.928519731571725515e+00
9.344334277226080232e+00
9.718906460587993124e+00
-7.840746672378437587e+00
-7.981159535743172384e+00
-1.449365450723116400e+00
-1.651938167468865348e+00
-1.086671913984822702e+01
5.884464490274160298e+00
2.355334632092993985e+00
8.778271262133907626e+00
4.227952173411707371e+00
-2.152681473639200593e+00
2.264821025053636028e-01
-2.088031115744964694e+00
1.076396526682191457e+01
8.754537162681534923e+00
1.271200711374985026e+00
3.459411242221508420e-01
-4.567066538234177742e+00
-2.194674335506750396e+00
1.033937333039722617e+01
2.205572776482492003e-01
-9.067629131075994664e+00
1.009709297965047980e+01
-3.397648338820171254e+00
9.208961281046500247e+00
-6.062009858907717597e-01
-3.216965627453756582e+00
9.769782612877998318e+00
1.117389372855369345e+01
8.629116839669181971e+00
9.814970634181946707e+00
9.195361682710180062e+00
-1.789137718007538957e+00
4.280907534570297379e+00
-9.449711975862236102e+00
7.430425286458536505e+00
-3.505724593903909003e+00
9.416177453687319954e+00
-3.451004508263006976e+00
1.063859853372332864e+01
1.075159569724541520e+01
7.548959351145467345e+00
7.393533861987263700e-01
-1.117541518430684988e+01
9.541539353248664757e-01
2.361157509784106878e+00
4.917549228654045201e+00
9.666329926847271992e+00
-3.205974061606399861e+00
8.522339145103487112e+00
7.275417102363277877e+00
9.320382754050866581e+00
-4.911022639822450131e+00
4.392306844314584957e+00
-9.331370106996471847e+00
-1.019256541972202257e+01
3.517244950929543812e+00
2.011014940597158240e+00
4.525988846374429997e+00
9.307395317649451272e+00
-7.075077514670163659e+00
-3.734809354166822803e+00
5.702889550737046953e+00
9.896437513327310143e+00
-8.009998356506830675e+00
9.719567830771826067e+00
7.337059826243771177e+00
9.557507058195964689e+00
-8.275816538256178800e-01
-3.743236680740611888e+00
-9.977606524969328206e+00
8.208424557596572413e+00
1.012011660260965229e+01
-9.434489757163069257e+00
9.609432737850520212e+00
7.778500352653434646e+00
9.851081137328025150e+00
3.450997756062279542e-01
7.328670497852622034e+00
-7.163197333949713475e-01
4.940515466985495152e+00
6.040777530980853349e+00
-5.189466414558701501e+00
9.680929393654661652e+00
-5.835531048459217551e+00
8.771678448512016502e+00
5.714608003864307673e-02
9.720319282872022626e+00
6.973257427586052160e+00
7.541167813456842950e+00
-7.400627940355840595e-01
8.638464489473250296e+00
2.035081010354920394e+00
1.322208295303739511e-01
-8.758991204554702037e+00
-9.952844709808108092e+00
5.643854160609542703e+00
7.322149114813639947e+00
2.771320836347169969e+00
5.475960607754980281e+00
-4.789620069208647024e+00
3.580307536535773938e+00
4.221321557596686702e+00
8.664789370519045519e+00
-9.599571539416842825e+00
8.406833316417118951e+00
9.657752099411569091e+00
-1.038706281276173726e+01
5.567700692533511742e+00
6.340512898779016027e+00
1.062188997796538104e+01
-1.398813926895722259e-01
-1.041626781587368811e+01
8.887369669518909276e+00
-2.934298776305243273e+00
1.934972773892271514e+00
4.092647882322808961e+00
-3.734602590478005357e+00
-1.351205619413073489e+00
4.900114528851551299e+00
-3.295383579581490530e+00
-1.074559848464382661e+01
-9.486924243716744698e+00
1.041865017491072720e+01
9.313362449338095317e+00
-2.001682931846013425e+00
3.854865158567917227e+00
-2.790009547026431669e+00
9.288794666685376455e+00
4.622970770931523532e+00
7.494456601367374127e+00
7.212372019370658194e+00
-2.126279400446440704e+00
-3.184501111692273234e+00
-4.685181520996979820e+00
1.547740555979662869e+00
8.866148058384984765e+00
1.118823535848698469e+01
-2.108566236460056142e+00
1.758058742595055346e+00
-8.433194166399236025e+00
5.787856526516991451e+00
-5.615839880551572350e+00
1.011184089825320953e+01
4.143286732410812689e+00
8.140268463280687428e+00
9.679027274212947951e-02
7.896794954941528388e+00
8.540409633076091467e+00
4.648803867707412829e-01
-7.360593165811708083e+00
-1.851410380288624369e+00
7.524352959036523458e+00
7.516570675179732319e+00
-1.120908103434661029e+01
-5.207976722643945955e+00
-1.204698037981354330e-01
3.502164739581061337e+00
-9.463357841234119050e+00
6.917788959086570877e+00
6.012959813872592818e+00
9.287378220753971902e+00
-2.105785500746415018e+00
4.637938973446738444e+00
-5.381278928559609653e+00
1.044382562862368324e+01
6.431275643517476714e-01
4.216990376995880752e+00
5.871659170687292928e+00
5.301923334274968980e+00
3.613490159639231258e+00
-1.030802662166076900e+01
9.390729391649363933e+00
7.088400173965656137e+00
7.359091169642733909e+00
3.940280260107225097e-01
2.290355490315597820e+00
5.471785665182879121e+00
6.565501498723439688e+00
8.047068019430460240e+00
-1.468924773013398966e+00
3.220739216756142387e+00
9.582478050594518848e+00
-9.423641814168778552e+00
5.161934933040472018e+00
-7.905887931629866472e+00
6.667300161990983298e+00
8.367693742424131997e+00
4.884379711822584902e+00
3.107460516851475063e+00
-9.653023578231753277e+00
-1.111004310065255751e+01
-4.928863610530459738e+00
-2.554428306068976973e+00
1.056859829779921434e+00
5.745558244001906623e+00
8.425890554302819524e+00
-1.731966010962878944e+00
3.895377008932864982e+00
5.584904876753092218e+00
9.400167511801400977e+00
6.421149962044877313e+00
1.026893328850968601e+01
-7.558970493788748968e+00
2.607172725854752571e+00
-2.573421183908948251e-01
1.001253501377589750e+01
7.081400596663015357e+00
7.506215346393833032e-01
-1.015635841536279926e+01
-4.869582109265647496e+00
3.402385901289898928e+00
3.720398320009506765e+00
-2.999595811034561521e+00
8.411231278657838928e+00
1.232955721769056101e+00
6.783106608819261751e+00
2.609800917747967741e+00
8.360707923619985493e+00
7.408645018324895304e+00
-8.609294608718336406e+00
3.988054228766093612e+00
5.960887792464067303e+00
8.145745584996580746e+00
9.695061231855865103e+00
-8.191893821560235267e+00
5.430345509568115681e+00
7.782650799811338338e+00
1.076841948988161057e+01
8.695184305817504011e+00
-1.227623844756774396e+01
9.168160309053039470e+00
-1.030276598000745558e+01
9.473857736813860342e+00
6.393440082703023108e+00
-9.795495024345893142e+00
1.102502951294058420e+01
8.208641330601807340e+00
1.408174059348084040e+00
5.869694319735299093e-01
-5.783847080916149075e-02
5.255238113810754008e+00
-6.311285133684946258e-01
-5.423454230867019721e-01
6.026973678056116945e+00
-5.480000478824342380e+00
-1.850748980146562639e-01
8.823742634433976662e+00
-1.048643022021396654e+01
-4.126755273245187539e+00
-7.625558554435691860e+00
1.129150957822219503e+01
-8.934746880523299239e+00
5.789889088839679232e+00
-7.670624721715443961e+00
1.121470488430245993e+00
8.159143039360559513e+00
-1.096434856502881239e+01
2.925701454053641903e+00
3.538296726237732504e+00
7.882514817726701040e+00
8.031202555435735135e+00
2.233663067829610771e+00
1.044065294669554333e+01
-9.948930065646466758e+00
1.789599828388582115e+00
3.130943555108992804e+00
-4.447956083461827248e+00
3.648674588144182884e+00
7.967566781906707085e+00
8.490221691290713579e+00
6.643982068424536536e+00
-9.170064359278697452e+00
8.725298403415688853e+00
1.049071171603674557e+01
7.843791522770050761e+00
7.415738741896823472e-01
7.868539795891260624e+00
4.459726716521633882e+00
9.298805713064007605e+00
8.456539425171499147e+00
7.799377012485855687e+00
9.776998224902602175e+00
-3.783013625064135077e+00
6.953947613909943648e+00
-7.697555654617649346e+00
9.778537994450614335e+00
-9.621671551760789809e-01
-1.048836519211526586e+01
1.266854807128196647e+00
-8.698191547575143900e+00
-7.646272570654019773e+00
1.091781193757465473e+01
9.804065148467294932e+00
-7.776466968298484161e+00
1.972062469837709831e-01
7.378518976955728448e+00
8.632543984650240532e+00
8.626963462480976119e+00
1.097776968195366365e+01
-2.289894962767366593e+00
4.571327365699575651e+00
-1.966598273015293996e+00
-5.577287213642607711e+00
6.646997157946156420e+00
-8.580944730199577819e+00
9.566140001028776041e+00
7.090786950021301216e+00
9.917453678439018816e+00
8.462720547803473936e-01
-2.849094962304108858e+00
8.926590797199478899e+00
-3.013949585095265782e+00
6.058127528117131178e+00
2.412783094926564509e+00
9.275096431532093177e+00
-1.462374070566003770e+00
1.091303587027718436e+01
4.524289937754600643e+00
9.610315374232531127e+00
-1.687111590507353931e+00
2.284763184776926970e+00
-7.672745552406194935e-01
3.752211149624948838e+00
3.121013945564483638e-01
1.026296823399728275e+01
3.499772984939967024e+00
1.141744469338766166e+01
5.604574858597959341e+00
7.785936150161040459e+00
2.840124262255270260e+00
8.431364637484069391e+00
8.478317887620960391e+00
1.134495011063768999e+01
-3.923112123648671901e+00
8.869117301169712420e+00
-1.501837092502535498e+00
6.519575578597872401e+00
-2.592151842746421408e+00
-9.903868087380226726e+00
3.693562398673233105e+00
1.952811923643272163e+00
-4.618610148967254858e-01
7.358114228639949239e+00
9.980268133904750982e+00
1.054575107873135309e+01
1.628423229892776991e+00
1.110863844978018555e+01
5.054522503826269775e-01
1.040009890290352779e+01
1.307411727163382720e+00
8.739058046762529841e+00
6.151288259514367418e+00
-1.879604785668741673e+00
1.110107727283000223e+01
-9.701347459238466087e+00
9.026600629728074310e+00
5.932895434788983735e+00
5.052844467546127039e-01
-9.405939609961416537e+00
-2.031685065505441035e+00
5.377340580550353799e+00
3.545842626420864008e+00
9.839524358180810282e+00
7.921041515089782825e-01
4.301042212325077330e+00
7.088030777837585283e+00
4.249525808441786623e+00
1.095723171730880274e+01
9.858068607778097459e+00
2.962071840653709653e+00
-7.051009705615967960e+00
-1.107173558969837224e+01
9.054991310437952023e+00
6.161065602364972804e+00
8.538078519327262583e+00
8.729909072459033581e+00
-7.254441473188655287e+00
1.049250301848514866e+01
5.696415542589832626e+00
-5.248722689844164790e+00
1.036671612935774611e+01
6.981362670415567351e+00
5.000431449624396230e+00
8.996871710045249770e+00
1.018548641942341959e+01
7.155039819209722651e+00
-6.209684316267932047e+00
7.802813036793635249e+00
5.649031658639196429e+00
8.512424837218965479e+00
-6.721051997474801531e+00
1.018774290690918782e+01
1.032634795308312547e+01
1.812271521988549905e+00
-7.544951375803468085e-01
-8.020292893336364415e+00
8.067698809536839377e+00
1.011448575832326391e+00
-1.804619367537609209e+00
1.024040695745853213e+01
5.955046308671207100e+00
3.674511002349078570e+00
6.808752358122474035e+00
4.930674390552825415e+00
-9.707057903939970700e+00
1.082474377372769858e+01
9.708928007565914342e+00
-7.627772269353534362e+00
9.748464356912069917e+00
2.184788946422802525e+00
7.818509573640594290e+00
2.422319108982569524e+00
8.104185868040193697e+00
8.129576706941275432e+00
6.781791286865709978e+00
-7.478869938427570752e+00
6.994985297439983540e+00
3.559024943108008987e+00
1.054718498742322552e+01
7.720052761725710866e+00
-4.565313427390136347e+00
-4.022811161731357110e+00
2.830959515082944300e+00
7.516049952518012667e+00
9.437513139268187246e+00
8.190547868516404151e+00
-9.473970455619559417e+00
2.654023669896237170e-01
1.767906723148052750e+00
2.290370865853552651e-01
-1.013197962265943275e+01
-1.938195203638671593e+00
7.676577332175272161e+00
1.834523455174871032e+00
-8.582165301979772565e+00
-5.034762021795299525e+00
-9.135897270072277365e+00
1.035965512341701000e+01
8.326775645933448544e+00
1.114043087949001176e+01
9.358761365683541555e+00
3.188443372126196884e+00
-5.934099739945664087e-01
8.293849886027086171e+00
1.072601432261359022e+01
7.664355642715548811e+00
3.678078428083117135e+00
-1.004768824082461087e+01
8.531948974044873069e+00
-3.454420128642091470e+00
-1.831392918446277385e-01
5.621012130629312153e+00
-1.051237133755164344e+01
1.051571753693393418e+01
9.604857376452239137e+00
1.021858299254232350e+01
8.578154280419061806e+00
3.122276365352180338e+00
9.967847514536149589e+00
3.871961635204825836e+00
2.827598484055763528e+00
-1.917647388531477315e+00
-1.014331313951302427e+01
-4.979352786083452109e+00
-9.700150451789687267e+00
-8.171354447679416211e+00
-2.694478092108310019e+00
-8.455627597063849477e-01
4.718770733082026325e+00
-7.123665215292749764e+00
7.558533121556364698e+00
1.643515018080732304e-01
6.629910177709867902e+00
5.749148955088648094e+00
-6.139864017793211559e+00
4.454323495522309884e+00
9.029883637245667671e+00
8.691564549065285306e+00
1.169602034242163491e+01
9.499055915048405296e+00
-3.057946634389527851e-01
-3.103641721921174934e+00
7.960320636283541695e+00
-6.585652264533564448e+00
-8.685293798539714061e+00
-1.835017665235938011e+00
9.849115222678339165e+00
1.178304357194325824e+01
-3.893461669096512701e+00
-4.395732895758962755e+00
5.359502989972214415e+00
1.070766097829303654e+00
1.173553819605178994e+01
-4.785734431061275274e+00
-9.389949710239326564e+00
7.721581319238196350e+00
-8.793022715407891710e+00
-3.147367104835427032e+00
2.496995148301030198e+00
8.070504242737197131e+00
9.506433889657159853e+00
-3.195731020823945556e+00
-1.131081322514874143e+00
-9.201889547859497753e+00
9.359266242881274067e+00
-1.057423092226743222e+01
4.140345304967303797e+00
-5.552056892723661541e+00
9.291515334485584532e+00
-1.676770819570552629e+00
6.317595073343614587e+00
7.411943828833587489e+00
-1.002924420874463429e+00
2.029984456241751722e+00
-1.101317248899740697e+01
-4.288484360097012171e+00
3.106930737576044876e+00
9.163063400397456704e+00
-8.418445189473938717e-01
-3.068796078866477206e+00
2.159299666741661738e+00
1.077339465521188799e+01
1.092807513265324637e+01
-6.352635253233488655e+00
-8.301490123040171198e+00
8.215518940704985340e+00
-9.485009298328199279e+00
4.539749552902041074e+00
8.065869279718420604e-01
-2.237448577632700886e+00
-1.041061007294962515e+01
8.911176230612884552e+00
2.398690273492388725e-01
8.786093753046912980e+00
8.654682913069163819e-01
-1.411453407522190950e+00
8.797741034841973118e+00
3.741773194265902269e+00
5.165229993109017315e+00
7.978807799350499330e+00
-7.827443414850981718e+00
-9.785938362623669562e+00
-4.094789196907597351e+00
-5.846247474692756185e+00
7.879703930731948525e+00
6.529621653993378239e+00
-8.903660498559156977e+00
2.023569889547498946e+00
-1.072046379755108347e+01
-7.569228746342926417e-02
5.546231709271093990e+00
-3.979534919412115901e+00
6.617425940702380771e+00
2.137292829466946653e+00
9.079754938399252850e+00
5.402959649782586027e-01
6.733887159636426034e+00
-2.262480075637745891e+00
-9.983897484592462845e+00
-1.016701251821369567e+01
1.185944815527991913e+00
8.668828929583547449e+00
-2.627281897788305010e+00
7.280896321337829491e+00
2.108191698557671412e+00
7.776079208589715464e+00
-1.317231078308086278e+00
1.000297694360220291e+01
-7.478165623408201235e+00
7.067423877029541224e+00
-5.994439551109264741e+00
8.484753211249245197e+00
3.650641380667924096e+00
5.163339036357093015e+00
2.225097918545928977e+00
-1.205891077071141382e+01
2.045908453001235472e+00
4.689727429994802854e+00
-4.503568338431658269e+00
2.018092672867685344e+00
3.796922248171595848e-01
-3.337474286477121188e-01
1.022504710310731113e+01
-2.619779398561417061e+00
8.599020147727411967e+00
7.197184271451687820e+00
7.128166527822155096e-01
-5.908288730411317857e+00
1.054805243118703295e+01
-4.101253127997283698e+00
6.507353558758409484e+00
9.607521133620796405e+00
5.990617122483058665e+00
4.936308393196311428e+00
