-6.638239623794079947e-01
1.762595947537264784e+00
-3.999085001461240907e+00
-1.581339418945281849e+00
-2.825952873463095649e+00
-3.261291241849617606e+00
-2.509918308978632773e+00
-1.235514183655618048e+00
-8.258602061546405082e-01
3.105338720268555619e-01
-6.464438847736415639e-01
1.481756003174075964e+00
-2.364382002147860540e+00
3.024939491127563329e+00
-3.780899254416590693e+00
1.363740081427217810e+00
-6.615615810629842386e-01
4.695186275660132580e-01
-2.876904491238129857e+00
-2.415188087320969679e+00
2.405956549404293376e+00
3.746092605755180216e+00
-1.492606574726057289e+00
1.538580925354512630e+00
3.011113218368306477e+00
3.156853308030778571e+00
-3.319646309041776711e+00
-3.687561734136941105e+00
-2.641356643483448785e+00
3.025140027435305079e+00
-3.213225329335599234e+00
-6.311389999595826694e-01
3.663116241204015466e+00
2.653222797841365832e-01
1.535016911603786838e+00
-1.475874951951496428e+00
1.492007421452669291e+00
2.677005375178983293e+00
-3.853693781246465555e+00
2.001154519559739775e+00
3.910888711251957695e+00
1.985325235038715164e+00
-1.756448063484758570e+00
2.314234627611908124e+00
-3.174191947378863787e+00
-4.168517905927586753e-01
3.268764024744764463e+00
-1.651086813010564036e+00
-1.697797291309210088e+00
-2.959771423053778605e+00
-3.845064337037623403e+00
1.430684263519127697e+00
-2.306975071999527671e+00
-1.875626725022190300e+00
-6.741472575729368089e-02
-3.573099639063356925e+00
5.929408439361045779e-01
-2.826171400753518803e+00
7.144442952262739510e-01
1.598066880167449355e+00
-3.181324569377393274e+00
-6.875520974434534693e-01
1.555201261821960834e+00
-6.865658437847788065e-01
-3.600372328431302726e+00
2.871712473240926045e-01
1.310357161758310518e+00
1.191128964664684986e-01
3.556758047926506627e+00
6.924403240159433537e-01
3.227215322303067957e+00
-2.900202366830099798e+00
-2.885789221993931619e+00
2.459130309676190507e+00
-8.185853041157313825e-01
-2.677166423064537781e+00
3.420068643168271194e+00
-1.217873122035947553e+00
2.006496825089244318e+00
1.807983882803611664e+00
3.066448729646478633e+00
9.893776564448710786e-01
2.007539472218697441e+00
-1.208813264177259761e+00
-1.840576865879791413e+00
3.167089745568534731e+00
-5.752704810296407345e-01
3.718720377187084480e+00
1.307531982547584626e+00
9.735657616729742614e-01
-3.082032216372998512e+00
3.595914069656569900e+00
-4.007029321604758110e-01
6.271169150970541395e-01
-7.349055779097506402e-01
-2.103784158055778342e+00
3.227036164498030324e+00
5.894358933782868348e-01
-3.977037383750728239e+00
9.371593089657910269e-01
-1.386840785823230782e+00
2.164648180608743644e-01
3.087536794486196001e+00
-1.141841919980001840e+00
3.268281207358393559e+00
9.868809263344218152e-01
-3.873430057227549739e+00
3.435497869950090433e+00
1.527175340135391579e+00
3.978582803611844021e+00
-2.621275933237371625e+00
-2.902914002968977947e+00
3.460763704297308507e+00
1.574545291919201340e+00
-3.471998618223500088e+00
2.043704420819731027e+00
2.031009507689971016e+00
3.384196284371866703e+00
1.692198069027774032e+00
-3.005832304222682438e+00
-3.840958929281635292e+00
-3.790312104978245777e+00
-3.773548095833643146e+00
-2.030311459175632827e+00
2.880223589463104084e+00
3.106485147332227470e-01
4.225758294861270414e-01
2.736247138876845675e+00
-3.006613479040710857e+00
-1.766530567910884031e+00
6.860741716663030232e-01
3.756765986557396353e+00
4.882417540456795990e-01
-3.850821685016455831e+00
2.405061381444930646e+00
-2.136205809271836564e+00
2.456841564950233092e+00
-8.971148474866259548e-01
2.908334836475429341e+00
1.976973141897476971e+00
4.499218719233510910e-01
-2.908358194714519840e+00
-3.520658483902306735e+00
-3.029252354074101206e+00
-3.643584971641906201e+00
-3.140046967151256752e+00
-2.194325291137162459e+00
1.703911843061413300e+00
4.777358564331395385e-01
-3.899552158727073170e+00
-3.424205762484105797e+00
3.738210640002176177e+00
5.448036953595369880e-01
-2.373654122712076209e+00
-1.981394043437412655e+00
1.950606832600743523e+00
-2.436564151125449662e+00
6.508714181860622006e-01
3.760159912706498631e+00
2.774630411920282036e+00
-2.081217926819310726e+00
-4.984228585016037272e-02
9.596457470510380006e-01
2.631847196401429834e+00
-2.745668842831325840e+00
-3.851390382580723859e+00
-3.439822850246221364e+00
-1.092391125037455168e-01
8.506356932266427862e-01
5.508114966918506994e-01
-1.461100725422713964e+00
3.908929235299591021e+00
6.379617539663753334e-01
-9.588706190115967587e-01
4.075857529431745618e-01
1.962675447252016703e+00
1.353863147625476770e+00
-1.880643538697524875e+00
-3.469321324572467447e+00
-1.039326416687149646e+00
1.037740056172515857e+00
-2.318607920681283296e+00
2.022044429910510921e+00
-3.467708149167080478e+00
-1.917479211371672321e+00
2.438036509946763353e+00
-2.452525739013378114e+00
1.115687047039521040e+00
1.973624729898695307e-01
3.398463763194805587e+00
-1.893625836103112192e+00
-3.472311274527809744e+00
1.880527706309355729e+00
2.177424236345974151e+00
3.262526820028192276e+00
3.455776553574698262e+00
-3.888387416195223878e+00
-2.125103311028635922e+00
9.342268560132609423e-01
3.592130565500931461e+00
3.601408953976637406e+00
4.532255055612512962e-01
3.324850798130196239e+00
1.132529671570700280e+00
-8.799382868700300619e-01
-1.120746632247220376e-01
8.344838633597859712e-01
3.963833720685006057e-01
3.409451413651629181e+00
3.349867485068848794e+00
-8.409950966115609106e-01
3.706100227525694457e+00
-2.608354666556285117e+00
-2.989363844482901378e+00
-2.919366735626149456e+00
4.529732541517361710e-02
-3.827801557806416177e+00
3.583761689741447931e+00
2.616923769365859798e+00
-3.879848154063020971e+00
-2.590429955399558004e+00
-1.343491405065304178e+00
-2.952025241512664877e+00
2.475925537012656719e+00
-1.242106778533652367e+00
3.520859858666937292e+00
6.561134395766403671e-01
3.030655875294752555e+00
2.757875563137774932e+00
3.243138549669193793e+00
-3.209578734655442744e-01
3.707745281629861722e-01
2.388828729216315061e+00
-1.714249186126819424e+00
-7.797181904057826074e-02
7.928824611670268752e-01
-3.875733795593314213e+00
7.478512655730975567e-01
-5.305892080843337411e-01
2.458884231078731553e+00
-1.478041575237016403e+00
3.143109668201210738e+00
6.228577222762838872e-01
-2.527918386980279486e+00
2.303433870604034261e+00
8.962494163594714180e-01
-3.568725823409976350e+00
-6.384505599909422457e-01
1.432550692523436808e+00
3.348814223820206770e+00
-3.996783800869140535e+00
3.814073192248477184e+00
-9.873574820338042457e-01
3.790268306866580339e+00
8.377288077924243126e-01
2.630766463845543690e+00
5.976920376648182653e-01
1.024609586458803179e+00
-1.715389746434448526e+00
6.946667252486635746e-01
2.000174109621279506e+00
2.866510691432338831e+00
2.040657507741441279e+00
1.584457987578423932e+00
2.915835440436798542e+00
-1.418552025306028419e+00
1.366310326300697930e+00
-3.930085086932066929e-01
-9.431779837478622142e-01
-7.135092006225152161e-01
-7.881633322436751854e-01
-1.460928432333784777e+00
9.753549433624115750e-01
-5.580218334298852056e-01
3.790416623418018105e+00
1.422407131474488828e+00
-2.411440892583113005e+00
-5.863919252157376860e-01
-1.253230081804615814e+00
2.381110431668532534e+00
3.039986308507454105e+00
3.230735646610975564e+00
1.301758499002097835e+00
-1.838333903761937727e+00
-1.981066387963282160e+00
2.839183541579219039e+00
2.217171704699731904e-01
2.417288672036784547e+00
5.799081375328505317e-01
1.865140202300088923e+00
1.520930197124465977e-01
2.167071284015103849e+00
5.508639256377243498e-01
-2.743209712641530018e-01
-1.258488736373745809e+00
-3.454325212666367051e+00
-9.766065653752011855e-01
-3.362991378413981103e+00
3.862536909843560018e+00
-2.547097189353889846e+00
2.494869581764318056e+00
2.999693159647184970e+00
1.507306019087546467e+00
5.559553019630056880e-01
-2.712228505475129836e+00
-2.649598178935494985e-01
-1.238623590758280102e+00
-2.199680337487323278e+00
7.400949501263740515e-01
-1.501841298384664292e+00
3.330444427746805935e+00
3.277084199612456672e+00
-1.943053649742430444e+00
-3.112869594047766419e+00
-2.456298143847097215e+00
-3.326634568911579493e-03
1.828685343796769835e+00
-2.334444492729668141e+00
-2.015731532982154128e+00
2.813374999490935835e+00
-6.732102538597812824e-01
9.334805372418895075e-01
-2.130670886085999527e+00
-3.184261924593620563e+00
1.268561357482385077e-01
-1.828721036017411095e-01
-2.778626847254693999e+00
9.744498539233239498e-01
3.520809505115050086e-01
1.233098775765954613e+00
-2.843635679002721517e+00
2.012222537081950868e+00
-2.223606881600618479e+00
1.548145949282639933e-01
2.282368225772951398e+00
-3.821356576065550570e+00
-1.405100322190508066e+00
2.983379011200888442e+00
2.757676860816556719e+00
3.075247407563495017e-01
2.932866193332103855e+00
3.598447930829012265e+00
2.611255981034730667e+00
2.832923550692309611e+00
-3.210052785437213174e+00
1.210434658727928436e+00
1.628135905221223645e+00
8.819265011730372805e-01
2.396922093888224303e+00
-3.723430241026925991e+00
2.161909876439839451e+00
1.853828805916215572e+00
-1.922412853613175265e+00
-1.943445609422826514e+00
1.058426539441022385e+00
-1.237620307271347642e+00
2.372709424058299987e+00
-4.308301439723418724e-01
2.261995318273375410e+00
3.923774268990725567e+00
-1.598013283728799472e+00
-2.855953373935204986e+00
3.210467490794190581e+00
3.324750310989861291e-01
3.797922966840657999e+00
1.092835200015177755e+00
3.951304196883831388e+00
3.685664331436129260e-01
2.114074712441702530e-01
-2.916576775422640821e+00
-1.154358632128951179e+00
-3.790251461629013718e+00
-2.716838563842807197e+00
1.965097541659968527e+00
-3.756802480569689351e+00
-1.067655222050045261e+00
2.898770022704352911e+00
1.541421740058834366e+00
1.527537136529348416e+00
-2.490905592357512965e+00
-4.647657540126131082e-01
6.526192587543295787e-01
3.918013661309641904e+00
-2.368750198135025187e+00
-2.018136785901161190e+00
-1.902615329816704559e+00
2.001379306383942236e+00
-3.441973805144575849e-01
-3.544564492711240078e+00
6.812992488191671470e-02
-2.304318682850592381e+00
2.388833958081681530e+00
-1.621348947941822161e+00
-3.779151904363970971e+00
7.474595957169682947e-01
2.750723431449510592e+00
-9.518710075022864814e-01
1.998866485809147164e+00
8.913182637702554700e-02
3.276144396975091411e-01
3.675474568494019323e+00
2.431687131989174411e+00
-3.741415467011408147e+00
1.675098009850360725e+00
-2.799881474919514446e-01
3.580391531160798557e+00
-2.228538125412093507e+00
-1.863423842525073759e+00
-3.348208280981904039e+00
-5.710493706897077359e-01
-3.127849887847453658e+00
1.070294084895342834e+00
2.423705898989902963e+00
1.574403968961427758e+00
2.129691048606163761e+00
-1.260367041251841513e+00
2.766811864221421224e+00
-5.698498000044596168e-01
2.592078963298550143e+00
1.011969268994350024e+00
-2.852615610638040700e+00
-3.372904801160416355e+00
-3.853338856695941672e+00
-3.466200018885148282e+00
-3.313294903325454399e-01
-3.093264617859276200e+00
-3.777733209210640375e+00
2.038891851123739052e+00
-8.411961563148846466e-01
1.975507964860200971e+00
-3.807613860283876051e-01
-3.993060239939110190e-01
-1.754199462573522439e-01
-2.079685875024477326e-01
2.425306736913356964e+00
-7.808598411381133531e-01
3.237489282748984287e+00
-3.703511616367713088e+00
2.190994741763349296e+00
-2.994868950898089466e+00
9.481085352966838187e-01
-3.917085909318144488e+00
3.090182606107756413e-01
-3.975856347043229100e+00
3.609550283921636016e+00
3.243216269622224424e+00
2.367735535538154856e+00
3.322194559318299767e+00
-2.835534150732823555e+00
-2.738159441035733721e+00
-2.498946616780528096e+00
9.799672183993690666e-01
3.246475968066414808e+00
3.919641426872589207e+00
1.688979670126527388e+00
1.854403273138362174e+00
3.274345636354035527e+00
-7.930101410310328447e-01
-2.001194558199705931e+00
-2.612558633703017108e+00
-3.044343597330168016e+00
2.500884704262629654e+00
-2.825661012662054716e+00
-1.885620138184794570e+00
2.552713429068246498e+00
-1.515301985646320126e+00
3.859339594343542679e+00
-1.866890382786918323e+00
2.692267597696913484e-01
-1.484263910513202944e+00
3.286182649390699595e+00
-1.067546849190124547e+00
-5.312613818146836309e-01
9.834153822689106761e-02
3.511091818957706501e+00
-3.752407949830794287e+00
1.735029309053513380e+00
3.128151634338711240e+00
-3.781702211860249463e+00
1.764099780200858447e-01
-1.392081505839797728e+00
2.875914566924686611e+00
4.681324073801427232e-01
1.521822945301982699e+00
-3.771720003877003791e-01
1.026472300170857110e+00
-1.679225186500593381e+00
-3.925211376267873753e+00
6.140474798967261449e-01
-1.508446286940297476e+00
1.381407880090383955e-01
3.331246824431182141e+00
-5.882016919888322093e-01
-2.020831707180916759e+00
-1.029649909767564431e+00
3.454888933092324699e+00
3.494947050472749339e+00
2.754639588525705562e+00
3.361652114445283779e+00
-2.176797680389464418e+00
-3.300142323571273018e+00
-2.181522109722489944e+00
-1.484987071087596533e+00
-2.601872989149507376e+00
8.567532957796837323e-01
-6.913086799907093294e-01
2.530812094617712837e+00
-2.518956813847754717e+00
1.615012238050483440e+00
-2.077155001206889118e+00
5.937527107268776305e-01
-1.208099222233689041e+00
-3.544284804137338263e+00
-2.169490632316993128e+00
1.312820442838347645e+00
-2.199925311574979503e-02
1.521278725894301687e-01
-2.602238799128619995e+00
5.657268123700509577e-01
3.974027401665679804e+00
2.534680870332975289e+00
7.549809906478222032e-01
3.807912546647239438e+00
3.212500677354570122e+00
7.648634688211641830e-01
-3.740589397484343159e+00
-3.251383233460154010e+00
-3.477026279662188912e+00
-3.861348104681976423e-01
-9.965213346571379915e-01
3.802800274162292382e+00
-2.656133654403080691e+00
3.782300735461241459e+00
2.139798950904104657e+00
2.593902716995982516e+00
1.060926534223978202e+00
1.349862161653856418e+00
-1.849413318304531373e-01
-3.894909144615422036e+00
-1.175951315665401786e+00
-6.342558805153242218e-02
1.840729688720834645e+00
-2.509732580311263561e-01
-3.407606712845465680e-01
-2.898698072435174744e+00
-3.912890129572168085e+00
2.066226083815969616e+00
-1.440377295378572953e+00
3.875067601548085605e+00
-2.238126190726752007e+00
-1.290335796146562686e+00
1.911690853290535230e-01
2.039131656484261867e+00
-2.891377287976348853e-01
-3.001419655106589701e+00
-1.499988972063603931e+00
3.615335760795712616e-02
1.390792064134941164e+00
2.161199650496737235e+00
-2.957313752365165804e+00
-3.816678949420945877e+00
1.526585776959157315e-01
2.479909685299330313e+00
-3.899169863760989507e+00
1.379758757229871513e+00
1.494465813255934528e+00
-4.060259713068994358e-01
3.318309493935474030e+00
1.154888678055943529e+00
-3.958081298788273195e+00
-1.245724358849953362e-01
2.874542448780800008e+00
2.643196560298715525e+00
1.193233576899823234e+00
1.389587391189053278e+00
6.279966383136041941e-01
-1.807041798665182775e+00
4.842399242884702915e-01
1.373838278539362356e+00
-1.180562958268729368e+00
2.846626938031421972e+00
-2.439700111930341642e+00
1.978566482655385705e+00
-1.683178030504980605e+00
2.190394297953456082e+00
-5.781013653113902251e-01
2.461587272897675760e+00
-1.171721098656076876e+00
-2.290454098963350837e+00
2.138276067374132339e+00
-1.530864418954791084e+00
1.865960541811420015e+00
1.955785224621856777e+00
-2.228826392734391426e+00
-2.287102905434812428e+00
-2.408416612583466510e+00
-2.859853297873242717e+00
-9.833392063413270989e-01
-3.786976922467028217e+00
-3.112637047726074968e+00
1.396512190107284113e+00
2.398212295179090070e+00
-3.355763782972912779e+00
-2.146381516113663679e+00
-2.338994705569485077e+00
3.338668504653044877e+00
1.690516145091893740e+00
4.310768884113143073e-01
-1.563856096635038107e+00
2.678832381054387923e+00
-5.175523389638403415e-01
3.387649720950201448e+00
1.648414434687465402e+00
-1.757495362777330428e-01
-2.990319170005130367e+00
3.808348403741980803e+00
-2.721330797247253130e+00
-2.379182998242699298e+00
-5.505459587170324909e-01
-7.663847537988219827e-01
-2.825988153885647058e+00
1.834551354888986907e+00
-2.490039464982512385e+00
1.151165154493302367e+00
2.034447604610389426e+00
-2.314140863333434162e+00
8.076339848611198136e-01
1.991427001966691535e+00
1.105749684962667345e+00
7.770184235731925071e-01
-1.636141714756023546e+00
1.852851769932070347e+00
3.562467519999597876e+00
-5.955088779076245231e-01
2.257454534651242462e+00
-3.550871682704677568e+00
2.682172819919727225e+00
-2.461999865422818345e+00
-8.392250488802144304e-01
-1.599351632597148409e+00
-3.359170849551605720e+00
3.237048023489943027e+00
-1.038766579570093995e+00
2.455795078091158601e-01
-4.706987282939945061e-02
-2.942710864456494768e+00
-2.348367528884535815e+00
-3.390489527741430642e+00
6.337359956229970948e-02
-1.907603585336103080e+00
-1.143507128937664596e+00
-3.135477370422105281e+00
2.300414717220057526e+00
-3.147328985689591185e+00
3.885670589705502387e+00
-2.582710684492661279e+00
5.792408994771944819e-01
-3.641237323287294991e+00
2.296930317246673070e+00
-2.483152417453627692e+00
2.232318272650131163e-01
1.920620345272572749e+00
-2.800548120661952467e+00
4.086973934957738308e-01
-2.267062333369764815e+00
2.073568394537157467e+00
1.783321548449709582e+00
-2.587607725783335866e+00
2.895732461336587349e+00
-3.841799203869245893e+00
2.881895979384921702e+00
4.712304892875067708e-01
-7.742362231532062822e-01
2.069975448178692723e+00
1.735432013539758955e+00
3.898609398467412390e+00
-1.775319611096137784e+00
-3.969650620725259316e+00
3.471220866519102444e+00
2.863176836303150452e+00
1.830807020154047393e+00
1.335102633723073140e-01
1.655649961990087959e+00
2.244236455013941978e+00
-1.000992451705124964e+00
2.162580202639660776e+00
2.004994553401402868e+00
9.056896923540778133e-01
-7.850726082573009634e-01
1.578464154114727513e+00
-3.975097137398463154e+00
2.199173173796782343e+00
3.171332819654775648e+00
-2.085474340499962942e+00
-3.033862525526162202e+00
-2.237728097650179215e+00
-1.583226149679213712e+00
3.064228068510673531e+00
3.453314419047561756e-01
-1.706306803148555318e+00
-2.893162481656427865e+00
-1.678844295163666622e+00
9.109687179300207660e-01
-1.406891760820426995e+00
-3.411185464720123406e-01
-4.470631438670844560e-01
2.625082885852096481e+00
-5.892147661101549971e-01
-1.234409430595981405e+00
1.399772838472841840e+00
-2.228143554131770010e+00
-2.620334085875697383e-01
-1.481874501407868472e+00
1.014844817302677171e+00
3.018883797558500781e+00
-4.184879988349718971e-01
2.275659350335384801e+00
-3.442743955075968643e-01
1.249834653737051049e+00
-2.945272199779982891e+00
-5.361479442588148459e-01
3.274495909239493407e+00
8.438320082474772832e-01
2.134196697896816985e+00
3.760486476715474424e-02
-1.555500137594023613e-02
2.743198721542799312e+00
-3.457544525272369995e+00
5.861781723974770486e-01
3.542100603463594233e+00
1.428803853785751699e-01
-2.444273523776923973e+00
2.783515139547809270e+00
-1.986886861153177364e+00
1.605808291860303605e+00
3.220875231751989531e-01
3.590690306241756780e+00
9.946936192214073102e-01
2.703823696381834729e+00
-3.936536990443815220e+00
3.914720449333104035e+00
-3.378283437340908080e+00
-1.422963891081843180e+00
3.569219163654122617e+00
-3.928487181030039466e+00
2.581840043375484228e+00
2.889693106934354994e+00
-4.813534863314199441e-01
-1.954038449552550460e+00
2.421516157066388786e+00
-1.771039645422307629e-01
-2.925291130754430924e+00
3.422791942600086124e+00
3.167759736053187503e+00
-6.763879986451737381e-02
2.853619972142337424e+00
-6.513757938872108966e-01
1.467719201330409007e+00
-8.160748847366203762e-01
4.593613960648301742e-02
-2.483586377328581563e+00
3.719911392887310875e+00
-1.646274494045962378e+00
-3.172323551068789271e+00
-2.845476798167615229e+00
-3.887261646460456355e+00
1.727565595699156020e+00
5.159865619269927706e-01
2.356626809478017393e+00
5.663938627309139662e-02
2.334568316033230673e+00
1.566113714174715454e+00
2.222787814873402823e+00
-7.481370481833096164e-01
1.182165065499849455e+00
-2.561645618456204865e+00
-1.425440292896768213e+00
-2.619163039041660035e+00
-7.309021998939009279e-01
-2.068650016275209502e+00
-7.446240469651366212e-01
3.801778739498496762e+00
-1.437445393423749884e+00
3.859927559799162466e+00
1.090449006847868496e+00
-9.992718528487118945e-01
2.859875992668772682e+00
9.566939149485902405e-01
-1.983735358953285122e+00
2.342845423815100858e+00
-5.364919301266954932e-01
-1.139910661356468680e+00
-1.357784507799352447e+00
1.578951004905115418e+00
-1.850799008750187546e+00
2.466224109643040840e+00
-1.637689644801217703e+00
3.529710686828577693e-01
-9.662806555838088229e-02
2.842851300762958111e+00
3.107091475163087146e+00
-2.524924461057866054e+00
6.827876715060083868e-01
3.185640368137097056e+00
-4.310622477245624751e-01
3.374946443870523005e+00
-1.768072876344232824e+00
8.706493935503658577e-01
1.459629678134523267e+00
-2.174354133196127137e+00
-3.889859899538265608e+00
-6.662083010344312939e-01
3.507855134853872237e+00
-1.255775121356747626e+00
2.237954363860799489e+00
-2.602109497380740599e+00
-1.264377309580380526e+00
-2.843218233295226050e+00
1.734166513171008006e+00
1.594460989574513654e+00
1.507978543591350196e+00
-1.972831724109602725e+00
1.538880972987271001e+00
-2.181619672672403532e+00
-6.028070725492824522e-01
-1.024623026658502134e+00
-1.157536707039022339e+00
-3.538761542069948973e+00
1.053173014927517137e+00
1.658532821453595929e+00
9.087095560226847724e-01
1.186502049304996476e+00
-2.640474286261937920e+00
-2.804425608489100163e+00
1.134003482070626845e-01
3.002661810836312561e+00
-2.528372467622223674e+00
-2.972870503339208881e-01
-5.685413277607764826e-01
-2.168651264386944888e-02
-2.707913836111904615e+00
-1.260474870921515667e+00
-1.904956767171838372e+00
2.756215545835831726e+00
2.402657966211213747e+00
-5.868867338548513501e-01
8.561236863123111718e-01
-2.836275117870240337e+00
7.690635374046905781e-02
-1.624423313704763672e+00
2.877207628553608565e+00
1.372787047251119219e+00
1.067792100979367831e+00
-3.001989599446566181e+00
-2.352969640089144221e-01
3.892582236695051989e+00
3.586393392581320505e+00
1.160685122083548571e+00
-2.786201031744210965e+00
1.113014789759239953e+00
5.252969003514200708e-01
-2.506732987099837828e-01
-5.757002442538388109e-01
7.941580452642407195e-01
2.799759108127723550e+00
2.008968322975499099e+00
6.348843223778644074e-01
3.397633452288224554e+00
-3.482080132467609168e+00
3.930772069854472583e+00
-3.576043658656083757e+00
-2.404035630891509179e+00
-6.179787068435125263e-01
-3.139928990518658480e+00
9.893632879816145476e-01
-3.616059487609061485e+00
-1.723008951944462908e+00
-3.511706551042631297e+00
1.628154648840649088e+00
1.347649340715856070e+00
-9.713552539951821885e-01
-2.494445919761430375e+00
1.976038632239561110e+00
-1.276965673876262031e+00
2.362409339245142625e+00
-9.679248656303762743e-02
2.053555548078351833e-01
-3.772073204067462271e+00
1.153856159032254247e+00
-1.194747980542660848e+00
-2.166359781663474315e+00
-5.289329903063952898e-01
-9.402603418326593854e-01
-2.416876793091180531e-01
3.835866833438450918e+00
-1.084975437054156444e+00
2.195281066688315796e+00
4.221407723991399408e-01
3.113048712859862732e+00
-1.160377190803424163e+00
-2.035850558507940278e+00
3.288153917255746350e+00
-3.651725889937877056e+00
3.606027424488018163e+00
4.512553253674020937e-01
-9.890942665033000125e-01
3.960418578712888937e+00
-3.533098830818946823e+00
1.336508781408971558e-01
-3.751223396355617190e+00
5.694059134898674657e-01
-2.556251928039075416e+00
1.047673602716243657e+00
3.847389406004651846e+00
2.999220409699047352e+00
-3.853100046330348860e-01
1.667686960413737651e+00
2.219750000025514147e+00
-4.125532653949104400e-02
2.282679214205209917e-01
-2.793724813022459230e+00
-1.044800595104749874e+00
-2.862229975417706740e+00
1.815150026756501056e+00
-1.838960447818944743e-01
-4.089693063458756939e-01
3.087983769322810268e+00
2.209501784924912116e-01
-7.272733446651207245e-01
-1.848863822298833171e+00
-3.423903718641840399e+00
-6.549109301974738173e-01
-3.793972140747333022e+00
-1.670768475580575618e+00
2.807607878717188754e-02
3.727464520157778516e+00
-3.124936686451323276e+00
1.384328433732975761e+00
-5.410312064002553711e-04
2.216785834206263850e+00
-2.851144017006325804e+00
-3.334378908512995565e+00
-8.062511571803696597e-01
2.375698015839200927e+00
-2.466594088720879263e+00
2.142217537178192188e+00
-1.677616023505054343e+00
-2.264868099105637356e+00
-3.866275287383948545e+00
-8.107275206209703100e-01
-9.513480696523810565e-01
1.274759489562917736e+00
-3.432652796236902226e+00
-2.779168103661825207e+00
-3.867392936792526825e+00
-3.089629148420745430e+00
1.214314208080723212e+00
-7.787451826006464017e-01
-1.431789486661473099e+00
4.632959539501797508e-01
3.947683704798799376e+00
2.675892112144237167e+00
1.596985459196671009e+00
3.346068713056463473e+00
-3.682170346535321492e+00
-3.437332467075798093e+00
-2.079496800955631386e-01
-1.206660696343381467e+00
3.498016497027591321e+00
-8.348031083865148361e-02
3.171928807468047395e-01
3.162082925849766468e+00
-4.269196334104758961e-01
3.016275114162815463e+00
-1.971346005026973103e+00
-1.809522366735131449e+00
-1.373108879299278939e+00
3.805141638476277066e-01
-2.238970607784150246e+00
1.371433368650186502e+00
-2.857653737575996722e+00
-3.247197804002884602e+00
2.961533969643021180e+00
-2.105050371544011867e+00
-9.119679118192358658e-01
5.723367418026583664e-01
2.064157596117599525e-01
-3.391808964463145060e+00
2.993007484784226513e+00
3.609084947349536776e+00
2.500058433397374102e+00
-1.729585320425005790e+00
2.227743689436758601e-01
-1.284666207859124221e+00
4.373384863013338730e-01
3.795227751304020458e+00
-1.506376658248148814e+00
1.350372847382957708e+00
-1.392262341528113012e+00
2.195818128120636814e+00
