-1.446679858079127801e+00
7.267127515525706904e+00
3.504916485457603592e+00
-5.676770766193297568e+00
-2.031606366505867900e+00
5.027336424915347379e-01
-6.137899598766127340e+00
-6.276893180519449444e+00
-3.268160192680756637e+00
3.942746138864694050e+00
-8.087973718978771487e+00
6.204118502725110673e+00
-4.151346942188838263e+00
5.461482298487119191e-01
4.256871195682768061e+00
7.347365965610173077e+00
-1.679413357144748709e+00
-3.992548243668514463e+00
-1.773861372252165891e+00
-2.498371745000207866e+00
4.027290578900648121e+00
-4.260858880772360635e+00
-4.877339332402869765e+00
5.351632842316774052e+00
1.137044257335293462e+00
-9.444722016693218869e-02
8.199511844584820297e-01
3.716087704518000745e+00
-4.440802682032031434e+00
9.796232261036372790e-01
3.204518079887674897e-01
-9.297319808488666126e+00
-4.367060412706472050e+00
-5.525071938499557245e-01
9.834383265347810266e+00
-7.009012370017305926e+00
7.619431674376534680e+00
3.878735580209092149e+00
3.844262482049545238e+00
5.425145360188385446e+00
-5.823384127702320612e+00
7.693904565484748659e+00
-3.751079686408168801e+00
5.465049039150261301e+00
1.976782590791029137e-01
-4.361484765956199716e+00
-1.099840919191805932e+00
-5.489953548088657875e+00
-9.050805892478820169e+00
-1.335098497772498671e+00
3.319864262164348823e+00
2.629865664484593246e+00
-8.275622977677979719e+00
-8.256661820409036068e+00
1.823181468707117947e-01
2.723563669050098834e+00
3.270152604206824520e+00
-2.676324033574326577e+00
1.967785462840001554e+00
4.763551224891100944e+00
2.906384898662220384e-01
1.341000179752636079e+00
6.707612087813267010e+00
-8.305362278741316828e+00
3.968100316677339201e+00
-9.821882024112338350e-01
8.090207234008410353e+00
-4.937917427613955912e-01
-2.773256406193020940e+00
1.415585077691499194e+01
-6.946050752808444750e-01
-1.885282904929049153e+00
-1.627571911020417428e+00
4.392907080078974680e+00
-6.228851179396214022e+00
-3.610642560871589524e+00
-1.678373370692619604e+00
-3.917388131300836740e+00
4.810598236614079148e+00
4.695441891715383953e+00
7.317235593053316167e-01
2.086880084804554336e+00
7.495611932129515154e+00
-5.462380851394414982e+00
-8.750650022510109594e+00
-1.494137759778834673e-01
-6.982112358586284095e+00
-4.749513388915080014e+00
3.449748516886915528e+00
8.000397803814159658e+00
-4.568155214069947179e-01
-2.338733531882637440e+00
-5.112263475814252445e+00
5.861767516529690525e+00
-7.532412317628467413e-01
-6.157019179962098576e+00
-7.415771661298603545e-01
2.907843294843787341e+00
6.720663212666108777e+00
7.619438233697792384e+00
-7.772443863014661503e+00
-3.699047959621893700e+00
4.362181318404529939e-01
-2.249056540429122286e+00
-5.713720071920836974e-01
6.983659556233051013e+00
4.472608952485026101e+00
-2.373166993596276253e+00
5.752467809604272730e+00
-7.209721105212985037e+00
-1.832849724121050627e+00
-1.664563435058645791e+00
-1.059746696036479863e+00
6.842214433043921851e+00
1.472579883221639463e+00
9.145752520542222541e+00
4.911825424487432201e+00
-1.840582433318036726e+00
1.022699623527745771e+01
-6.505686611670420394e-01
2.423594215160057797e+00
4.230173872482474451e+00
3.119360044630377526e+00
-5.420707299203635365e+00
2.517273505769674458e+00
6.059532827851044079e-01
7.250825270571161774e+00
2.199578981376173470e+00
-5.025046103023191879e-01
-8.438292774802524931e+00
3.125503332580934490e+00
-3.769980662075359312e+00
-7.936846258970549073e-01
6.172949222040657880e+00
3.546444700332126221e+00
-5.023202441454811762e+00
3.128979339241034996e+00
-5.173943930829432603e+00
1.614363720905779287e+00
5.789922016309911434e+00
4.474943029684801843e+00
-2.007719901494858572e+00
3.450528863439062288e+00
-7.506325125527726350e-01
1.288286346191370502e+00
-6.169847230048578282e-03
-5.063281348202364640e+00
1.000719850277831746e+01
2.702649868439588321e+00
2.300768471730489040e+00
1.774727190218317707e+00
-5.013977390198640194e+00
3.516560955953742518e+00
-5.405070408743710253e+00
-6.074493544219367713e+00
3.532085466178811473e+00
-4.480682256232765504e+00
2.934782053221357767e+00
-3.480604089386274858e+00
1.585172217498338476e+00
-6.752639091344661892e+00
4.624901581560124875e+00
2.589838279111924546e+00
3.973924830529713681e+00
-1.914607185211089746e+00
4.551244093131641577e+00
2.497371551680136026e+00
2.356505815141320959e+00
9.551605424776404618e+00
2.601740876161672489e+00
-7.208849798834294553e+00
-3.956535886563707916e+00
2.044824093310505742e+00
-5.601903496410838734e+00
7.224147593801619749e-01
2.585131805838682517e+00
7.619132427219570403e+00
-3.655769883532836939e+00
2.071166996826993678e+00
-5.814934365059450272e+00
4.848404025911651871e+00
-6.021357864523902315e+00
6.516136922726176728e+00
2.765086318456158931e+00
-2.764182928829209462e+00
5.382865451453818117e+00
-5.424844626739385944e+00
2.655456673485224517e+00
5.274004229942585553e+00
-1.656691818622246126e+00
-7.708421605675323640e+00
1.751500342467833704e+00
5.238269795713511812e+00
7.466572534740588019e+00
-8.485307708187492803e-01
-2.820579390349706284e+00
5.709930395820933313e+00
-5.499128705464209510e+00
4.849146944492804145e+00
-2.640915440189701702e+00
-3.672342417023823025e+00
5.882855060357959687e+00
-1.666767056934809865e+00
4.051145242319798001e+00
-9.132162849568997487e+00
-2.030596896651285288e+00
3.109241806717930601e+00
1.635952136093586695e+00
-1.850760197922938000e+00
-1.274563771777951438e+00
-4.815847378309921822e+00
-3.534554357406243241e+00
-2.290190670869225897e+00
-1.122283362291510711e+00
-2.027929839443426197e+00
3.170386290048398337e+00
6.288088064587361359e+00
-2.872095886314987911e+00
4.159649099039866016e+00
4.001346819580438918e+00
-3.514176374828305249e+00
-5.324072184693060095e+00
-1.211551242725037447e+00
3.794093803184052760e+00
-2.646856160692900417e+00
-2.493951926293364263e+00
6.912066075800792575e+00
8.424546832490011905e-01
3.120375019907105862e+00
-5.675092926435950647e-01
-2.848462874387548638e+00
4.994543092245326221e+00
7.167888446178892536e+00
-3.002394183947092010e+00
1.745132722377555012e+00
9.655834107269569699e+00
3.281423615620234990e+00
8.872418676592417341e+00
-3.325521644189883830e+00
2.621674858606367842e+00
-6.603573982029546485e+00
-8.397514796039326490e-03
2.095871009909230587e+00
-2.275823550755083247e+00
6.850972299036275359e+00
2.019298060185800825e+00
3.541463044246786929e+00
-3.852716389810157072e+00
5.684889763507668725e+00
-1.538435321493921037e+00
4.729277356165066060e+00
-5.564388880242003843e+00
-7.026386010178709896e+00
-3.566680275549265478e+00
9.109890868412918508e+00
4.527613138345008892e+00
2.295310119545518113e+00
5.674995006828749133e+00
-8.613509435905193357e+00
7.386389843236960573e+00
3.693434450073636466e+00
1.340633445312492178e+00
5.243610925602538941e+00
7.529146137529140859e+00
1.458389564394121152e+00
-6.843762419304733058e+00
6.964759826763883055e+00
-1.994414175148368606e+00
-8.430644868094949729e+00
-5.535413086695977647e+00
-3.363401131150968837e+00
-6.331595680855379271e+00
8.692865514408079974e+00
-5.858663593624362065e+00
-3.363131833517292613e+00
1.025631621680297911e+01
-4.821601843114228458e+00
-3.109770384631935336e+00
-6.102765406441033491e+00
5.421329647692556541e+00
7.691186913977836603e-01
-4.267480988243975704e-01
7.973414193022426488e+00
-5.178057420040931724e+00
-5.873819342313607805e+00
1.613983400385597067e+00
2.831436059171331010e+00
4.393888585027416305e+00
2.009898753207493449e+00
5.100426552155718163e+00
8.499703780513614415e-01
4.938775323739193368e+00
9.552342512320883827e+00
2.849072670732322621e+00
-7.308806965440043157e+00
2.484929444237899965e+00
-2.734971367017736465e+00
1.479878483928274369e+00
-2.664955167102655231e+00
-3.110405946303322011e+00
4.121065219959746173e+00
6.073081738935584006e-01
4.872790062558969737e+00
4.613660863079294572e+00
-3.194148317003639548e+00
-1.894807644392351831e+00
-8.540628965404724937e+00
-5.324676297575003048e+00
3.438667221605516300e+00
-1.038873297625745984e+01
-1.410754602971362681e+00
-1.061709679768749748e+00
-9.146149026285918637e+00
-1.397188747095510220e-01
-4.506962589510529860e+00
-1.003883278705963500e+00
8.142400564345491532e+00
-5.153532634074574403e+00
-5.090032373667381371e+00
1.530796544928146208e+00
-7.299933848989185847e+00
7.086600928554589451e+00
-3.764073969942042464e+00
3.005149802037825890e-01
1.533610317256956179e+00
-3.732993962503878826e+00
-2.501547808867500056e+00
3.912426368404382515e+00
1.940678126802323877e+00
8.372518566712674470e+00
-2.944992380689595457e+00
6.671004868401879229e+00
-6.630003707205718300e+00
-8.545597733181762301e-01
6.723563574574000334e+00
4.695743384350846483e+00
-4.766497017552916660e+00
6.847374879329785058e-01
2.387093558430369633e+00
7.739589615049329296e-01
1.266289653375192170e+00
-2.788828151685449175e+00
4.245153634874077042e+00
1.616125602951135054e+00
3.800099706674214262e-01
3.461636981451999606e+00
9.352151347703108186e+00
4.007266825890859252e+00
4.633462785702578302e+00
3.561054095710494138e+00
4.452083793272444190e+00
7.393701693746852932e+00
-5.913835690084697561e+00
-4.927185207305187831e+00
5.517345369689775403e+00
-7.341053657630746798e+00
4.208546461360718638e+00
1.437865207157954295e+00
6.680312806932917624e+00
-4.979984960756008938e+00
-5.639588004146865785e+00
-2.222553723420984007e+00
-2.695323005121581517e-01
5.344512752152694723e-01
-4.638624762536656121e+00
5.264523563713401799e+00
-3.058338871344651988e+00
2.957259178111608211e+00
4.703951541844413775e+00
-1.598934879405587317e+00
-9.451187694865343047e+00
4.970201423867447232e+00
-3.280818446832732160e+00
4.267896444036710868e+00
3.661975116485485682e+00
-4.501190234558617220e+00
2.324138743168047583e+00
4.010785129707151953e+00
2.228743817390417270e+00
-3.348202266727533072e+00
-2.261535911871481730e+00
2.649668065379226611e+00
-4.430022984314322620e+00
-4.062482718014543082e+00
-3.255818235439877917e+00
-6.845196379294923084e+00
8.433266341593924409e+00
-3.697335879013295301e+00
2.439084047551393297e+00
1.747123343838756782e+00
-6.559500613461563212e+00
3.349955412051818460e+00
-5.000109074774748308e+00
2.320921922726693509e+00
5.075016631989878846e+00
2.477757642722608900e+00
-6.696210106612392465e+00
4.206931168943127020e+00
-5.478545998326024957e+00
2.963130579449624324e-01
-4.484242596926798718e+00
4.118776703047481114e+00
4.029500565450686800e+00
5.472609490182279046e+00
-5.120507595290588299e+00
-2.784590232966721146e+00
-6.547150478037594645e+00
-8.419393919054590114e+00
1.343491056050323262e+00
-2.961807432832122000e+00
-5.272662068622482184e-02
1.030531785399770861e+01
3.273140276965730067e+00
4.195869426611346320e+00
6.028985666795818155e+00
-5.315386968126132317e+00
2.488871296974946912e+00
2.477711908545076724e+00
4.613971075502888652e+00
1.023880615900656288e+01
-2.175305765496891919e+00
1.294289027973708484e+00
3.453405335520141950e+00
2.177398179486058627e+00
-6.000468833047847284e+00
-3.841049945460788817e-01
3.754518192268708532e+00
7.730960950062602421e+00
-6.513072972013295825e+00
4.110466014096934018e+00
-3.919557373706289649e+00
-2.166942984778839509e+00
4.546339955189329096e-01
-4.195350955884874722e+00
5.276899156835897386e+00
-1.079850743085984277e+00
-5.998605032984438701e-01
3.928315742037177927e+00
5.081168432686223646e+00
-1.157691406192911110e+00
2.679190437593161889e-01
5.590078485543968689e+00
1.079193465924368933e+00
5.371065377281305508e+00
-2.808789669062780270e+00
-8.299655866558155459e-01
6.043571058602561941e+00
-1.226751701647556203e+00
-1.424545609959098735e+00
-2.646506966850650233e+00
-3.893323861829084631e+00
5.089718547344469712e+00
-5.006675374385620714e-01
-7.306711831446547123e+00
5.889589761740783302e+00
6.171201021075037652e+00
-1.231071949356371098e+00
-7.186421244279644682e+00
-9.879130684151760988e+00
-3.383571264167164916e+00
-8.845757052456575398e-01
4.533751958413801297e+00
-2.298457347392231398e+00
-8.123655201140620008e+00
2.535265595724801813e+00
-8.477393232089459829e+00
-4.276532348930604854e+00
-6.919333486439795955e+00
3.842552373621957784e+00
-8.716876431019286997e+00
-6.605944539579031716e-01
-6.746697876363073831e+00
-5.993004861925523841e+00
4.613008892788631243e+00
-1.779882665751375548e+00
3.933411811537231628e+00
5.966178686484147065e+00
1.124326597979060788e-01
3.337046946101850153e+00
4.023142693616819088e+00
-1.008202282987125997e+01
1.804809377040432095e+00
3.192847722241332509e+00
9.616352379571637243e+00
-7.968413439084572225e+00
6.601038497922893988e+00
-7.200705134747391156e+00
4.944263541125008210e+00
1.504974763868273335e+00
-9.832875347547336276e+00
-4.221852857381416246e-01
-1.388280775731648653e+00
3.514704943972510875e-01
-6.125421111149679021e+00
-6.010996811073156643e+00
-1.830529526773152282e+00
-3.272224479517165108e+00
3.058366891885340610e+00
-1.226467090493244871e+00
-4.491040966034628212e+00
1.026092414529966357e+00
-7.445978283314227397e+00
-9.151285872915515540e+00
-3.399357785835916967e+00
6.754832488575092775e+00
-8.596809403430181185e-01
5.386877298852556173e+00
-3.281623496024528741e+00
7.063523647783378046e+00
-5.718316184704844041e+00
3.241271807266494775e+00
-3.939999122287222377e+00
3.099818178787768996e+00
-5.479996427015255911e+00
3.784343135248292800e+00
2.985811849936354623e+00
-3.506621873535552325e+00
-2.610557325081672708e+00
6.588708241073863547e+00
-7.101979589474723298e+00
3.948888036545727953e+00
1.334951253177715458e+00
-4.468565623331190118e+00
-4.369036901035550646e-01
4.466767452952823625e+00
2.739508428362614545e+00
8.099240044989959308e-01
2.434200741145752023e+00
-2.716460835468260449e+00
-8.631302180967129090e+00
-4.639125191348616895e+00
-3.072676692861725734e+00
-4.330819467286017854e+00
8.940593463898139248e+00
3.852773776056942268e+00
5.574616355116241984e+00
7.960217203380233641e+00
-4.589350686635634169e+00
5.252711790577018647e+00
-2.425558524958473683e+00
-3.093662355143119935e+00
7.289381249704325327e+00
5.448156748911370251e-01
-7.345917686011090630e+00
-1.087943614864379738e+00
3.700202350919495231e+00
5.643560021525301451e+00
-6.082119901283293828e+00
-4.936399804237606048e+00
-4.446831765202675868e+00
-6.364728774853001703e+00
3.031499285260048637e+00
6.364045524462986769e+00
2.374056596145909914e+00
-1.401431672296679753e+00
-6.183244217431298928e+00
-6.486796648065744630e-01
4.677864695802313122e+00
4.668697351169065257e+00
-1.440545988083877127e+00
4.949409245863909845e+00
-1.616099328932384172e+00
4.142093438555329854e+00
5.115500244645169836e+00
4.198188945442415942e+00
9.427581906249461241e+00
4.350844634589868143e+00
-1.409022413354113601e+00
8.714355299557141166e+00
4.732393735471172036e+00
7.272460584971929265e-01
1.774640952847757802e+00
4.980267363247261159e+00
5.702059402897153184e+00
8.715043969572276339e+00
5.845682849437086048e+00
-8.817985146623536608e+00
-3.033024560218207100e+00
8.207921366011774467e+00
-4.368904845892229716e+00
1.798344699553588555e+00
-5.172885283171071436e+00
8.035693350184329731e+00
-5.251168412911047412e+00
7.011789076487898953e+00
-3.073370450577554536e+00
3.612934382753425488e+00
-9.494524991798055424e+00
-7.732754993828494960e+00
5.819594148799015265e+00
-2.842780071250682106e+00
7.550956580104394966e+00
6.353948491238541330e+00
-7.548987697961167420e+00
-6.109952210909459502e+00
-4.679320154954675459e+00
-2.039789592262976292e+00
-3.424239941563187895e+00
4.059645684384348030e+00
-1.724624643375699540e-01
6.631495079405309134e+00
4.530697380990241996e+00
1.891495396753981151e+00
-6.948925434781408228e+00
-5.365839349943616554e+00
-1.752151229922314979e+00
7.142465746623019029e+00
6.059208567818612501e+00
-5.549352442551927389e+00
3.629911514995727728e+00
-4.093412266923355247e-01
-1.474894485257886245e+00
8.523815446771271453e+00
-1.742431928035803601e-02
-1.275995026951429523e+00
-3.812605661920125399e+00
-2.264095261281601879e+00
-5.830138082897191154e+00
-2.980752551888833590e+00
-1.841898179666206392e+00
-2.348811591160972601e+00
4.348284306405703958e+00
-4.185874153150127341e+00
1.040338542018921686e+01
4.821091693800990008e+00
-5.280572667178686785e+00
2.986704683924178205e+00
5.804089600756944911e+00
6.855988555749870983e+00
9.008357964656287464e+00
-8.454819220835886995e+00
5.446340581945126935e+00
-3.406678986396360465e+00
-7.063494171673605493e+00
3.443899585971393673e+00
2.266670324795307945e+00
3.031717730224424923e+00
-4.358473642034730311e+00
-1.996672868923635491e+00
-8.714963096752677885e+00
1.257014374685155644e+00
-7.754984585852585655e-01
-5.522658283306624227e+00
1.229991662341365810e+00
2.001613223676952380e+00
-1.618043805978136351e+00
-3.929972004298904587e+00
2.075320109464342533e+00
-3.436895275790546878e-01
-7.687277394523760243e+00
-5.913582953485258642e+00
-5.006738372324257003e-02
7.658242422976662134e+00
4.136636735939863002e-02
-3.876862172362141479e+00
-4.760144636004199903e+00
-1.201806144991163450e+00
3.863537947217402291e+00
5.868595843772803633e+00
-5.020909593493023237e+00
-1.400696393504885506e-01
5.406665575078021035e+00
-2.225316862744105340e+00
5.495790008505126778e+00
-7.333272327598613138e+00
6.864782169009008506e+00
5.195261418215228133e+00
-4.118134556746398722e+00
1.644717137636070525e+00
3.109714514861818380e+00
2.902243423848783532e+00
1.025181365416061219e+01
-2.804383841324316062e+00
7.150589775217017774e+00
4.881043943186128331e+00
-2.171752406124095369e+00
-6.819418263094358501e+00
5.007408980551106836e+00
-1.673225037088478917e+00
2.032394562291492068e+00
5.344759119716872675e+00
2.764963786944878432e-01
6.211572033471204790e+00
5.555903365951641248e+00
-4.434696659143416042e+00
6.561122128101987805e+00
8.451370982559588185e+00
5.496888365792106157e+00
-2.292537100358462698e+00
1.060626391582178485e+01
3.693188051414406203e+00
6.633324269125088435e+00
-2.559857148428674178e-01
-8.371214316598521776e+00
-4.967031144159559930e-01
-4.012449768356683322e+00
-5.896139032833346505e+00
4.856794358847746351e-01
6.813171029718031235e+00
-9.633020178959563751e+00
-1.696129283423125855e+00
-5.987039376374998056e+00
8.998390966182764572e+00
-1.039842642715550092e+01
-1.140083172383645405e+01
-2.688734317389686268e+00
3.700144275158181006e+00
-3.391366171723541267e+00
-8.753856985047972827e+00
6.796539840563808887e+00
-7.578885670509356132e+00
-5.623494020477983746e-01
-4.996591167386993604e+00
4.026403204078538245e+00
4.881872524334713304e-01
-3.225508596328696687e+00
5.082050483665804030e+00
-2.600843274108771919e+00
9.814171285065793171e+00
-1.324684376860748580e+00
2.453253993390918541e+00
-8.517392326325877727e-01
2.254698202336697044e+00
7.559583139943031327e+00
-7.813178137501541887e-03
-1.575148842699355622e+00
2.881435574860103266e+00
2.229222822271589077e+00
-6.041195959739411592e-01
-3.236157345292907550e+00
4.443967363021274153e+00
-4.314843389420953912e+00
2.794699442416747281e+00
-4.732310727331666023e+00
1.073126719575971322e+01
3.233513253414703748e-01
-3.508937515184315181e+00
3.432624838113977894e+00
2.576292040567895736e+00
3.937015979585358316e+00
-4.905607346807085101e+00
1.603071830352681415e+00
-5.602967711991651001e+00
-3.660910663626788519e+00
4.205169490665544352e+00
4.014725145711107501e+00
2.007994315637913196e+00
-9.990390590225635137e+00
-7.502767892971022867e+00
4.348036243190545491e+00
-7.332726861743650737e+00
-1.357033410473001300e+00
-1.436328252048147736e+00
-2.594143627060809809e-01
-5.165212383596896828e+00
2.397946749591390869e+00
-1.017001326924522608e+00
4.127375281766022752e+00
-7.818852008787930963e+00
2.299174548937707119e+00
-4.516347010361939418e+00
-4.272272773871738316e+00
-3.728393006794732845e+00
2.288093324955512986e-01
-2.847853360667587097e+00
5.026057818250085241e+00
4.175734944784290192e+00
5.606244696424827367e+00
6.074396890171111174e+00
1.711422190383292019e+00
6.148553570376355637e+00
1.117653370914156596e+01
6.530796075396243516e+00
-5.800636276727153984e+00
3.754564944712151853e+00
-3.643327956675503909e+00
-9.275466926515580468e+00
-4.607596577844673469e+00
-5.966842175933728676e+00
-8.876995096273791575e+00
-8.377998083999202095e+00
-3.805525893422157413e+00
-8.010952391069764644e+00
-4.930264813463846707e+00
6.141365749987391709e+00
-1.103345832459258702e+01
2.024468856582189780e+00
5.710836745715288210e+00
-6.485818470089892429e+00
5.415317446662386125e+00
-9.840379072052282794e+00
-1.531321655428760309e+00
-7.550056564302501272e+00
3.969770781363877177e+00
-6.526122030691129616e+00
3.112869813997657609e+00
-6.848292673909099904e+00
4.016425478257199089e+00
-4.627417803001645957e+00
2.437661337032599906e+00
2.482442559490760647e-01
-3.730430703594316721e+00
5.558954066858294851e+00
-2.743797139892448778e-01
3.584669756208476166e-01
-1.318189396677195813e+00
-5.938073555678280435e+00
3.274076391373761830e+00
7.596997322440133260e+00
-6.541406171730709040e+00
3.174179246458541215e+00
-4.443374002977108717e+00
-3.005592002608523661e+00
-3.899620247196589506e+00
5.449691395291851315e+00
-3.559663321653751211e+00
-4.797778723943057599e+00
-2.244210708949815114e+00
6.408701684440170965e+00
9.439274960284972593e+00
3.960238399954532085e+00
-7.876718008412066041e+00
6.708338291209231308e+00
-4.647062799499162011e+00
-3.253103090544919862e+00
-9.008351867033754345e+00
-8.720646897535292652e+00
3.710522445654078183e+00
6.903254236170635494e+00
5.719958363081885544e+00
4.215542995570966234e+00
1.579287290088964824e+01
-2.365902834116941467e+00
-3.139437712585277485e+00
-5.820109434889760847e-01
1.119902799807617422e+00
-4.277971512699772383e+00
1.328987047480503669e+00
1.311508048673053928e+00
-1.291138378954853616e-01
-2.751248826189764962e+00
-7.074428715544089030e+00
-5.077617899173956673e+00
3.493060009523035969e+00
5.726788931200309740e+00
-6.986452239071406112e+00
7.346049966345579385e+00
-2.368199563027502119e+00
5.779022513701131736e+00
-6.007037338858998154e+00
2.247618968961471175e+00
6.814350293938066017e+00
6.049455682042632176e+00
-8.839167147752893250e-01
-1.723687623362857746e+00
-3.039418466075970215e+00
-3.767753993307776383e+00
8.139125079760397341e+00
-2.746800510129960848e+00
8.472602650020483850e+00
-1.696166611706740657e+00
2.091718336628320074e+00
-4.700876798883032670e+00
1.579856251791848187e+00
2.712199347168405605e+00
6.030022986539782970e+00
4.941467039270081685e+00
-1.302461932064427064e+00
1.783009453209533746e+00
-5.817683474717622261e+00
2.998375610220318066e+00
-4.093645262532659146e+00
-6.066600460048061194e+00
-1.362492575374876433e-02
7.886337770053274632e+00
3.891557524489144271e+00
-4.188948191040793745e+00
2.369134412816205071e+00
1.670069241971868124e+00
8.053436648989476865e+00
-3.763399563390112057e+00
-5.619545459868767523e+00
6.582269146220381728e+00
-6.036771877213290338e+00
5.306701515802856761e+00
-2.068941051940304199e+00
1.676388121200202086e+00
4.685178697090530697e+00
1.934268720387244400e+00
-4.250970610202402966e+00
-6.309034787836687030e+00
-1.318521067913618783e+00
-7.533158930875737624e+00
-6.773235408833832238e+00
-3.273299389279672678e+00
-1.973503582893131991e+00
3.135333076240680139e+00
-9.227926095275633678e-01
2.038124264640693850e-01
-9.051602425177952327e+00
-5.058881538825916735e+00
-1.197331178082210457e+00
3.026282638085134646e+00
-2.989446245629684196e+00
-3.316377808462082299e+00
-6.693472665901611052e+00
-2.706491309726143601e+00
3.013523995183210236e+00
-2.057865138760197610e+00
4.949734277308031949e+00
9.714319048884675567e+00
-2.764119879503856847e+00
4.545188582268708366e+00
-5.222316275375881389e+00
9.141906486309818725e-01
-5.719860616782169060e+00
7.026070478736749614e+00
4.235104294294794514e+00
-2.913864932383627870e+00
2.540229379411614641e+00
-2.678877287503541815e+00
-6.585145442188220066e+00
-1.032944761716975357e+00
7.472149557270370224e+00
2.275855931671371568e+00
-1.497263595660866864e+00
4.235642131345154771e-01
-2.488753613503036366e+00
-6.187462764128369486e+00
-7.204971140516144068e+00
1.761527768460978027e+00
-4.840000394577939069e+00
4.403267568064637594e+00
-7.413095805009341177e+00
2.265081343118329649e+00
-4.085147647933479398e+00
-8.950528945104328782e-02
6.848411085775464535e+00
-1.787815926142332978e+00
3.914793632249645050e+00
-2.338697343458098654e+00
1.267732325528298176e+00
-1.734776449990515612e+00
3.426545384414764861e+00
-3.341000760468697095e+00
5.756025557875915410e+00
-8.627190245300983662e+00
-7.060227720486494718e+00
5.224082868299539051e+00
-1.032876978335362139e+01
-6.930225699772481818e+00
5.633800335203463128e+00
1.937807918960802400e+00
-2.167569102606963227e+00
3.991571112715452507e+00
-3.542017944995909384e-01
3.559358665798701526e+00
-4.756586523236741471e+00
-5.555454727858123221e+00
2.101399371088320756e+00
-4.617309039926216663e+00
3.215774245789535080e+00
6.276877939457036426e+00
-1.440000232618052323e+00
3.446202326502550317e+00
1.167526013313997524e+00
-5.918379135292811455e+00
-5.471726377837628164e+00
-3.553079977842812820e+00
2.888434875504002353e+00
-1.993522722932968172e+00
-1.424836785760107971e-01
-1.514221453630533842e+00
7.553157279888627063e-01
-4.519626981502150365e+00
-9.342521792574956407e+00
-4.759690096418186300e+00
3.037413171961309999e+00
-5.692495857113992308e+00
9.210403614546960327e+00
-1.732071106675946215e+00
5.471528879376938992e-01
1.634409402555969892e+00
-4.532464578783129028e+00
-5.255365669022915576e+00
4.221985486252122222e+00
5.422050469230910608e+00
2.354025149002558770e+00
1.172695645920473151e+00
-3.962414539273755310e+00
4.302719985310490713e+00
-5.315854868132094957e+00
-9.414265394401044595e-01
-9.612016928638384528e+00
2.981632025036991429e+00
-4.148316984965887855e+00
-6.158586447373741279e+00
9.711714350250121086e+00
-1.191264942233437907e+01
5.813100805652811509e+00
